####################################################################################################
# Month: 11Nov                                                                                     #
# Station: YAN                                                                                     #
# Columns are: year    month   day     segment         windspeed (m/s)                             #
####################################################################################################
year,month,day,segment,windspeed
2009,11,1,0,2.117452
2009,11,1,1,2.012179
2009,11,1,2,2.773964
2009,11,1,3,4.465259
2009,11,1,4,6.944678
2009,11,1,5,5.806567
2009,11,1,6,4.214694
2009,11,1,7,4.502281
2009,11,2,0,5.423031
2009,11,2,1,6.45285
2009,11,2,2,6.556544
2009,11,2,3,6.041913
2009,11,2,4,6.923405
2009,11,2,5,6.515025
2009,11,2,6,3.846784
2009,11,2,7,3.273303
2009,11,3,0,6.955462
2009,11,3,1,7.073961
2009,11,3,2,7.750266
2009,11,3,3,9.037195
2009,11,3,4,9.527877
2009,11,3,5,7.181708
2009,11,3,6,4.119312
2009,11,3,7,5.286741
2009,11,4,0,6.602895
2009,11,4,1,6.464081
2009,11,4,2,4.693096
2009,11,4,3,4.422231
2009,11,4,4,4.122863
2009,11,4,5,1.576721
2009,11,4,6,2.179945
2009,11,4,7,4.424681
2009,11,5,0,4.408175
2009,11,5,1,2.737552
2009,11,5,2,3.307683
2009,11,5,3,4.061045
2009,11,5,4,3.834096
2009,11,5,5,2.444783
2009,11,5,6,2.131213
2009,11,5,7,3.750027
2009,11,6,0,4.085031
2009,11,6,1,3.86449
2009,11,6,2,4.638375
2009,11,6,3,4.717679
2009,11,6,4,4.480125
2009,11,6,5,3.749957
2009,11,6,6,3.300693
2009,11,6,7,3.627793
2009,11,7,0,2.799641
2009,11,7,1,3.211061
2009,11,7,2,1.847982
2009,11,7,3,2.312924
2009,11,7,4,2.571806
2009,11,7,5,3.261004
2009,11,7,6,1.660771
2009,11,7,7,1.589793
2009,11,8,0,2.932296
2009,11,8,1,1.893845
2009,11,8,2,1.571317
2009,11,8,3,2.422507
2009,11,8,4,1.331857
2009,11,8,5,1.205176
2009,11,8,6,0.609999
2009,11,8,7,2.288679
2009,11,9,0,2.276899
2009,11,9,1,1.799858
2009,11,9,2,4.13524
2009,11,9,3,4.005764
2009,11,9,4,3.823225
2009,11,9,5,3.701747
2009,11,9,6,1.676066
2009,11,9,7,2.451655
2009,11,10,0,2.591447
2009,11,10,1,2.966346
2009,11,10,2,1.053454
2009,11,10,3,4.805875
2009,11,10,4,7.526621
2009,11,10,5,7.386622
2009,11,10,6,8.079553
2009,11,10,7,6.621923
2009,11,11,0,6.343946
2009,11,11,1,5.40419
2009,11,11,2,5.047281
2009,11,11,3,5.571181
2009,11,11,4,6.24749
2009,11,11,5,6.313074
2009,11,11,6,3.559129
2009,11,11,7,0.713668
2009,11,12,0,1.342818
2009,11,12,1,2.47288
2009,11,12,2,2.312694
2009,11,12,3,2.410297
2009,11,12,4,1.350344
2009,11,12,5,0.533353
2009,11,12,6,2.097033
2009,11,12,7,5.978739
2009,11,13,0,5.65961
2009,11,13,1,3.917892
2009,11,13,2,3.668369
2009,11,13,3,2.821156
2009,11,13,4,1.925911
2009,11,13,5,2.872121
2009,11,13,6,3.019737
2009,11,13,7,2.975525
2009,11,14,0,5.072892
2009,11,14,1,4.67759
2009,11,14,2,3.376936
2009,11,14,3,2.621531
2009,11,14,4,3.371768
2009,11,14,5,5.196325
2009,11,14,6,4.865565
2009,11,14,7,2.532428
2009,11,15,0,0.681588
2009,11,15,1,1.56256
2009,11,15,2,2.811356
2009,11,15,3,4.221848
2009,11,15,4,4.411785
2009,11,15,5,5.062484
2009,11,15,6,3.769379
2009,11,15,7,3.0596
2009,11,16,0,5.624555
2009,11,16,1,9.114155
2009,11,16,2,8.129981
2009,11,16,3,6.200872
2009,11,16,4,5.425951
2009,11,16,5,4.994962
2009,11,16,6,0.561953
2009,11,16,7,3.48714
2009,11,17,0,5.45173
2009,11,17,1,5.539637
2009,11,17,2,2.530288
2009,11,17,3,1.626015
2009,11,17,4,2.964142
2009,11,17,5,5.944152
2009,11,17,6,3.03794
2009,11,17,7,0.689378
2009,11,18,0,1.979209
2009,11,18,1,4.241323
2009,11,18,2,4.951213
2009,11,18,3,4.771637
2009,11,18,4,5.633916
2009,11,18,5,6.500323
2009,11,18,6,3.891681
2009,11,18,7,1.541909
2009,11,19,0,3.354984
2009,11,19,1,4.776702
2009,11,19,2,4.217777
2009,11,19,3,3.125065
2009,11,19,4,5.307952
2009,11,19,5,8.158253
2009,11,19,6,7.624514
2009,11,19,7,5.018852
2009,11,20,0,3.547703
2009,11,20,1,3.391952
2009,11,20,2,4.234805
2009,11,20,3,3.46005
2009,11,20,4,2.574267
2009,11,20,5,3.208762
2009,11,20,6,3.452131
2009,11,20,7,1.425157
2009,11,21,0,0.02343
2009,11,21,1,2.397027
2009,11,21,2,2.71279
2009,11,21,3,2.068781
2009,11,21,4,4.727374
2009,11,21,5,5.661549
2009,11,21,6,3.418453
2009,11,21,7,3.033408
2009,11,22,0,6.69493
2009,11,22,1,7.420486
2009,11,22,2,5.053433
2009,11,22,3,2.802158
2009,11,22,4,2.452306
2009,11,22,5,4.97078
2009,11,22,6,5.444952
2009,11,22,7,2.910779
2009,11,23,0,3.581018
2009,11,23,1,4.400076
2009,11,23,2,1.345276
2009,11,23,3,1.123696
2009,11,23,4,5.780224
2009,11,23,5,9.828866
2009,11,23,6,7.330623
2009,11,23,7,4.288164
2009,11,24,0,3.712302
2009,11,24,1,5.490972
2009,11,24,2,4.130614
2009,11,24,3,2.574558
2009,11,24,4,3.857273
2009,11,24,5,5.043574
2009,11,24,6,2.83791
2009,11,24,7,0.518563
2009,11,25,0,2.854965
2009,11,25,1,3.748148
2009,11,25,2,4.041271
2009,11,25,3,3.96265
2009,11,25,4,4.464281
2009,11,25,5,6.942378
2009,11,25,6,4.485925
2009,11,25,7,3.049453
2009,11,26,0,2.22358
2009,11,26,1,1.633507
2009,11,26,2,1.922817
2009,11,26,3,3.21606
2009,11,26,4,7.193239
2009,11,26,5,8.150647
2009,11,26,6,4.183172
2009,11,26,7,2.510702
2009,11,27,0,2.963933
2009,11,27,1,3.044761
2009,11,27,2,3.108538
2009,11,27,3,1.754823
2009,11,27,4,2.171178
2009,11,27,5,5.920617
2009,11,27,6,4.871279
2009,11,27,7,3.930895
2009,11,28,0,3.643743
2009,11,28,1,0.899895
2009,11,28,2,0.256581
2009,11,28,3,1.853139
2009,11,28,4,3.234181
2009,11,28,5,3.611563
2009,11,28,6,2.632059
2009,11,28,7,1.338758
2009,11,29,0,0.859056
2009,11,29,1,1.298859
2009,11,29,2,2.668438
2009,11,29,3,1.991872
2009,11,29,4,1.300793
2009,11,29,5,0.177441
2009,11,29,6,1.543446
2009,11,29,7,4.001954
2009,11,30,0,5.079656
2009,11,30,1,4.102031
2009,11,30,2,4.167488
2009,11,30,3,6.388537
2009,11,30,4,8.389476
2009,11,30,5,7.23633
2009,11,30,6,3.787461
2009,11,30,7,1.667601
2010,11,1,0,3.937074
2010,11,1,1,3.228099
2010,11,1,2,2.869108
2010,11,1,3,4.426819
2010,11,1,4,5.410657
2010,11,1,5,3.609128
2010,11,1,6,2.045651
2010,11,1,7,1.139645
2010,11,2,0,5.293817
2010,11,2,1,4.577411
2010,11,2,2,3.563856
2010,11,2,3,2.923534
2010,11,2,4,3.393228
2010,11,2,5,4.098991
2010,11,2,6,2.245562
2010,11,2,7,2.283297
2010,11,3,0,3.005436
2010,11,3,1,0.635692
2010,11,3,2,1.39162
2010,11,3,3,2.021453
2010,11,3,4,1.439678
2010,11,3,5,1.308532
2010,11,3,6,1.254778
2010,11,3,7,2.611767
2010,11,4,0,2.01711
2010,11,4,1,1.860456
2010,11,4,2,3.661204
2010,11,4,3,4.189841
2010,11,4,4,5.332312
2010,11,4,5,4.834638
2010,11,4,6,4.670074
2010,11,4,7,7.974138
2010,11,5,0,7.831697
2010,11,5,1,8.671794
2010,11,5,2,6.690309
2010,11,5,3,5.680066
2010,11,5,4,5.492228
2010,11,5,5,7.102243
2010,11,5,6,6.786979
2010,11,5,7,4.293654
2010,11,6,0,4.57534
2010,11,6,1,5.948272
2010,11,6,2,3.883693
2010,11,6,3,3.013076
2010,11,6,4,4.114808
2010,11,6,5,4.242274
2010,11,6,6,2.519866
2010,11,6,7,3.776015
2010,11,7,0,6.956709
2010,11,7,1,6.449586
2010,11,7,2,4.807189
2010,11,7,3,5.385081
2010,11,7,4,6.620671
2010,11,7,5,5.603221
2010,11,7,6,2.987744
2010,11,7,7,1.862772
2010,11,8,0,2.771968
2010,11,8,1,2.519938
2010,11,8,2,0.729073
2010,11,8,3,0.853719
2010,11,8,4,0.575336
2010,11,8,5,0.902284
2010,11,8,6,1.128864
2010,11,8,7,2.270829
2010,11,9,0,3.721934
2010,11,9,1,4.812474
2010,11,9,2,4.813501
2010,11,9,3,4.279623
2010,11,9,4,4.363638
2010,11,9,5,4.398374
2010,11,9,6,2.56692
2010,11,9,7,1.567038
2010,11,10,0,4.055481
2010,11,10,1,6.55862
2010,11,10,2,6.073955
2010,11,10,3,5.187657
2010,11,10,4,10.165692
2010,11,10,5,8.634616
2010,11,10,6,5.12066
2010,11,10,7,1.282298
2010,11,11,0,0.915979
2010,11,11,1,3.068818
2010,11,11,2,3.469312
2010,11,11,3,4.461121
2010,11,11,4,4.699548
2010,11,11,5,4.305808
2010,11,11,6,3.29575
2010,11,11,7,1.175865
2010,11,12,0,1.967888
2010,11,12,1,3.658105
2010,11,12,2,3.015258
2010,11,12,3,3.714504
2010,11,12,4,4.931708
2010,11,12,5,6.232981
2010,11,12,6,5.340817
2010,11,12,7,3.194942
2010,11,13,0,4.807418
2010,11,13,1,5.860125
2010,11,13,2,5.909879
2010,11,13,3,5.209338
2010,11,13,4,5.148552
2010,11,13,5,5.395672
2010,11,13,6,5.476966
2010,11,13,7,2.70409
2010,11,14,0,3.577116
2010,11,14,1,3.943276
2010,11,14,2,3.71542
2010,11,14,3,4.371947
2010,11,14,4,5.553669
2010,11,14,5,7.014354
2010,11,14,6,6.874732
2010,11,14,7,4.151346
2010,11,15,0,2.323868
2010,11,15,1,1.617622
2010,11,15,2,1.874295
2010,11,15,3,2.562641
2010,11,15,4,3.207753
2010,11,15,5,4.418419
2010,11,15,6,2.343204
2010,11,15,7,1.905528
2010,11,16,0,5.754105
2010,11,16,1,7.339018
2010,11,16,2,6.556518
2010,11,16,3,8.736273
2010,11,16,4,8.851311
2010,11,16,5,7.071993
2010,11,16,6,4.851872
2010,11,16,7,5.066995
2010,11,17,0,5.375571
2010,11,17,1,4.79347
2010,11,17,2,3.274703
2010,11,17,3,4.001851
2010,11,17,4,4.203264
2010,11,17,5,4.255467
2010,11,17,6,2.742937
2010,11,17,7,2.900364
2010,11,18,0,5.380067
2010,11,18,1,5.689521
2010,11,18,2,5.844362
2010,11,18,3,4.692215
2010,11,18,4,3.228788
2010,11,18,5,1.829842
2010,11,18,6,1.425053
2010,11,18,7,5.014747
2010,11,19,0,5.667989
2010,11,19,1,5.752832
2010,11,19,2,4.092336
2010,11,19,3,3.846491
2010,11,19,4,2.072647
2010,11,19,5,0.92283
2010,11,19,6,0.663156
2010,11,19,7,1.00131
2010,11,20,0,1.07347
2010,11,20,1,3.128241
2010,11,20,2,4.169757
2010,11,20,3,4.541781
2010,11,20,4,5.407782
2010,11,20,5,5.863593
2010,11,20,6,3.952316
2010,11,20,7,1.171423
2010,11,21,0,2.455319
2010,11,21,1,2.591667
2010,11,21,2,2.676491
2010,11,21,3,2.778466
2010,11,21,4,3.487467
2010,11,21,5,4.066936
2010,11,21,6,2.336324
2010,11,21,7,4.08413
2010,11,22,0,6.957325
2010,11,22,1,5.119338
2010,11,22,2,3.484722
2010,11,22,3,1.803967
2010,11,22,4,3.121949
2010,11,22,5,5.143504
2010,11,22,6,4.11664
2010,11,22,7,1.347679
2010,11,23,0,2.445865
2010,11,23,1,3.457753
2010,11,23,2,2.304162
2010,11,23,3,1.589428
2010,11,23,4,1.495374
2010,11,23,5,2.502738
2010,11,23,6,1.365086
2010,11,23,7,3.225488
2010,11,24,0,6.145475
2010,11,24,1,8.002241
2010,11,24,2,6.777656
2010,11,24,3,6.500975
2010,11,24,4,5.347001
2010,11,24,5,6.027903
2010,11,24,6,3.603037
2010,11,24,7,0.35794
2010,11,25,0,3.078837
2010,11,25,1,3.717175
2010,11,25,2,3.975532
2010,11,25,3,4.337233
2010,11,25,4,7.01765
2010,11,25,5,5.74875
2010,11,25,6,3.361624
2010,11,25,7,2.404659
2010,11,26,0,6.483899
2010,11,26,1,7.250796
2010,11,26,2,7.680447
2010,11,26,3,9.867315
2010,11,26,4,11.394407
2010,11,26,5,10.763697
2010,11,26,6,7.404998
2010,11,26,7,5.049973
2010,11,27,0,5.913361
2010,11,27,1,7.503592
2010,11,27,2,6.28957
2010,11,27,3,4.371834
2010,11,27,4,3.342476
2010,11,27,5,4.192366
2010,11,27,6,3.274014
2010,11,27,7,1.343318
2010,11,28,0,3.995331
2010,11,28,1,5.47331
2010,11,28,2,5.14455
2010,11,28,3,4.257612
2010,11,28,4,5.624685
2010,11,28,5,5.76837
2010,11,28,6,4.353425
2010,11,28,7,3.034609
2010,11,29,0,4.720311
2010,11,29,1,5.219033
2010,11,29,2,5.461226
2010,11,29,3,6.201801
2010,11,29,4,4.570033
2010,11,29,5,5.878832
2010,11,29,6,5.264171
2010,11,29,7,1.785753
2010,11,30,0,3.373979
2010,11,30,1,3.266093
2010,11,30,2,4.512091
2010,11,30,3,6.238574
2010,11,30,4,7.671845
2010,11,30,5,6.736479
2010,11,30,6,4.610542
2010,11,30,7,4.296184
2011,11,1,0,5.060755
2011,11,1,1,3.663579
2011,11,1,2,2.402933
2011,11,1,3,2.194371
2011,11,1,4,2.394524
2011,11,1,5,2.853251
2011,11,1,6,2.94773
2011,11,1,7,2.268472
2011,11,2,0,3.740568
2011,11,2,1,3.226602
2011,11,2,2,2.21769
2011,11,2,3,2.791363
2011,11,2,4,4.00466
2011,11,2,5,4.932283
2011,11,2,6,4.344482
2011,11,2,7,2.387317
2011,11,3,0,1.913646
2011,11,3,1,2.488983
2011,11,3,2,2.576365
2011,11,3,3,1.847678
2011,11,3,4,3.181
2011,11,3,5,4.909182
2011,11,3,6,4.32849
2011,11,3,7,2.03831
2011,11,4,0,4.12817
2011,11,4,1,4.152415
2011,11,4,2,2.212187
2011,11,4,3,1.668507
2011,11,4,4,2.377316
2011,11,4,5,4.458412
2011,11,4,6,3.738689
2011,11,4,7,3.99812
2011,11,5,0,4.669438
2011,11,5,1,3.047634
2011,11,5,2,0.494745
2011,11,5,3,1.792806
2011,11,5,4,1.300047
2011,11,5,5,3.951863
2011,11,5,6,2.331183
2011,11,5,7,3.555051
2011,11,6,0,5.562533
2011,11,6,1,6.258652
2011,11,6,2,4.402339
2011,11,6,3,4.922069
2011,11,6,4,5.579797
2011,11,6,5,4.83625
2011,11,6,6,2.842698
2011,11,6,7,2.984916
2011,11,7,0,5.494666
2011,11,7,1,5.036339
2011,11,7,2,4.629202
2011,11,7,3,3.102361
2011,11,7,4,5.662
2011,11,7,5,5.684376
2011,11,7,6,5.519978
2011,11,7,7,3.006003
2011,11,8,0,3.411349
2011,11,8,1,3.268542
2011,11,8,2,1.914699
2011,11,8,3,1.304152
2011,11,8,4,4.785362
2011,11,8,5,8.853955
2011,11,8,6,6.948399
2011,11,8,7,4.008255
2011,11,9,0,2.43039
2011,11,9,1,2.195954
2011,11,9,2,1.631428
2011,11,9,3,4.092186
2011,11,9,4,4.566162
2011,11,9,5,3.450906
2011,11,9,6,3.377761
2011,11,9,7,2.435011
2011,11,10,0,2.588073
2011,11,10,1,1.900736
2011,11,10,2,3.755634
2011,11,10,3,7.103548
2011,11,10,4,4.216719
2011,11,10,5,1.933916
2011,11,10,6,2.801699
2011,11,10,7,2.171979
2011,11,11,0,4.061537
2011,11,11,1,3.314988
2011,11,11,2,2.925187
2011,11,11,3,3.810761
2011,11,11,4,2.834992
2011,11,11,5,2.473489
2011,11,11,6,0.815258
2011,11,11,7,0.427135
2011,11,12,0,1.123434
2011,11,12,1,1.516889
2011,11,12,2,1.487722
2011,11,12,3,2.751223
2011,11,12,4,3.480334
2011,11,12,5,5.231874
2011,11,12,6,5.407209
2011,11,12,7,4.42988
2011,11,13,0,2.427061
2011,11,13,1,2.633943
2011,11,13,2,2.010661
2011,11,13,3,1.194509
2011,11,13,4,1.096877
2011,11,13,5,2.719082
2011,11,13,6,2.76632
2011,11,13,7,1.713208
2011,11,14,0,2.84705
2011,11,14,1,4.740491
2011,11,14,2,7.422464
2011,11,14,3,9.4053
2011,11,14,4,8.339962
2011,11,14,5,7.82846
2011,11,14,6,5.644768
2011,11,14,7,4.080633
2011,11,15,0,5.471925
2011,11,15,1,5.233044
2011,11,15,2,5.530258
2011,11,15,3,5.614297
2011,11,15,4,5.784576
2011,11,15,5,7.068344
2011,11,15,6,5.753099
2011,11,15,7,4.017214
2011,11,16,0,4.933973
2011,11,16,1,4.271038
2011,11,16,2,1.692821
2011,11,16,3,0.703569
2011,11,16,4,1.585628
2011,11,16,5,3.56791
2011,11,16,6,2.273849
2011,11,16,7,2.13555
2011,11,17,0,5.407978
2011,11,17,1,8.060464
2011,11,17,2,7.347473
2011,11,17,3,5.426966
2011,11,17,4,6.862805
2011,11,17,5,6.530544
2011,11,17,6,4.897944
2011,11,17,7,2.307174
2011,11,18,0,3.902141
2011,11,18,1,5.490659
2011,11,18,2,5.414799
2011,11,18,3,5.340825
2011,11,18,4,6.544665
2011,11,18,5,7.241447
2011,11,18,6,3.939431
2011,11,18,7,2.793953
2011,11,19,0,3.861314
2011,11,19,1,4.766878
2011,11,19,2,5.767761
2011,11,19,3,3.837476
2011,11,19,4,4.031999
2011,11,19,5,5.422402
2011,11,19,6,3.464608
2011,11,19,7,0.808387
2011,11,20,0,2.590113
2011,11,20,1,2.914091
2011,11,20,2,3.422631
2011,11,20,3,2.971651
2011,11,20,4,3.353407
2011,11,20,5,3.589612
2011,11,20,6,0.935972
2011,11,20,7,2.605911
2011,11,21,0,4.062022
2011,11,21,1,2.963557
2011,11,21,2,3.116089
2011,11,21,3,2.337811
2011,11,21,4,2.852403
2011,11,21,5,3.694605
2011,11,21,6,2.529531
2011,11,21,7,0.4409
2011,11,22,0,3.788742
2011,11,22,1,5.569097
2011,11,22,2,5.384989
2011,11,22,3,4.617896
2011,11,22,4,5.838888
2011,11,22,5,5.814943
2011,11,22,6,3.439923
2011,11,22,7,2.503829
2011,11,23,0,2.672189
2011,11,23,1,4.601013
2011,11,23,2,4.390744
2011,11,23,3,2.557904
2011,11,23,4,4.974188
2011,11,23,5,4.921364
2011,11,23,6,4.089095
2011,11,23,7,3.834862
2011,11,24,0,5.281434
2011,11,24,1,5.313459
2011,11,24,2,5.06414
2011,11,24,3,4.690651
2011,11,24,4,3.820782
2011,11,24,5,4.470588
2011,11,24,6,4.106311
2011,11,24,7,2.552894
2011,11,25,0,2.058001
2011,11,25,1,1.079816
2011,11,25,2,2.428764
2011,11,25,3,3.420324
2011,11,25,4,3.364375
2011,11,25,5,2.866845
2011,11,25,6,2.728257
2011,11,25,7,3.144229
2011,11,26,0,3.809846
2011,11,26,1,3.228731
2011,11,26,2,2.434708
2011,11,26,3,2.999737
2011,11,26,4,3.725847
2011,11,26,5,5.372837
2011,11,26,6,5.122592
2011,11,26,7,2.475047
2011,11,27,0,3.198126
2011,11,27,1,2.567384
2011,11,27,2,1.870678
2011,11,27,3,3.965565
2011,11,27,4,4.186392
2011,11,27,5,6.911963
2011,11,27,6,4.72125
2011,11,27,7,0.957916
2011,11,28,0,1.253776
2011,11,28,1,3.554669
2011,11,28,2,5.12079
2011,11,28,3,6.942602
2011,11,28,4,8.324045
2011,11,28,5,7.915526
2011,11,28,6,7.901154
2011,11,28,7,6.956956
2011,11,29,0,5.829495
2011,11,29,1,6.733011
2011,11,29,2,6.576051
2011,11,29,3,7.332905
2011,11,29,4,6.849667
2011,11,29,5,8.171296
2011,11,29,6,8.132323
2011,11,29,7,5.531981
2011,11,30,0,2.914857
2011,11,30,1,4.09087
2011,11,30,2,4.59477
2011,11,30,3,4.810409
2011,11,30,4,5.449456
2011,11,30,5,5.826379
2011,11,30,6,6.613064
2011,11,30,7,3.395534
2012,11,1,0,1.754684
2012,11,1,1,0.445295
2012,11,1,2,0.650207
2012,11,1,3,1.455526
2012,11,1,4,2.119561
2012,11,1,5,1.314701
2012,11,1,6,1.566651
2012,11,1,7,5.415514
2012,11,2,0,7.794075
2012,11,2,1,6.13199
2012,11,2,2,4.610074
2012,11,2,3,3.330193
2012,11,2,4,2.017407
2012,11,2,5,0.856558
2012,11,2,6,1.100223
2012,11,2,7,2.774567
2012,11,3,0,4.383536
2012,11,3,1,5.634382
2012,11,3,2,4.087261
2012,11,3,3,3.422257
2012,11,3,4,4.08181
2012,11,3,5,3.275003
2012,11,3,6,2.297446
2012,11,3,7,1.903978
2012,11,4,0,4.612898
2012,11,4,1,5.113275
2012,11,4,2,4.735965
2012,11,4,3,4.16024
2012,11,4,4,4.487585
2012,11,4,5,4.828551
2012,11,4,6,3.552397
2012,11,4,7,1.57692
2012,11,5,0,2.490733
2012,11,5,1,2.86191
2012,11,5,2,1.552909
2012,11,5,3,1.571343
2012,11,5,4,2.062343
2012,11,5,5,2.471311
2012,11,5,6,1.53234
2012,11,5,7,1.997277
2012,11,6,0,4.937964
2012,11,6,1,4.855518
2012,11,6,2,3.679618
2012,11,6,3,3.084623
2012,11,6,4,2.990862
2012,11,6,5,3.528012
2012,11,6,6,2.055129
2012,11,6,7,1.642849
2012,11,7,0,3.421659
2012,11,7,1,2.623707
2012,11,7,2,2.361302
2012,11,7,3,4.401486
2012,11,7,4,4.165852
2012,11,7,5,4.188514
2012,11,7,6,2.271911
2012,11,7,7,2.57105
2012,11,8,0,3.995804
2012,11,8,1,3.077531
2012,11,8,2,2.248694
2012,11,8,3,2.699661
2012,11,8,4,3.458026
2012,11,8,5,4.049308
2012,11,8,6,1.742014
2012,11,8,7,2.737874
2012,11,9,0,3.883575
2012,11,9,1,2.567659
2012,11,9,2,1.376511
2012,11,9,3,1.501779
2012,11,9,4,1.154976
2012,11,9,5,0.750197
2012,11,9,6,1.4787
2012,11,9,7,1.173408
2012,11,10,0,0.150921
2012,11,10,1,2.239112
2012,11,10,2,1.925691
2012,11,10,3,2.62703
2012,11,10,4,2.931614
2012,11,10,5,3.093065
2012,11,10,6,0.555879
2012,11,10,7,0.457706
2012,11,11,0,3.038148
2012,11,11,1,5.913278
2012,11,11,2,6.323299
2012,11,11,3,4.327617
2012,11,11,4,6.128519
2012,11,11,5,7.531317
2012,11,11,6,8.550726
2012,11,11,7,9.303651
2012,11,12,0,9.085634
2012,11,12,1,8.672227
2012,11,12,2,7.76856
2012,11,12,3,7.380665
2012,11,12,4,5.247023
2012,11,12,5,7.593271
2012,11,12,6,8.670805
2012,11,12,7,7.907233
2012,11,13,0,5.732067
2012,11,13,1,5.322748
2012,11,13,2,5.144837
2012,11,13,3,3.674954
2012,11,13,4,3.112863
2012,11,13,5,5.008777
2012,11,13,6,3.944762
2012,11,13,7,1.052906
2012,11,14,0,1.293456
2012,11,14,1,2.156744
2012,11,14,2,3.986679
2012,11,14,3,3.400124
2012,11,14,4,2.104475
2012,11,14,5,4.936648
2012,11,14,6,5.868471
2012,11,14,7,5.34815
2012,11,15,0,4.73768
2012,11,15,1,4.47636
2012,11,15,2,4.702368
2012,11,15,3,4.659707
2012,11,15,4,5.005515
2012,11,15,5,5.247115
2012,11,15,6,4.110484
2012,11,15,7,5.117105
2012,11,16,0,7.120219
2012,11,16,1,6.300492
2012,11,16,2,3.673747
2012,11,16,3,3.27176
2012,11,16,4,3.405872
2012,11,16,5,4.540566
2012,11,16,6,3.893873
2012,11,16,7,3.420653
2012,11,17,0,3.858526
2012,11,17,1,5.282085
2012,11,17,2,4.279919
2012,11,17,3,4.28718
2012,11,17,4,5.076067
2012,11,17,5,4.045704
2012,11,17,6,2.739726
2012,11,17,7,2.679961
2012,11,18,0,4.449293
2012,11,18,1,3.67537
2012,11,18,2,2.168792
2012,11,18,3,2.276079
2012,11,18,4,2.416314
2012,11,18,5,2.374856
2012,11,18,6,2.105055
2012,11,18,7,3.80941
2012,11,19,0,7.01982
2012,11,19,1,6.00065
2012,11,19,2,4.834464
2012,11,19,3,3.961359
2012,11,19,4,4.557247
2012,11,19,5,4.477922
2012,11,19,6,3.218044
2012,11,19,7,1.391059
2012,11,20,0,2.199291
2012,11,20,1,2.56042
2012,11,20,2,2.474894
2012,11,20,3,2.623146
2012,11,20,4,3.260211
2012,11,20,5,5.380564
2012,11,20,6,4.972365
2012,11,20,7,0.261329
2012,11,21,0,1.228545
2012,11,21,1,0.632537
2012,11,21,2,1.518599
2012,11,21,3,2.432029
2012,11,21,4,3.116177
2012,11,21,5,1.640864
2012,11,21,6,1.440892
2012,11,21,7,2.513915
2012,11,22,0,4.478757
2012,11,22,1,5.087036
2012,11,22,2,2.18886
2012,11,22,3,1.363554
2012,11,22,4,1.404045
2012,11,22,5,2.247838
2012,11,22,6,2.181167
2012,11,22,7,0.679484
2012,11,23,0,1.936991
2012,11,23,1,1.852596
2012,11,23,2,2.568529
2012,11,23,3,1.658542
2012,11,23,4,1.070852
2012,11,23,5,2.578495
2012,11,23,6,1.239663
2012,11,23,7,2.974054
2012,11,24,0,4.923277
2012,11,24,1,3.245205
2012,11,24,2,2.844023
2012,11,24,3,2.785898
2012,11,24,4,3.87554
2012,11,24,5,4.031225
2012,11,24,6,2.337238
2012,11,24,7,2.223484
2012,11,25,0,2.988071
2012,11,25,1,4.515178
2012,11,25,2,4.837442
2012,11,25,3,3.776972
2012,11,25,4,3.574543
2012,11,25,5,4.901256
2012,11,25,6,3.259499
2012,11,25,7,2.167455
2012,11,26,0,5.306957
2012,11,26,1,5.071311
2012,11,26,2,3.839576
2012,11,26,3,3.359316
2012,11,26,4,5.722073
2012,11,26,5,7.031434
2012,11,26,6,5.76851
2012,11,26,7,4.69424
2012,11,27,0,5.727551
2012,11,27,1,6.938794
2012,11,27,2,5.173673
2012,11,27,3,4.023951
2012,11,27,4,3.988318
2012,11,27,5,5.159004
2012,11,27,6,5.140802
2012,11,27,7,2.258899
2012,11,28,0,1.683526
2012,11,28,1,1.86762
2012,11,28,2,1.632635
2012,11,28,3,1.80051
2012,11,28,4,3.254538
2012,11,28,5,4.446525
2012,11,28,6,2.896564
2012,11,28,7,2.258743
2012,11,29,0,4.212018
2012,11,29,1,3.370352
2012,11,29,2,4.525496
2012,11,29,3,4.497739
2012,11,29,4,4.205351
2012,11,29,5,1.250877
2012,11,29,6,2.54529
2012,11,29,7,5.327465
2012,11,30,0,7.441557
2012,11,30,1,8.540446
2012,11,30,2,7.857863
2012,11,30,3,7.345391
2012,11,30,4,8.014401
2012,11,30,5,7.771641
2012,11,30,6,4.334078
2012,11,30,7,4.993841
2013,11,1,0,6.302745
2013,11,1,1,5.168677
2013,11,1,2,4.063955
2013,11,1,3,3.915102
2013,11,1,4,4.12863
2013,11,1,5,3.218825
2013,11,1,6,2.860209
2013,11,1,7,3.737174
2013,11,2,0,3.707507
2013,11,2,1,2.879249
2013,11,2,2,4.222884
2013,11,2,3,3.949992
2013,11,2,4,4.429588
2013,11,2,5,1.856422
2013,11,2,6,0.695018
2013,11,2,7,3.245269
2013,11,3,0,5.136999
2013,11,3,1,4.022459
2013,11,3,2,5.440495
2013,11,3,3,6.467046
2013,11,3,4,8.040614
2013,11,3,5,7.871901
2013,11,3,6,4.228772
2013,11,3,7,0.867289
2013,11,4,0,2.065496
2013,11,4,1,5.836393
2013,11,4,2,7.081174
2013,11,4,3,6.15486
2013,11,4,4,5.807567
2013,11,4,5,5.765142
2013,11,4,6,3.47396
2013,11,4,7,1.72658
2013,11,5,0,2.499223
2013,11,5,1,2.618537
2013,11,5,2,2.710741
2013,11,5,3,2.326427
2013,11,5,4,4.605253
2013,11,5,5,6.897874
2013,11,5,6,3.377093
2013,11,5,7,1.093381
2013,11,6,0,3.50206
2013,11,6,1,2.291207
2013,11,6,2,0.568811
2013,11,6,3,1.568405
2013,11,6,4,3.126583
2013,11,6,5,4.263639
2013,11,6,6,4.507594
2013,11,6,7,3.294986
2013,11,7,0,5.362542
2013,11,7,1,4.397499
2013,11,7,2,1.447846
2013,11,7,3,1.640583
2013,11,7,4,3.572135
2013,11,7,5,4.915144
2013,11,7,6,4.54658
2013,11,7,7,2.263485
2013,11,8,0,1.607796
2013,11,8,1,1.633099
2013,11,8,2,2.563291
2013,11,8,3,2.696116
2013,11,8,4,3.613439
2013,11,8,5,4.1718
2013,11,8,6,4.415989
2013,11,8,7,3.606634
2013,11,9,0,3.258481
2013,11,9,1,3.644257
2013,11,9,2,3.468959
2013,11,9,3,1.930185
2013,11,9,4,1.809639
2013,11,9,5,2.362729
2013,11,9,6,3.493338
2013,11,9,7,2.577759
2013,11,10,0,3.188577
2013,11,10,1,4.86321
2013,11,10,2,2.216318
2013,11,10,3,1.014312
2013,11,10,4,1.044675
2013,11,10,5,1.574606
2013,11,10,6,2.656545
2013,11,10,7,5.159918
2013,11,11,0,9.078345
2013,11,11,1,7.578451
2013,11,11,2,4.625474
2013,11,11,3,3.051274
2013,11,11,4,2.848924
2013,11,11,5,4.107448
2013,11,11,6,2.484408
2013,11,11,7,1.988107
2013,11,12,0,3.834104
2013,11,12,1,2.8006
2013,11,12,2,1.785856
2013,11,12,3,2.490147
2013,11,12,4,2.688584
2013,11,12,5,3.267875
2013,11,12,6,1.753425
2013,11,12,7,1.875277
2013,11,13,0,3.067021
2013,11,13,1,1.466858
2013,11,13,2,0.956697
2013,11,13,3,1.999567
2013,11,13,4,1.903236
2013,11,13,5,3.652409
2013,11,13,6,3.560248
2013,11,13,7,3.5121
2013,11,14,0,4.482561
2013,11,14,1,3.901616
2013,11,14,2,2.98371
2013,11,14,3,2.630054
2013,11,14,4,3.955114
2013,11,14,5,6.180948
2013,11,14,6,6.198733
2013,11,14,7,3.529327
2013,11,15,0,2.473056
2013,11,15,1,2.914238
2013,11,15,2,3.439148
2013,11,15,3,3.244887
2013,11,15,4,3.030892
2013,11,15,5,4.551626
2013,11,15,6,4.935818
2013,11,15,7,3.97379
2013,11,16,0,4.038448
2013,11,16,1,4.101706
2013,11,16,2,1.422121
2013,11,16,3,0.374431
2013,11,16,4,2.208588
2013,11,16,5,3.788344
2013,11,16,6,2.915298
2013,11,16,7,1.654718
2013,11,17,0,1.422913
2013,11,17,1,1.846938
2013,11,17,2,2.110346
2013,11,17,3,3.863027
2013,11,17,4,5.477597
2013,11,17,5,6.778941
2013,11,17,6,5.558947
2013,11,17,7,4.053462
2013,11,18,0,4.470457
2013,11,18,1,4.1078
2013,11,18,2,3.575084
2013,11,18,3,3.190032
2013,11,18,4,2.626971
2013,11,18,5,2.536641
2013,11,18,6,0.290228
2013,11,18,7,2.571066
2013,11,19,0,3.274636
2013,11,19,1,2.501339
2013,11,19,2,2.201715
2013,11,19,3,3.903176
2013,11,19,4,5.369473
2013,11,19,5,3.523171
2013,11,19,6,2.322309
2013,11,19,7,3.842258
2013,11,20,0,4.583097
2013,11,20,1,2.143756
2013,11,20,2,0.700353
2013,11,20,3,1.52922
2013,11,20,4,3.336423
2013,11,20,5,4.091945
2013,11,20,6,2.64222
2013,11,20,7,2.113633
2013,11,21,0,3.414163
2013,11,21,1,4.433308
2013,11,21,2,4.60201
2013,11,21,3,4.268952
2013,11,21,4,5.161888
2013,11,21,5,5.075762
2013,11,21,6,1.498748
2013,11,21,7,2.157517
2013,11,22,0,4.567675
2013,11,22,1,5.057225
2013,11,22,2,5.100854
2013,11,22,3,5.368109
2013,11,22,4,5.430392
2013,11,22,5,5.68413
2013,11,22,6,2.272372
2013,11,22,7,3.106009
2013,11,23,0,7.681685
2013,11,23,1,7.050576
2013,11,23,2,6.746299
2013,11,23,3,5.379297
2013,11,23,4,4.080171
2013,11,23,5,2.018763
2013,11,23,6,0.384479
2013,11,23,7,1.799572
2013,11,24,0,2.508338
2013,11,24,1,2.180395
2013,11,24,2,1.382483
2013,11,24,3,0.944652
2013,11,24,4,2.819383
2013,11,24,5,4.890641
2013,11,24,6,4.155431
2013,11,24,7,1.349325
2013,11,25,0,1.027642
2013,11,25,1,1.265155
2013,11,25,2,2.034767
2013,11,25,3,2.667554
2013,11,25,4,4.447053
2013,11,25,5,6.63874
2013,11,25,6,6.209179
2013,11,25,7,2.463392
2013,11,26,0,1.541245
2013,11,26,1,1.20165
2013,11,26,2,1.295206
2013,11,26,3,2.228886
2013,11,26,4,5.074385
2013,11,26,5,6.781082
2013,11,26,6,5.216744
2013,11,26,7,1.917962
2013,11,27,0,1.711925
2013,11,27,1,1.896618
2013,11,27,2,1.155586
2013,11,27,3,2.381936
2013,11,27,4,2.506334
2013,11,27,5,3.321745
2013,11,27,6,1.129723
2013,11,27,7,2.362126
2013,11,28,0,4.269946
2013,11,28,1,3.80581
2013,11,28,2,4.394533
2013,11,28,3,4.997675
2013,11,28,4,4.470732
2013,11,28,5,4.101398
2013,11,28,6,1.919014
2013,11,28,7,2.233777
2013,11,29,0,4.603118
2013,11,29,1,5.345468
2013,11,29,2,6.312606
2013,11,29,3,6.527886
2013,11,29,4,6.367905
2013,11,29,5,5.821347
2013,11,29,6,4.424485
2013,11,29,7,3.24634
2013,11,30,0,4.32151
2013,11,30,1,4.597322
2013,11,30,2,3.502402
2013,11,30,3,1.268654
2013,11,30,4,2.06633
2013,11,30,5,6.598743
2013,11,30,6,5.44327
2013,11,30,7,2.17684
2014,11,1,0,3.21318
2014,11,1,1,4.699655
2014,11,1,2,4.180099
2014,11,1,3,3.765127
2014,11,1,4,2.293235
2014,11,1,5,3.282788
2014,11,1,6,2.465515
2014,11,1,7,1.34976
2014,11,2,0,2.936541
2014,11,2,1,2.185707
2014,11,2,2,1.507277
2014,11,2,3,0.950268
2014,11,2,4,2.834271
2014,11,2,5,3.160183
2014,11,2,6,2.528792
2014,11,2,7,7.506593
2014,11,3,0,9.408758
2014,11,3,1,8.4236
2014,11,3,2,6.001058
2014,11,3,3,4.335072
2014,11,3,4,4.290815
2014,11,3,5,4.250792
2014,11,3,6,4.12304
2014,11,3,7,5.65851
2014,11,4,0,6.928903
2014,11,4,1,6.000279
2014,11,4,2,4.171968
2014,11,4,3,3.750926
2014,11,4,4,4.6528
2014,11,4,5,6.489507
2014,11,4,6,6.958638
2014,11,4,7,4.797921
2014,11,5,0,3.878478
2014,11,5,1,2.872837
2014,11,5,2,3.212596
2014,11,5,3,4.672792
2014,11,5,4,7.743187
2014,11,5,5,7.740266
2014,11,5,6,4.087521
2014,11,5,7,1.888451
2014,11,6,0,1.277491
2014,11,6,1,3.235388
2014,11,6,2,3.765733
2014,11,6,3,2.860642
2014,11,6,4,3.848866
2014,11,6,5,8.105042
2014,11,6,6,8.640431
2014,11,6,7,7.971535
2014,11,7,0,5.661979
2014,11,7,1,6.139548
2014,11,7,2,8.296283
2014,11,7,3,7.439079
2014,11,7,4,8.21298
2014,11,7,5,10.054576
2014,11,7,6,9.970577
2014,11,7,7,8.909811
2014,11,8,0,8.029425
2014,11,8,1,7.502791
2014,11,8,2,5.695634
2014,11,8,3,5.980051
2014,11,8,4,9.457571
2014,11,8,5,10.359661
2014,11,8,6,10.195026
2014,11,8,7,10.529912
2014,11,9,0,10.296242
2014,11,9,1,10.700651
2014,11,9,2,9.593156
2014,11,9,3,8.580842
2014,11,9,4,9.056656
2014,11,9,5,8.137473
2014,11,9,6,6.209213
2014,11,9,7,4.516843
2014,11,10,0,3.58432
2014,11,10,1,3.151894
2014,11,10,2,3.021141
2014,11,10,3,3.506524
2014,11,10,4,4.907093
2014,11,10,5,4.66275
2014,11,10,6,3.505684
2014,11,10,7,2.899345
2014,11,11,0,6.869763
2014,11,11,1,7.305259
2014,11,11,2,7.658856
2014,11,11,3,8.305919
2014,11,11,4,10.058751
2014,11,11,5,8.766188
2014,11,11,6,5.675857
2014,11,11,7,4.753485
2014,11,12,0,6.590643
2014,11,12,1,7.857059
2014,11,12,2,8.417778
2014,11,12,3,9.270116
2014,11,12,4,8.615656
2014,11,12,5,7.271583
2014,11,12,6,4.349035
2014,11,12,7,3.864763
2014,11,13,0,5.747024
2014,11,13,1,5.086022
2014,11,13,2,3.807841
2014,11,13,3,4.243247
2014,11,13,4,4.51093
2014,11,13,5,3.474562
2014,11,13,6,3.210864
2014,11,13,7,4.15973
2014,11,14,0,5.183371
2014,11,14,1,4.288322
2014,11,14,2,3.116774
2014,11,14,3,4.387878
2014,11,14,4,5.264923
2014,11,14,5,5.073108
2014,11,14,6,4.298703
2014,11,14,7,3.325825
2014,11,15,0,3.897885
2014,11,15,1,4.240605
2014,11,15,2,3.474986
2014,11,15,3,2.828168
2014,11,15,4,4.076195
2014,11,15,5,6.428628
2014,11,15,6,5.697172
2014,11,15,7,3.037919
2014,11,16,0,2.845298
2014,11,16,1,3.62008
2014,11,16,2,3.499334
2014,11,16,3,3.465153
2014,11,16,4,3.452099
2014,11,16,5,4.907099
2014,11,16,6,2.503289
2014,11,16,7,0.323354
2014,11,17,0,0.936234
2014,11,17,1,2.652157
2014,11,17,2,3.62118
2014,11,17,3,3.570293
2014,11,17,4,4.198427
2014,11,17,5,4.680502
2014,11,17,6,2.389706
2014,11,17,7,1.091822
2014,11,18,0,2.979893
2014,11,18,1,2.824116
2014,11,18,2,1.983019
2014,11,18,3,1.336655
2014,11,18,4,0.481528
2014,11,18,5,0.615648
2014,11,18,6,1.258448
2014,11,18,7,4.244613
2014,11,19,0,5.421616
2014,11,19,1,3.59454
2014,11,19,2,1.324406
2014,11,19,3,0.353997
2014,11,19,4,1.62341
2014,11,19,5,4.091415
2014,11,19,6,3.460688
2014,11,19,7,1.164542
2014,11,20,0,3.434139
2014,11,20,1,4.034624
2014,11,20,2,4.043122
2014,11,20,3,4.190093
2014,11,20,4,5.691573
2014,11,20,5,7.373146
2014,11,20,6,4.537119
2014,11,20,7,0.440795
2014,11,21,0,1.728082
2014,11,21,1,0.931848
2014,11,21,2,0.564896
2014,11,21,3,2.73888
2014,11,21,4,2.162942
2014,11,21,5,1.894438
2014,11,21,6,0.647561
2014,11,21,7,3.130198
2014,11,22,0,4.367363
2014,11,22,1,1.847161
2014,11,22,2,0.567079
2014,11,22,3,0.763286
2014,11,22,4,3.191694
2014,11,22,5,5.29128
2014,11,22,6,5.103062
2014,11,22,7,1.937372
2014,11,23,0,3.150687
2014,11,23,1,2.728916
2014,11,23,2,2.442002
2014,11,23,3,2.553056
2014,11,23,4,3.976447
2014,11,23,5,4.745745
2014,11,23,6,2.821196
2014,11,23,7,4.284046
2014,11,24,0,4.91458
2014,11,24,1,3.517254
2014,11,24,2,2.941438
2014,11,24,3,2.686818
2014,11,24,4,2.534325
2014,11,24,5,2.45524
2014,11,24,6,1.536758
2014,11,24,7,2.581715
2014,11,25,0,3.562641
2014,11,25,1,4.04483
2014,11,25,2,4.789235
2014,11,25,3,3.525775
2014,11,25,4,3.023323
2014,11,25,5,1.864088
2014,11,25,6,2.039265
2014,11,25,7,3.423764
2014,11,26,0,3.771303
2014,11,26,1,3.642951
2014,11,26,2,2.961611
2014,11,26,3,2.496376
2014,11,26,4,3.389672
2014,11,26,5,3.383542
2014,11,26,6,1.737313
2014,11,26,7,3.974889
2014,11,27,0,5.867795
2014,11,27,1,5.311768
2014,11,27,2,4.91469
2014,11,27,3,4.635188
2014,11,27,4,4.2081
2014,11,27,5,3.366737
2014,11,27,6,3.280406
2014,11,27,7,3.646998
2014,11,28,0,6.188833
2014,11,28,1,6.266753
2014,11,28,2,5.225067
2014,11,28,3,7.299425
2014,11,28,4,6.490196
2014,11,28,5,5.910274
2014,11,28,6,1.960383
2014,11,28,7,3.551864
2014,11,29,0,3.743155
2014,11,29,1,5.317492
2014,11,29,2,4.818937
2014,11,29,3,5.579649
2014,11,29,4,6.235128
2014,11,29,5,7.639298
2014,11,29,6,6.602398
2014,11,29,7,3.890085
2014,11,30,0,3.47981
2014,11,30,1,3.784364
2014,11,30,2,3.299487
2014,11,30,3,2.916529
2014,11,30,4,3.058184
2014,11,30,5,4.716051
2014,11,30,6,3.735413
2014,11,30,7,1.49238
2015,11,1,0,5.14359
2015,11,1,1,6.85293
2015,11,1,2,9.40966
2015,11,1,3,9.757835
2015,11,1,4,9.931746
2015,11,1,5,8.832123
2015,11,1,6,9.369919
2015,11,1,7,10.99175
2015,11,2,0,10.511853
2015,11,2,1,10.760713
2015,11,2,2,12.250489
2015,11,2,3,12.905394
2015,11,2,4,13.765754
2015,11,2,5,12.019937
2015,11,2,6,10.077179
2015,11,2,7,9.898431
2015,11,3,0,12.217119
2015,11,3,1,12.607528
2015,11,3,2,11.407102
2015,11,3,3,9.052554
2015,11,3,4,7.099364
2015,11,3,5,6.104169
2015,11,3,6,4.976097
2015,11,3,7,4.666014
2015,11,4,0,4.640805
2015,11,4,1,4.720891
2015,11,4,2,4.776098
2015,11,4,3,3.770383
2015,11,4,4,2.916487
2015,11,4,5,1.336211
2015,11,4,6,1.395032
2015,11,4,7,3.448953
2015,11,5,0,4.75455
2015,11,5,1,2.852586
2015,11,5,2,2.258188
2015,11,5,3,3.039558
2015,11,5,4,5.314241
2015,11,5,5,5.488845
2015,11,5,6,3.773439
2015,11,5,7,2.540738
2015,11,6,0,2.823417
2015,11,6,1,0.603516
2015,11,6,2,3.044658
2015,11,6,3,1.896656
2015,11,6,4,1.846826
2015,11,6,5,4.593718
2015,11,6,6,4.778809
2015,11,6,7,4.108324
2015,11,7,0,4.175373
2015,11,7,1,3.406819
2015,11,7,2,2.142299
2015,11,7,3,2.236222
2015,11,7,4,0.46261
2015,11,7,5,2.533685
2015,11,7,6,2.004174
2015,11,7,7,1.019947
2015,11,8,0,2.459211
2015,11,8,1,2.03898
2015,11,8,2,0.166838
2015,11,8,3,1.191148
2015,11,8,4,1.958516
2015,11,8,5,3.725781
2015,11,8,6,3.741406
2015,11,8,7,1.108306
2015,11,9,0,0.595283
2015,11,9,1,2.33987
2015,11,9,2,3.139926
2015,11,9,3,6.538985
2015,11,9,4,6.434115
2015,11,9,5,8.525615
2015,11,9,6,7.160717
2015,11,9,7,4.733794
2015,11,10,0,5.119529
2015,11,10,1,6.096651
2015,11,10,2,6.982541
2015,11,10,3,8.125627
2015,11,10,4,7.8262
2015,11,10,5,6.899254
2015,11,10,6,3.573796
2015,11,10,7,0.862851
2015,11,11,0,1.788528
2015,11,11,1,0.715213
2015,11,11,2,1.938896
2015,11,11,3,3.344202
2015,11,11,4,4.124686
2015,11,11,5,5.301306
2015,11,11,6,3.581695
2015,11,11,7,0.906252
2015,11,12,0,2.291629
2015,11,12,1,3.270904
2015,11,12,2,4.596437
2015,11,12,3,3.827762
2015,11,12,4,5.764986
2015,11,12,5,7.015925
2015,11,12,6,4.842113
2015,11,12,7,1.389433
2015,11,13,0,3.193926
2015,11,13,1,4.505938
2015,11,13,2,4.820958
2015,11,13,3,5.891413
2015,11,13,4,7.257823
2015,11,13,5,8.17352
2015,11,13,6,6.473663
2015,11,13,7,3.212848
2015,11,14,0,3.599301
2015,11,14,1,3.464717
2015,11,14,2,2.327789
2015,11,14,3,0.749844
2015,11,14,4,0.904143
2015,11,14,5,2.872262
2015,11,14,6,2.637435
2015,11,14,7,1.895538
2015,11,15,0,3.506937
2015,11,15,1,3.806017
2015,11,15,2,3.280101
2015,11,15,3,2.472872
2015,11,15,4,2.028098
2015,11,15,5,2.153305
2015,11,15,6,1.807064
2015,11,15,7,3.030755
2015,11,16,0,4.314488
2015,11,16,1,4.40476
2015,11,16,2,3.105383
2015,11,16,3,2.352671
2015,11,16,4,2.911819
2015,11,16,5,4.585689
2015,11,16,6,2.370675
2015,11,16,7,2.963191
2015,11,17,0,4.088789
2015,11,17,1,3.457219
2015,11,17,2,3.793209
2015,11,17,3,2.757221
2015,11,17,4,0.922173
2015,11,17,5,1.837335
2015,11,17,6,1.537391
2015,11,17,7,1.42522
2015,11,18,0,3.356689
2015,11,18,1,2.827692
2015,11,18,2,1.513633
2015,11,18,3,0.977122
2015,11,18,4,0.508325
2015,11,18,5,3.314033
2015,11,18,6,1.599673
2015,11,18,7,1.593437
2015,11,19,0,3.267298
2015,11,19,1,2.935422
2015,11,19,2,3.080527
2015,11,19,3,3.77889
2015,11,19,4,4.32337
2015,11,19,5,4.680239
2015,11,19,6,4.791401
2015,11,19,7,4.441549
2015,11,20,0,5.815859
2015,11,20,1,5.349899
2015,11,20,2,4.102412
2015,11,20,3,4.441034
2015,11,20,4,5.285081
2015,11,20,5,4.728596
2015,11,20,6,4.951002
2015,11,20,7,4.166302
2015,11,21,0,3.292713
2015,11,21,1,3.505417
2015,11,21,2,4.475392
2015,11,21,3,4.466265
2015,11,21,4,7.263042
2015,11,21,5,5.196986
2015,11,21,6,3.584648
2015,11,21,7,1.640455
2015,11,22,0,3.22417
2015,11,22,1,5.003172
2015,11,22,2,3.766814
2015,11,22,3,5.157392
2015,11,22,4,6.250886
2015,11,22,5,7.70605
2015,11,22,6,6.116897
2015,11,22,7,6.018496
2015,11,23,0,6.650457
2015,11,23,1,10.030059
2015,11,23,2,7.256925
2015,11,23,3,7.629698
2015,11,23,4,7.887677
2015,11,23,5,9.665296
2015,11,23,6,8.858259
2015,11,23,7,7.832544
2015,11,24,0,7.402332
2015,11,24,1,9.178243
2015,11,24,2,8.346105
2015,11,24,3,7.074786
2015,11,24,4,7.811801
2015,11,24,5,9.307993
2015,11,24,6,8.334538
2015,11,24,7,7.507916
2015,11,25,0,6.094261
2015,11,25,1,6.723032
2015,11,25,2,7.292578
2015,11,25,3,7.518814
2015,11,25,4,8.551041
2015,11,25,5,10.88711
2015,11,25,6,8.735788
2015,11,25,7,7.548902
2015,11,26,0,6.744283
2015,11,26,1,7.576187
2015,11,26,2,7.838406
2015,11,26,3,7.384287
2015,11,26,4,7.696297
2015,11,26,5,7.753614
2015,11,26,6,7.1736
2015,11,26,7,4.158653
2015,11,27,0,2.778565
2015,11,27,1,3.518053
2015,11,27,2,3.316898
2015,11,27,3,2.826103
2015,11,27,4,3.208977
2015,11,27,5,3.490457
2015,11,27,6,2.783612
2015,11,27,7,3.626914
2015,11,28,0,5.495864
2015,11,28,1,6.178319
2015,11,28,2,6.237591
2015,11,28,3,5.721908
2015,11,28,4,5.8806
2015,11,28,5,4.985837
2015,11,28,6,3.441425
2015,11,28,7,2.368777
2015,11,29,0,6.265465
2015,11,29,1,5.553583
2015,11,29,2,4.754966
2015,11,29,3,2.70357
2015,11,29,4,1.291557
2015,11,29,5,2.402784
2015,11,29,6,1.283225
2015,11,29,7,5.823929
2015,11,30,0,4.658116
2015,11,30,1,2.818888
2015,11,30,2,1.354585
2015,11,30,3,1.647264
2015,11,30,4,1.820846
2015,11,30,5,2.181836
2015,11,30,6,1.829841
2015,11,30,7,3.435428
2016,11,1,0,2.549451
2016,11,1,1,0.659679
2016,11,1,2,3.501583
2016,11,1,3,4.202016
2016,11,1,4,4.700104
2016,11,1,5,5.43801
2016,11,1,6,3.056423
2016,11,1,7,1.711886
2016,11,2,0,1.249045
2016,11,2,1,1.031697
2016,11,2,2,2.24394
2016,11,2,3,2.431259
2016,11,2,4,2.299321
2016,11,2,5,3.13802
2016,11,2,6,0.346649
2016,11,2,7,4.619816
2016,11,3,0,5.137733
2016,11,3,1,2.728986
2016,11,3,2,0.720865
2016,11,3,3,1.901156
2016,11,3,4,2.299367
2016,11,3,5,2.609164
2016,11,3,6,3.073612
2016,11,3,7,3.344337
2016,11,4,0,3.74874
2016,11,4,1,4.511861
2016,11,4,2,3.647019
2016,11,4,3,2.774073
2016,11,4,4,3.176196
2016,11,4,5,5.909892
2016,11,4,6,4.859345
2016,11,4,7,4.509489
2016,11,5,0,4.655941
2016,11,5,1,4.975902
2016,11,5,2,4.27172
2016,11,5,3,3.700496
2016,11,5,4,3.90525
2016,11,5,5,5.067446
2016,11,5,6,4.084984
2016,11,5,7,3.308582
2016,11,6,0,2.042306
2016,11,6,1,3.538189
2016,11,6,2,3.731555
2016,11,6,3,3.231073
2016,11,6,4,3.505088
2016,11,6,5,6.036253
2016,11,6,6,4.873752
2016,11,6,7,3.222004
2016,11,7,0,2.38741
2016,11,7,1,1.664673
2016,11,7,2,1.338771
2016,11,7,3,2.613165
2016,11,7,4,2.29515
2016,11,7,5,3.98581
2016,11,7,6,4.154762
2016,11,7,7,2.935813
2016,11,8,0,4.44291
2016,11,8,1,4.877737
2016,11,8,2,3.803103
2016,11,8,3,4.226104
2016,11,8,4,4.839235
2016,11,8,5,5.426803
2016,11,8,6,2.91541
2016,11,8,7,6.738512
2016,11,9,0,5.646817
2016,11,9,1,3.974005
2016,11,9,2,2.585188
2016,11,9,3,2.115933
2016,11,9,4,1.03707
2016,11,9,5,0.625458
2016,11,9,6,1.093904
2016,11,9,7,4.439123
2016,11,10,0,4.755543
2016,11,10,1,3.555453
2016,11,10,2,3.512433
2016,11,10,3,3.545445
2016,11,10,4,3.327894
2016,11,10,5,2.087995
2016,11,10,6,2.943592
2016,11,10,7,6.480104
2016,11,11,0,7.123058
2016,11,11,1,7.023305
2016,11,11,2,6.470236
2016,11,11,3,6.618388
2016,11,11,4,5.298122
2016,11,11,5,2.594089
2016,11,11,6,2.899078
2016,11,11,7,4.809066
2016,11,12,0,5.10075
2016,11,12,1,4.780393
2016,11,12,2,5.398085
2016,11,12,3,5.502681
2016,11,12,4,3.77215
2016,11,12,5,3.19541
2016,11,12,6,2.241191
2016,11,12,7,4.040777
2016,11,13,0,3.818264
2016,11,13,1,4.202524
2016,11,13,2,4.208197
2016,11,13,3,3.768367
2016,11,13,4,3.562591
2016,11,13,5,2.22318
2016,11,13,6,1.502549
2016,11,13,7,4.531199
2016,11,14,0,6.526251
2016,11,14,1,6.197536
2016,11,14,2,4.47159
2016,11,14,3,2.916086
2016,11,14,4,2.337178
2016,11,14,5,1.32321
2016,11,14,6,0.466707
2016,11,14,7,2.243903
2016,11,15,0,1.923227
2016,11,15,1,1.120341
2016,11,15,2,1.625788
2016,11,15,3,1.220505
2016,11,15,4,2.142571
2016,11,15,5,2.152549
2016,11,15,6,0.389523
2016,11,15,7,2.094763
2016,11,16,0,3.804793
2016,11,16,1,3.000645
2016,11,16,2,1.192794
2016,11,16,3,1.135582
2016,11,16,4,2.15996
2016,11,16,5,3.27702
2016,11,16,6,2.222249
2016,11,16,7,1.350068
2016,11,17,0,3.028304
2016,11,17,1,3.968534
2016,11,17,2,3.008995
2016,11,17,3,2.438224
2016,11,17,4,1.220388
2016,11,17,5,3.42519
2016,11,17,6,0.620802
2016,11,17,7,0.26166
2016,11,18,0,2.514541
2016,11,18,1,3.746454
2016,11,18,2,3.089274
2016,11,18,3,0.779974
2016,11,18,4,4.313487
2016,11,18,5,3.86202
2016,11,18,6,2.654549
2016,11,18,7,2.366303
2016,11,19,0,2.162305
2016,11,19,1,1.80408
2016,11,19,2,2.870401
2016,11,19,3,3.273059
2016,11,19,4,2.991532
2016,11,19,5,2.061584
2016,11,19,6,2.273681
2016,11,19,7,4.583166
2016,11,20,0,4.86252
2016,11,20,1,5.80791
2016,11,20,2,5.350151
2016,11,20,3,5.835772
2016,11,20,4,5.846336
2016,11,20,5,4.222517
2016,11,20,6,3.785722
2016,11,20,7,4.776044
2016,11,21,0,4.774513
2016,11,21,1,4.664827
2016,11,21,2,5.383675
2016,11,21,3,5.3746
2016,11,21,4,6.084565
2016,11,21,5,6.402545
2016,11,21,6,4.663033
2016,11,21,7,3.255556
2016,11,22,0,4.348952
2016,11,22,1,3.836472
2016,11,22,2,2.999725
2016,11,22,3,2.701561
2016,11,22,4,2.119064
2016,11,22,5,2.952829
2016,11,22,6,1.992172
2016,11,22,7,3.592674
2016,11,23,0,3.333419
2016,11,23,1,1.155328
2016,11,23,2,3.519777
2016,11,23,3,5.846513
2016,11,23,4,5.12112
2016,11,23,5,3.865987
2016,11,23,6,2.674429
2016,11,23,7,3.252027
2016,11,24,0,3.510912
2016,11,24,1,3.160656
2016,11,24,2,3.854966
2016,11,24,3,4.099444
2016,11,24,4,3.083309
2016,11,24,5,1.628962
2016,11,24,6,1.104887
2016,11,24,7,3.533611
2016,11,25,0,3.844357
2016,11,25,1,3.086542
2016,11,25,2,1.523164
2016,11,25,3,2.011748
2016,11,25,4,2.020117
2016,11,25,5,4.453714
2016,11,25,6,2.725713
2016,11,25,7,0.990813
2016,11,26,0,2.101181
2016,11,26,1,2.89086
2016,11,26,2,1.909643
2016,11,26,3,2.243265
2016,11,26,4,5.090278
2016,11,26,5,3.528653
2016,11,26,6,0.798782
2016,11,26,7,2.568209
2016,11,27,0,3.944352
2016,11,27,1,3.227581
2016,11,27,2,2.059906
2016,11,27,3,0.542687
2016,11,27,4,1.203869
2016,11,27,5,2.363998
2016,11,27,6,1.373495
2016,11,27,7,2.465917
2016,11,28,0,2.20178
2016,11,28,1,2.080806
2016,11,28,2,3.000106
2016,11,28,3,4.434997
2016,11,28,4,4.137931
2016,11,28,5,3.276882
2016,11,28,6,2.584888
2016,11,28,7,3.643663
2016,11,29,0,3.997246
2016,11,29,1,2.36645
2016,11,29,2,2.31621
2016,11,29,3,3.151535
2016,11,29,4,2.882419
2016,11,29,5,4.303018
2016,11,29,6,2.891468
2016,11,29,7,0.406868
2016,11,30,0,0.911824
2016,11,30,1,0.765046
2016,11,30,2,0.708217
2016,11,30,3,0.99622
2016,11,30,4,3.209576
2016,11,30,5,3.129835
2016,11,30,6,2.883725
2016,11,30,7,1.727082
2017,11,1,0,1.35102
2017,11,1,1,2.274298
2017,11,1,2,2.586101
2017,11,1,3,3.355437
2017,11,1,4,4.167397
2017,11,1,5,5.205756
2017,11,1,6,2.814853
2017,11,1,7,5.669847
2017,11,2,0,5.398097
2017,11,2,1,2.906417
2017,11,2,2,2.942019
2017,11,2,3,1.59187
2017,11,2,4,1.20668
2017,11,2,5,3.81336
2017,11,2,6,3.610146
2017,11,2,7,0.937607
2017,11,3,0,2.684993
2017,11,3,1,3.366107
2017,11,3,2,2.921073
2017,11,3,3,3.819898
2017,11,3,4,4.543787
2017,11,3,5,6.249288
2017,11,3,6,4.011114
2017,11,3,7,1.952559
2017,11,4,0,5.271418
2017,11,4,1,6.80108
2017,11,4,2,5.395695
2017,11,4,3,4.140602
2017,11,4,4,4.784045
2017,11,4,5,4.524348
2017,11,4,6,3.364982
2017,11,4,7,3.890489
2017,11,5,0,7.098743
2017,11,5,1,6.271568
2017,11,5,2,3.529404
2017,11,5,3,4.625094
2017,11,5,4,4.375803
2017,11,5,5,4.116215
2017,11,5,6,2.683756
2017,11,5,7,1.204238
2017,11,6,0,2.631632
2017,11,6,1,2.401033
2017,11,6,2,2.559965
2017,11,6,3,3.300081
2017,11,6,4,4.377536
2017,11,6,5,5.375299
2017,11,6,6,2.373074
2017,11,6,7,0.734037
2017,11,7,0,2.643108
2017,11,7,1,4.203711
2017,11,7,2,4.676279
2017,11,7,3,3.074665
2017,11,7,4,0.769168
2017,11,7,5,2.657938
2017,11,7,6,4.438241
2017,11,7,7,3.453115
2017,11,8,0,4.607426
2017,11,8,1,4.08217
2017,11,8,2,1.475615
2017,11,8,3,0.51779
2017,11,8,4,1.347474
2017,11,8,5,3.053701
2017,11,8,6,1.768404
2017,11,8,7,2.522027
2017,11,9,0,4.529717
2017,11,9,1,3.871412
2017,11,9,2,2.722651
2017,11,9,3,2.112824
2017,11,9,4,3.008356
2017,11,9,5,4.325252
2017,11,9,6,1.5314
2017,11,9,7,2.261546
2017,11,10,0,2.34278
2017,11,10,1,3.639262
2017,11,10,2,2.301133
2017,11,10,3,1.261529
2017,11,10,4,1.767029
2017,11,10,5,4.209815
2017,11,10,6,3.878629
2017,11,10,7,1.780945
2017,11,11,0,3.38879
2017,11,11,1,5.64996
2017,11,11,2,7.502691
2017,11,11,3,8.8541
2017,11,11,4,8.415707
2017,11,11,5,7.920246
2017,11,11,6,5.366452
2017,11,11,7,3.12317
2017,11,12,0,3.027112
2017,11,12,1,3.43322
2017,11,12,2,3.123287
2017,11,12,3,1.746975
2017,11,12,4,1.072274
2017,11,12,5,3.993505
2017,11,12,6,0.936709
2017,11,12,7,2.336371
2017,11,13,0,5.025054
2017,11,13,1,4.988584
2017,11,13,2,2.79742
2017,11,13,3,2.333601
2017,11,13,4,1.899207
2017,11,13,5,0.736063
2017,11,13,6,0.323475
2017,11,13,7,2.014471
2017,11,14,0,3.121295
2017,11,14,1,2.422698
2017,11,14,2,1.295752
2017,11,14,3,2.024786
2017,11,14,4,2.234363
2017,11,14,5,3.668484
2017,11,14,6,3.392451
2017,11,14,7,3.453441
2017,11,15,0,4.635556
2017,11,15,1,3.685909
2017,11,15,2,1.717729
2017,11,15,3,1.089139
2017,11,15,4,0.558184
2017,11,15,5,3.347645
2017,11,15,6,3.379869
2017,11,15,7,2.679989
2017,11,16,0,4.406245
2017,11,16,1,2.050526
2017,11,16,2,1.425091
2017,11,16,3,3.110103
2017,11,16,4,4.16161
2017,11,16,5,5.258248
2017,11,16,6,2.906832
2017,11,16,7,1.722185
2017,11,17,0,5.27799
2017,11,17,1,5.426822
2017,11,17,2,4.402051
2017,11,17,3,4.321342
2017,11,17,4,5.327119
2017,11,17,5,6.338368
2017,11,17,6,5.597992
2017,11,17,7,2.03593
2017,11,18,0,2.167318
2017,11,18,1,3.098171
2017,11,18,2,2.221054
2017,11,18,3,1.852467
2017,11,18,4,2.591245
2017,11,18,5,3.455736
2017,11,18,6,3.87478
2017,11,18,7,6.085221
2017,11,19,0,5.123152
2017,11,19,1,4.394312
2017,11,19,2,2.900987
2017,11,19,3,2.485598
2017,11,19,4,2.215743
2017,11,19,5,2.483132
2017,11,19,6,1.062292
2017,11,19,7,1.853457
2017,11,20,0,4.715554
2017,11,20,1,5.820058
2017,11,20,2,4.600617
2017,11,20,3,3.398727
2017,11,20,4,2.864999
2017,11,20,5,3.563295
2017,11,20,6,2.40039
2017,11,20,7,3.376636
2017,11,21,0,5.667305
2017,11,21,1,6.352566
2017,11,21,2,5.962029
2017,11,21,3,5.579214
2017,11,21,4,5.042966
2017,11,21,5,5.290321
2017,11,21,6,4.671614
2017,11,21,7,3.552816
2017,11,22,0,3.895475
2017,11,22,1,2.879949
2017,11,22,2,2.17983
2017,11,22,3,3.092216
2017,11,22,4,2.528769
2017,11,22,5,1.850064
2017,11,22,6,0.72643
2017,11,22,7,3.435426
2017,11,23,0,5.060843
2017,11,23,1,4.887096
2017,11,23,2,3.296504
2017,11,23,3,2.069449
2017,11,23,4,1.931219
2017,11,23,5,2.263182
2017,11,23,6,3.066807
2017,11,23,7,4.258126
2017,11,24,0,5.572624
2017,11,24,1,5.912824
2017,11,24,2,5.054375
2017,11,24,3,5.022192
2017,11,24,4,5.804798
2017,11,24,5,6.883911
2017,11,24,6,8.806728
2017,11,24,7,8.704407
2017,11,25,0,8.281487
2017,11,25,1,9.890323
2017,11,25,2,10.942406
2017,11,25,3,10.430322
2017,11,25,4,10.326972
2017,11,25,5,10.387214
2017,11,25,6,9.421949
2017,11,25,7,9.26188
2017,11,26,0,8.253379
2017,11,26,1,6.642974
2017,11,26,2,5.189341
2017,11,26,3,5.242273
2017,11,26,4,5.913817
2017,11,26,5,7.305344
2017,11,26,6,4.813443
2017,11,26,7,1.877774
2017,11,27,0,2.936089
2017,11,27,1,2.615418
2017,11,27,2,3.324268
2017,11,27,3,3.453175
2017,11,27,4,1.90504
2017,11,27,5,7.133325
2017,11,27,6,6.048161
2017,11,27,7,6.147741
2017,11,28,0,7.057762
2017,11,28,1,7.183853
2017,11,28,2,5.932118
2017,11,28,3,6.487238
2017,11,28,4,9.770813
2017,11,28,5,9.641314
2017,11,28,6,7.324353
2017,11,28,7,5.773278
2017,11,29,0,7.022666
2017,11,29,1,7.779087
2017,11,29,2,7.625278
2017,11,29,3,7.338912
2017,11,29,4,5.598003
2017,11,29,5,5.843469
2017,11,29,6,2.787592
2017,11,29,7,0.583829
2017,11,30,0,4.137374
2017,11,30,1,4.238436
2017,11,30,2,3.622863
2017,11,30,3,2.88947
2017,11,30,4,2.575251
2017,11,30,5,2.215015
2017,11,30,6,2.056074
2017,11,30,7,6.454305
2018,11,1,0,4.661022
2018,11,1,1,6.880063
2018,11,1,2,5.888837
2018,11,1,3,3.667462
2018,11,1,4,3.176947
2018,11,1,5,5.620889
2018,11,1,6,5.082084
2018,11,1,7,3.448993
2018,11,2,0,2.076104
2018,11,2,1,1.178358
2018,11,2,2,1.988279
2018,11,2,3,3.447721
2018,11,2,4,3.303071
2018,11,2,5,3.467355
2018,11,2,6,2.376968
2018,11,2,7,1.180018
2018,11,3,0,3.595539
2018,11,3,1,3.769088
2018,11,3,2,2.315838
2018,11,3,3,1.349293
2018,11,3,4,2.332971
2018,11,3,5,4.289852
2018,11,3,6,2.655806
2018,11,3,7,2.428864
2018,11,4,0,5.957155
2018,11,4,1,5.745815
2018,11,4,2,4.185716
2018,11,4,3,4.370705
2018,11,4,4,4.176371
2018,11,4,5,5.038809
2018,11,4,6,3.812402
2018,11,4,7,0.888457
2018,11,5,0,2.952321
2018,11,5,1,3.680057
2018,11,5,2,2.896977
2018,11,5,3,1.233967
2018,11,5,4,1.573445
2018,11,5,5,2.284255
2018,11,5,6,1.0693
2018,11,5,7,6.885427
2018,11,6,0,7.285586
2018,11,6,1,5.606784
2018,11,6,2,5.354619
2018,11,6,3,7.682979
2018,11,6,4,7.155604
2018,11,6,5,6.364227
2018,11,6,6,5.225029
2018,11,6,7,2.039329
2018,11,7,0,3.445122
2018,11,7,1,4.979749
2018,11,7,2,4.611779
2018,11,7,3,4.78126
2018,11,7,4,4.971203
2018,11,7,5,5.507689
2018,11,7,6,4.260354
2018,11,7,7,1.18391
2018,11,8,0,2.785305
2018,11,8,1,4.673996
2018,11,8,2,2.464047
2018,11,8,3,3.373614
2018,11,8,4,3.70586
2018,11,8,5,4.300235
2018,11,8,6,3.785663
2018,11,8,7,4.694131
2018,11,9,0,7.408293
2018,11,9,1,7.532475
2018,11,9,2,6.456138
2018,11,9,3,4.726271
2018,11,9,4,5.32989
2018,11,9,5,6.401286
2018,11,9,6,5.014611
2018,11,9,7,1.876355
2018,11,10,0,0.51507
2018,11,10,1,1.896276
2018,11,10,2,2.196422
2018,11,10,3,2.600001
2018,11,10,4,3.983354
2018,11,10,5,1.625333
2018,11,10,6,2.706588
2018,11,10,7,5.76241
2018,11,11,0,5.296522
2018,11,11,1,3.827409
2018,11,11,2,3.406584
2018,11,11,3,3.492141
2018,11,11,4,2.130615
2018,11,11,5,1.935088
2018,11,11,6,0.470596
2018,11,11,7,4.213688
2018,11,12,0,6.733038
2018,11,12,1,5.426064
2018,11,12,2,3.953724
2018,11,12,3,2.304925
2018,11,12,4,2.248893
2018,11,12,5,0.908979
2018,11,12,6,0.827622
2018,11,12,7,3.021896
2018,11,13,0,3.743772
2018,11,13,1,4.078271
2018,11,13,2,3.565577
2018,11,13,3,3.317699
2018,11,13,4,2.832625
2018,11,13,5,2.95412
2018,11,13,6,2.392015
2018,11,13,7,4.039436
2018,11,14,0,4.319498
2018,11,14,1,4.931097
2018,11,14,2,4.655093
2018,11,14,3,5.2242
2018,11,14,4,5.596652
2018,11,14,5,7.040754
2018,11,14,6,4.97607
2018,11,14,7,1.521742
2018,11,15,0,1.032167
2018,11,15,1,1.250619
2018,11,15,2,1.776686
2018,11,15,3,2.418714
2018,11,15,4,3.805691
2018,11,15,5,4.645569
2018,11,15,6,3.83434
2018,11,15,7,1.831223
2018,11,16,0,0.935299
2018,11,16,1,1.454055
2018,11,16,2,0.584457
2018,11,16,3,1.371771
2018,11,16,4,4.802362
2018,11,16,5,4.226633
2018,11,16,6,3.161737
2018,11,16,7,2.302986
2018,11,17,0,3.323671
2018,11,17,1,3.440471
2018,11,17,2,2.785523
2018,11,17,3,3.49097
2018,11,17,4,3.063423
2018,11,17,5,2.050828
2018,11,17,6,2.529752
2018,11,17,7,3.705432
2018,11,18,0,5.16538
2018,11,18,1,4.016998
2018,11,18,2,1.701602
2018,11,18,3,0.876348
2018,11,18,4,2.566091
2018,11,18,5,3.965743
2018,11,18,6,2.06823
2018,11,18,7,2.401662
2018,11,19,0,3.397052
2018,11,19,1,2.614513
2018,11,19,2,1.469335
2018,11,19,3,2.24887
2018,11,19,4,2.865593
2018,11,19,5,3.229027
2018,11,19,6,4.9013
2018,11,19,7,4.681527
2018,11,20,0,4.520524
2018,11,20,1,3.842774
2018,11,20,2,3.715924
2018,11,20,3,3.417955
2018,11,20,4,3.899377
2018,11,20,5,4.815778
2018,11,20,6,3.852009
2018,11,20,7,3.974374
2018,11,21,0,6.66234
2018,11,21,1,7.15664
2018,11,21,2,4.485233
2018,11,21,3,3.697344
2018,11,21,4,3.392465
2018,11,21,5,3.613944
2018,11,21,6,1.654197
2018,11,21,7,5.350804
2018,11,22,0,7.17974
2018,11,22,1,5.968521
2018,11,22,2,5.861757
2018,11,22,3,6.709337
2018,11,22,4,5.904863
2018,11,22,5,5.683209
2018,11,22,6,4.997526
2018,11,22,7,6.213945
2018,11,23,0,7.238665
2018,11,23,1,7.042478
2018,11,23,2,4.914789
2018,11,23,3,4.487854
2018,11,23,4,4.406775
2018,11,23,5,4.137226
2018,11,23,6,2.439691
2018,11,23,7,3.72813
2018,11,24,0,5.12264
2018,11,24,1,4.956934
2018,11,24,2,2.848598
2018,11,24,3,1.520737
2018,11,24,4,3.375423
2018,11,24,5,3.169058
2018,11,24,6,1.150113
2018,11,24,7,1.589918
2018,11,25,0,1.194115
2018,11,25,1,1.961898
2018,11,25,2,3.469416
2018,11,25,3,4.295438
2018,11,25,4,5.364509
2018,11,25,5,2.699095
2018,11,25,6,1.872955
2018,11,25,7,2.645578
2018,11,26,0,3.669414
2018,11,26,1,1.892817
2018,11,26,2,1.200134
2018,11,26,3,1.144244
2018,11,26,4,1.179125
2018,11,26,5,0.950021
2018,11,26,6,0.429095
2018,11,26,7,2.536602
2018,11,27,0,4.513114
2018,11,27,1,3.209875
2018,11,27,2,1.671535
2018,11,27,3,1.499777
2018,11,27,4,1.976361
2018,11,27,5,2.572285
2018,11,27,6,0.622562
2018,11,27,7,1.769386
2018,11,28,0,2.858492
2018,11,28,1,2.589626
2018,11,28,2,1.456001
2018,11,28,3,2.247851
2018,11,28,4,2.009416
2018,11,28,5,1.441409
2018,11,28,6,0.699317
2018,11,28,7,1.90365
2018,11,29,0,2.787822
2018,11,29,1,1.770714
2018,11,29,2,1.443284
2018,11,29,3,3.199466
2018,11,29,4,1.73745
2018,11,29,5,2.639122
2018,11,29,6,0.391932
2018,11,29,7,1.5874
2018,11,30,0,2.582395
2018,11,30,1,2.076318
2018,11,30,2,2.770149
2018,11,30,3,2.946908
2018,11,30,4,3.68427
2018,11,30,5,4.450596
2018,11,30,6,4.977208
2018,11,30,7,5.906435
2019,11,1,0,4.67352
2019,11,1,1,5.20978
2019,11,1,2,5.434797
2019,11,1,3,5.020317
2019,11,1,4,4.693525
2019,11,1,5,5.404463
2019,11,1,6,3.045395
2019,11,1,7,1.872633
2019,11,2,0,4.669041
2019,11,2,1,5.469478
2019,11,2,2,4.499878
2019,11,2,3,3.725784
2019,11,2,4,4.078508
2019,11,2,5,3.257325
2019,11,2,6,2.268937
2019,11,2,7,2.08047
2019,11,3,0,3.747301
2019,11,3,1,2.856406
2019,11,3,2,2.839017
2019,11,3,3,3.135327
2019,11,3,4,4.102766
2019,11,3,5,2.453925
2019,11,3,6,2.199761
2019,11,3,7,3.404878
2019,11,4,0,3.569671
2019,11,4,1,4.289213
2019,11,4,2,6.06181
2019,11,4,3,7.415878
2019,11,4,4,5.280457
2019,11,4,5,3.824772
2019,11,4,6,1.965726
2019,11,4,7,5.417619
2019,11,5,0,5.68642
2019,11,5,1,4.821332
2019,11,5,2,2.569055
2019,11,5,3,1.66489
2019,11,5,4,1.685108
2019,11,5,5,5.068762
2019,11,5,6,5.244301
2019,11,5,7,2.053471
2019,11,6,0,1.123878
2019,11,6,1,2.802027
2019,11,6,2,3.992581
2019,11,6,3,3.883973
2019,11,6,4,2.174424
2019,11,6,5,4.037129
2019,11,6,6,2.244564
2019,11,6,7,2.803089
2019,11,7,0,5.495093
2019,11,7,1,6.663496
2019,11,7,2,5.496534
2019,11,7,3,7.518953
2019,11,7,4,7.746886
2019,11,7,5,7.02047
2019,11,7,6,5.613665
2019,11,7,7,3.72931
2019,11,8,0,3.518129
2019,11,8,1,5.735634
2019,11,8,2,6.35781
2019,11,8,3,9.037038
2019,11,8,4,9.237991
2019,11,8,5,8.149842
2019,11,8,6,4.66673
2019,11,8,7,5.6953
2019,11,9,0,6.964209
2019,11,9,1,7.200879
2019,11,9,2,6.155358
2019,11,9,3,7.781227
2019,11,9,4,9.057734
2019,11,9,5,7.505725
2019,11,9,6,6.357941
2019,11,9,7,6.618665
2019,11,10,0,7.346001
2019,11,10,1,8.201822
2019,11,10,2,6.855027
2019,11,10,3,4.818102
2019,11,10,4,3.696211
2019,11,10,5,5.110665
2019,11,10,6,3.940297
2019,11,10,7,2.873801
2019,11,11,0,6.564899
2019,11,11,1,6.884848
2019,11,11,2,4.073414
2019,11,11,3,3.158844
2019,11,11,4,1.192033
2019,11,11,5,2.868097
2019,11,11,6,2.007955
2019,11,11,7,1.306724
2019,11,12,0,3.775782
2019,11,12,1,3.747175
2019,11,12,2,3.336353
2019,11,12,3,3.37437
2019,11,12,4,2.205655
2019,11,12,5,0.309087
2019,11,12,6,0.674121
2019,11,12,7,2.178399
2019,11,13,0,3.165463
2019,11,13,1,2.695375
2019,11,13,2,1.071212
2019,11,13,3,0.447361
2019,11,13,4,0.665725
2019,11,13,5,1.870217
2019,11,13,6,1.510651
2019,11,13,7,3.688563
2019,11,14,0,6.360492
2019,11,14,1,5.267767
2019,11,14,2,3.819663
2019,11,14,3,2.662899
2019,11,14,4,2.699369
2019,11,14,5,2.529866
2019,11,14,6,0.606713
2019,11,14,7,1.798759
2019,11,15,0,2.720115
2019,11,15,1,1.2699
2019,11,15,2,0.754172
2019,11,15,3,3.735026
2019,11,15,4,4.339825
2019,11,15,5,2.103891
2019,11,15,6,0.7099
2019,11,15,7,2.543868
2019,11,16,0,2.271997
2019,11,16,1,1.05732
2019,11,16,2,2.765294
2019,11,16,3,2.641432
2019,11,16,4,2.329729
2019,11,16,5,4.069226
2019,11,16,6,3.207982
2019,11,16,7,2.090981
2019,11,17,0,4.119561
2019,11,17,1,2.960893
2019,11,17,2,3.153948
2019,11,17,3,3.861581
2019,11,17,4,4.202659
2019,11,17,5,5.301692
2019,11,17,6,4.555388
2019,11,17,7,1.497333
2019,11,18,0,1.803796
2019,11,18,1,2.373201
2019,11,18,2,1.730753
2019,11,18,3,2.550696
2019,11,18,4,5.675807
2019,11,18,5,6.566533
2019,11,18,6,3.58646
2019,11,18,7,0.96941
2019,11,19,0,2.279038
2019,11,19,1,4.207073
2019,11,19,2,6.876933
2019,11,19,3,9.220133
2019,11,19,4,8.491807
2019,11,19,5,7.417549
2019,11,19,6,4.302346
2019,11,19,7,1.795152
2019,11,20,0,0.918635
2019,11,20,1,1.50512
2019,11,20,2,2.533737
2019,11,20,3,2.979268
2019,11,20,4,4.761374
2019,11,20,5,7.701947
2019,11,20,6,6.464564
2019,11,20,7,4.457529
2019,11,21,0,2.275934
2019,11,21,1,2.612917
2019,11,21,2,2.524371
2019,11,21,3,2.676186
2019,11,21,4,3.62926
2019,11,21,5,4.746381
2019,11,21,6,5.368602
2019,11,21,7,6.846319
2019,11,22,0,9.590799
2019,11,22,1,11.998167
2019,11,22,2,9.630121
2019,11,22,3,9.178714
2019,11,22,4,8.373172
2019,11,22,5,6.931698
2019,11,22,6,4.958257
2019,11,22,7,1.673995
2019,11,23,0,2.489951
2019,11,23,1,4.048832
2019,11,23,2,5.468918
2019,11,23,3,6.852564
2019,11,23,4,7.393814
2019,11,23,5,5.334042
2019,11,23,6,4.421546
2019,11,23,7,6.705913
2019,11,24,0,6.365301
2019,11,24,1,4.47759
2019,11,24,2,2.835242
2019,11,24,3,2.206235
2019,11,24,4,3.544511
2019,11,24,5,4.709869
2019,11,24,6,2.387121
2019,11,24,7,1.340046
2019,11,25,0,1.704393
2019,11,25,1,0.405266
2019,11,25,2,2.154607
2019,11,25,3,2.275966
2019,11,25,4,2.769018
2019,11,25,5,4.420986
2019,11,25,6,1.835716
2019,11,25,7,1.926606
2019,11,26,0,1.701193
2019,11,26,1,2.911769
2019,11,26,2,5.351337
2019,11,26,3,6.321153
2019,11,26,4,6.349973
2019,11,26,5,6.181136
2019,11,26,6,3.639507
2019,11,26,7,1.911738
2019,11,27,0,4.422027
2019,11,27,1,4.678362
2019,11,27,2,3.273161
2019,11,27,3,1.238623
2019,11,27,4,2.573971
2019,11,27,5,4.487948
2019,11,27,6,5.021217
2019,11,27,7,3.521563
2019,11,28,0,5.69762
2019,11,28,1,6.775078
2019,11,28,2,5.2217
2019,11,28,3,4.812925
2019,11,28,4,4.403331
2019,11,28,5,3.592112
2019,11,28,6,4.329258
2019,11,28,7,6.759466
2019,11,29,0,8.809647
2019,11,29,1,8.539264
2019,11,29,2,7.76266
2019,11,29,3,7.687887
2019,11,29,4,6.181215
2019,11,29,5,4.229783
2019,11,29,6,2.673706
2019,11,29,7,3.894517
2019,11,30,0,5.955509
2019,11,30,1,5.379009
2019,11,30,2,2.404671
2019,11,30,3,2.719026
2019,11,30,4,3.182064
2019,11,30,5,5.687436
2019,11,30,6,3.741855
2019,11,30,7,1.21163
