####################################################################################################
# Month: 07Jul                                                                                     #
# Station: BMAC                                                                                    #
# Frequency: 230 GHz                                                                               #
# Columns are: year    month   day     segment         tau     Tb (K)                              #
####################################################################################################
year,month,day,segment,tau,Tb
2009,07,1,0,0.06969335,21.89171
2009,07,1,1,0.07296827,22.64564
2009,07,1,2,0.08163331,24.74558
2009,07,1,3,0.08669924,25.99453
2009,07,1,4,0.07637596,23.57036
2009,07,1,5,0.06519984,20.91817
2009,07,1,6,0.06107616,19.99745
2009,07,1,7,0.05817752,19.39799
2009,07,2,0,0.0607794,20.07697
2009,07,2,1,0.05992156,19.90058
2009,07,2,2,0.05681502,19.1009
2009,07,2,3,0.05489427,18.58352
2009,07,2,4,0.0508414,17.4766
2009,07,2,5,0.05359173,18.03136
2009,07,2,6,0.05305268,17.85965
2009,07,2,7,0.04583084,16.08621
2009,07,3,0,0.04356996,15.46367
2009,07,3,1,0.04715615,16.33669
2009,07,3,2,0.05763566,19.19171
2009,07,3,3,0.07571493,23.8253
2009,07,3,4,0.1252486,35.68779
2009,07,3,5,0.1230425,35.25811
2009,07,3,6,0.07516542,23.79451
2009,07,3,7,0.0543728,18.42606
2009,07,4,0,0.05268262,18.02131
2009,07,4,1,0.04846645,17.02689
2009,07,4,2,0.06047133,20.04037
2009,07,4,3,0.07538574,23.64118
2009,07,4,4,0.1024443,30.11646
2009,07,4,5,0.1264938,35.74907
2009,07,4,6,0.1282345,36.08878
2009,07,4,7,0.100545,29.58598
2009,07,5,0,0.08589877,26.0315
2009,07,5,1,0.08912387,26.72841
2009,07,5,2,0.1091221,31.48401
2009,07,5,3,0.1147813,32.8482
2009,07,5,4,0.2106706,54.28182
2009,07,5,5,0.2458667,61.5306
2009,07,5,6,0.1427991,39.48665
2009,07,5,7,0.1117359,32.24009
2009,07,6,0,0.08973677,27.07469
2009,07,6,1,0.1033308,30.3097
2009,07,6,2,0.1175411,33.50107
2009,07,6,3,0.1319746,36.74168
2009,07,6,4,0.1493934,40.69653
2009,07,6,5,0.1620198,43.61928
2009,07,6,6,0.1653918,43.83434
2009,07,6,7,0.1144838,32.854
2009,07,7,0,0.04681336,16.54759
2009,07,7,1,0.0609672,20.08369
2009,07,7,2,0.06488698,20.84406
2009,07,7,3,0.08942426,26.95731
2009,07,7,4,0.1089299,31.62364
2009,07,7,5,0.1132349,32.67315
2009,07,7,6,0.09372804,27.98737
2009,07,7,7,0.104388,30.30862
2009,07,8,0,0.1171062,33.18151
2009,07,8,1,0.1127595,32.2872
2009,07,8,2,0.1115498,32.11136
2009,07,8,3,0.1125088,32.40718
2009,07,8,4,0.09794554,29.02283
2009,07,8,5,0.05892526,19.37307
2009,07,8,6,0.04784298,16.59708
2009,07,8,7,0.04566447,16.06451
2009,07,9,0,0.04104901,14.90173
2009,07,9,1,0.03533996,13.4637
2009,07,9,2,0.04034153,14.8445
2009,07,9,3,0.04323216,15.56794
2009,07,9,4,0.03746883,14.02767
2009,07,9,5,0.03464155,13.29735
2009,07,9,6,0.03198969,12.61127
2009,07,9,7,0.03147601,12.45615
2009,07,10,0,0.03337905,12.99805
2009,07,10,1,0.04934604,17.2517
2009,07,10,2,0.0522749,17.97972
2009,07,10,3,0.05355944,18.29548
2009,07,10,4,0.05132774,17.79087
2009,07,10,5,0.04556839,16.32141
2009,07,10,6,0.03674114,13.99793
2009,07,10,7,0.03298593,13.00433
2009,07,11,0,0.03256133,12.87527
2009,07,11,1,0.03203186,12.72956
2009,07,11,2,0.03384668,13.20833
2009,07,11,3,0.04090983,15.08287
2009,07,11,4,0.05133838,17.82132
2009,07,11,5,0.0647029,21.22632
2009,07,11,6,0.06296126,20.80392
2009,07,11,7,0.08460336,26.18185
2009,07,12,0,0.1494083,41.08744
2009,07,12,1,0.3183771,75.11502
2009,07,12,2,0.3242188,76.77662
2009,07,12,3,0.2363818,60.10694
2009,07,12,4,0.1656264,45.15005
2009,07,12,5,0.1638191,44.64409
2009,07,12,6,0.1201539,34.61968
2009,07,12,7,0.1016014,30.22999
2009,07,13,0,0.09988657,29.77481
2009,07,13,1,0.1042709,30.66048
2009,07,13,2,0.1060126,31.11294
2009,07,13,3,0.1093125,31.859
2009,07,13,4,0.1041735,30.61698
2009,07,13,5,0.1230484,34.87289
2009,07,13,6,0.1431565,39.32097
2009,07,13,7,0.1998517,51.55924
2009,07,14,0,0.2942766,70.06555
2009,07,14,1,0.2167494,54.65976
2009,07,14,2,0.08583763,25.92359
2009,07,14,3,0.2261047,56.85482
2009,07,14,4,0.2421016,59.97643
2009,07,14,5,0.1963815,50.25747
2009,07,14,6,0.194237,49.16848
2009,07,14,7,0.2632586,62.98038
2009,07,15,0,0.3079555,71.68722
2009,07,15,1,0.1906692,49.01634
2009,07,15,2,0.1443243,39.13159
2009,07,15,3,0.2565768,62.75991
2009,07,15,4,0.2951957,69.53142
2009,07,15,5,0.2210624,55.13966
2009,07,15,6,0.1371295,37.44075
2009,07,15,7,0.09174707,27.25532
2009,07,16,0,0.06888357,21.79402
2009,07,16,1,0.07294065,22.66626
2009,07,16,2,0.0667026,21.27032
2009,07,16,3,0.08601923,25.75421
2009,07,16,4,0.1046596,30.18609
2009,07,16,5,0.1171171,33.13681
2009,07,16,6,0.09855394,29.10469
2009,07,16,7,0.1000733,29.54762
2009,07,17,0,0.1087681,31.79757
2009,07,17,1,0.08809279,26.86761
2009,07,17,2,0.07024592,22.53989
2009,07,17,3,0.06514221,21.32766
2009,07,17,4,0.05979539,19.92961
2009,07,17,5,0.05559913,18.8051
2009,07,17,6,0.04158121,15.17466
2009,07,17,7,0.03927945,14.56818
2009,07,18,0,0.03893737,14.4705
2009,07,18,1,0.04060399,14.93363
2009,07,18,2,0.03923809,14.60113
2009,07,18,3,0.03701128,14.02645
2009,07,18,4,0.04013281,14.84782
2009,07,18,5,0.04176627,15.22412
2009,07,18,6,0.03818572,14.2581
2009,07,18,7,0.03782672,14.1432
2009,07,19,0,0.04022895,14.76924
2009,07,19,1,0.04610669,16.27657
2009,07,19,2,0.04934121,17.12168
2009,07,19,3,0.05248836,17.91914
2009,07,19,4,0.05651931,18.96007
2009,07,19,5,0.05674959,19.04955
2009,07,19,6,0.04932737,17.1449
2009,07,19,7,0.04549191,16.17195
2009,07,20,0,0.04045392,14.85936
2009,07,20,1,0.03710534,13.99119
2009,07,20,2,0.03617704,13.76184
2009,07,20,3,0.0359881,13.71888
2009,07,20,4,0.04018041,14.82431
2009,07,20,5,0.04141985,15.10947
2009,07,20,6,0.03811033,14.19711
2009,07,20,7,0.04011528,14.72294
2009,07,21,0,0.04238219,15.33583
2009,07,21,1,0.04492477,16.01003
2009,07,21,2,0.04861669,16.95565
2009,07,21,3,0.05534168,18.70132
2009,07,21,4,0.07488454,23.67499
2009,07,21,5,0.09160143,27.75992
2009,07,21,6,0.06997382,22.43349
2009,07,21,7,0.06710326,21.71668
2009,07,22,0,0.06772445,21.86159
2009,07,22,1,0.06277025,20.61298
2009,07,22,2,0.07708048,24.12169
2009,07,22,3,0.09133118,27.51275
2009,07,22,4,0.136922,38.11931
2009,07,22,5,0.1958998,50.94406
2009,07,22,6,0.2201411,55.82937
2009,07,22,7,0.2090912,53.45901
2009,07,23,0,0.1503749,40.93937
2009,07,23,1,0.08836598,26.69418
2009,07,23,2,0.06145675,19.99752
2009,07,23,3,0.3185204,73.74673
2009,07,23,4,0.3385421,76.49536
2009,07,23,5,0.2322162,57.2626
2009,07,23,6,0.1067411,30.49175
2009,07,23,7,0.06900354,21.57179
2009,07,24,0,0.06763191,21.25775
2009,07,24,1,0.04316823,15.26393
2009,07,24,2,0.0350218,13.24262
2009,07,24,3,0.04333782,15.37908
2009,07,24,4,0.05539788,18.31796
2009,07,24,5,0.0704738,21.8568
2009,07,24,6,0.1087038,30.91138
2009,07,24,7,0.1533028,41.07953
2009,07,25,0,0.1635806,43.53203
2009,07,25,1,0.1557843,41.99176
2009,07,25,2,0.1162979,33.21886
2009,07,25,3,0.118623,33.85256
2009,07,25,4,0.096777,28.60938
2009,07,25,5,0.08341094,25.30932
2009,07,25,6,0.09869358,28.93334
2009,07,25,7,0.09650096,28.50569
2009,07,26,0,0.08603968,26.05083
2009,07,26,1,0.1148123,33.01322
2009,07,26,2,0.1106371,31.98375
2009,07,26,3,0.07835606,24.32256
2009,07,26,4,0.05904276,19.49904
2009,07,26,5,0.06981226,21.98669
2009,07,26,6,0.07766857,23.80895
2009,07,26,7,0.07331272,22.89192
2009,07,27,0,0.08548993,25.87082
2009,07,27,1,0.1016552,29.78141
2009,07,27,2,0.112628,32.47342
2009,07,27,3,0.1169247,33.6094
2009,07,27,4,0.1073142,31.40718
2009,07,27,5,0.1023724,30.29777
2009,07,27,6,0.08958237,27.25868
2009,07,27,7,0.08258669,25.58271
2009,07,28,0,0.07596175,23.97591
2009,07,28,1,0.0697482,22.37054
2009,07,28,2,0.06850978,21.9821
2009,07,28,3,0.0629247,20.63546
2009,07,28,4,0.07726562,24.2447
2009,07,28,5,0.08120751,25.09627
2009,07,28,6,0.06669034,21.43454
2009,07,28,7,0.05704501,18.9521
2009,07,29,0,0.1195978,33.68893
2009,07,29,1,0.2334632,58.94483
2009,07,29,2,0.2283137,57.84437
2009,07,29,3,0.1951513,50.85614
2009,07,29,4,0.2392707,60.163
2009,07,29,5,0.2801988,68.15382
2009,07,29,6,0.2335289,58.88064
2009,07,29,7,0.2114687,54.16536
2009,07,30,0,0.238677,59.61939
2009,07,30,1,0.2362161,58.61849
2009,07,30,2,0.2717776,65.60556
2009,07,30,3,0.3564674,81.49434
2009,07,30,4,0.3700491,84.22059
2009,07,30,5,0.4165075,92.38962
2009,07,30,6,0.4618739,99.91806
2009,07,30,7,0.457352,98.87306
2009,07,31,0,0.3653003,83.47748
2009,07,31,1,0.2646128,65.02784
2009,07,31,2,0.304521,72.67783
2009,07,31,3,0.3661545,83.82715
2009,07,31,4,0.4893436,104.2338
2009,07,31,5,0.5366192,111.6193
2009,07,31,6,0.3962964,89.47326
2009,07,31,7,0.533949,111.1308
2010,07,1,0,0.07387171,23.26457
2010,07,1,1,0.05979692,19.87977
2010,07,1,2,0.05945344,19.7197
2010,07,1,3,0.05475641,18.52128
2010,07,1,4,0.09560536,28.64555
2010,07,1,5,0.07991364,24.89934
2010,07,1,6,0.06318953,20.7102
2010,07,1,7,0.06211247,20.48766
2010,07,2,0,0.07119281,22.7938
2010,07,2,1,0.07798915,24.46494
2010,07,2,2,0.07849158,24.55842
2010,07,2,3,0.07668094,24.12681
2010,07,2,4,0.07745266,24.35468
2010,07,2,5,0.08591905,26.53347
2010,07,2,6,0.0743849,23.68783
2010,07,2,7,0.06817161,22.10504
2010,07,3,0,0.06647532,21.6872
2010,07,3,1,0.06269145,20.76271
2010,07,3,2,0.05957269,19.96184
2010,07,3,3,0.05710792,19.31694
2010,07,3,4,0.06069204,20.27331
2010,07,3,5,0.0812043,25.46664
2010,07,3,6,0.072521,23.30387
2010,07,3,7,0.07402103,23.66356
2010,07,4,0,0.08069756,25.31022
2010,07,4,1,0.08724467,26.8782
2010,07,4,2,0.09683719,29.19868
2010,07,4,3,0.1052905,31.25333
2010,07,4,4,0.1397243,39.34771
2010,07,4,5,0.1495385,41.56826
2010,07,4,6,0.1504274,41.76676
2010,07,4,7,0.122988,35.46451
2010,07,5,0,0.09786575,29.4827
2010,07,5,1,0.1008995,30.20863
2010,07,5,2,0.1055832,31.31786
2010,07,5,3,0.1333502,37.92227
2010,07,5,4,0.1754105,47.4762
2010,07,5,5,0.1346888,38.19672
2010,07,5,6,0.1008835,30.18971
2010,07,5,7,0.08736252,26.92298
2010,07,6,0,0.08615049,26.63236
2010,07,6,1,0.07585144,24.09577
2010,07,6,2,0.0854576,26.36672
2010,07,6,3,0.1313637,37.26721
2010,07,6,4,0.2183245,56.53155
2010,07,6,5,0.2445698,61.78204
2010,07,6,6,0.3381278,79.90956
2010,07,6,7,0.3354575,79.40448
2010,07,7,0,0.2192737,56.47465
2010,07,7,1,0.1832213,48.75774
2010,07,7,2,0.1771218,47.35755
2010,07,7,3,0.2301736,58.73742
2010,07,7,4,0.3199863,76.48557
2010,07,7,5,0.2684017,66.48408
2010,07,7,6,0.1794517,47.9023
2010,07,7,7,0.1759054,47.03748
2010,07,8,0,0.18608,49.20534
2010,07,8,1,0.2066877,53.66795
2010,07,8,2,0.2123708,54.76086
2010,07,8,3,0.3031951,73.04332
2010,07,8,4,0.4471406,98.71747
2010,07,8,5,0.4305971,96.0438
2010,07,8,6,0.3432723,80.78893
2010,07,8,7,0.2555072,63.93848
2010,07,9,0,0.1827467,48.59359
2010,07,9,1,0.15316,42.05548
2010,07,9,2,0.1380695,38.79465
2010,07,9,3,0.1263015,36.14461
2010,07,9,4,0.1049994,31.29382
2010,07,9,5,0.08745236,27.16343
2010,07,9,6,0.06966393,22.73445
2010,07,9,7,0.07139257,23.19879
2010,07,10,0,0.07087755,23.02709
2010,07,10,1,0.05155898,18.03024
2010,07,10,2,0.06935938,22.52626
2010,07,10,3,0.1484807,41.4976
2010,07,10,4,0.1951443,51.97794
2010,07,10,5,0.2211608,57.45208
2010,07,10,6,0.2328835,59.71595
2010,07,10,7,0.2678642,66.68142
2010,07,11,0,0.2672555,66.4631
2010,07,11,1,0.3026274,73.31849
2010,07,11,2,0.3024974,73.0897
2010,07,11,3,0.3068111,73.82711
2010,07,11,4,0.3660377,84.54459
2010,07,11,5,0.2602296,63.9872
2010,07,11,6,0.1822966,47.62708
2010,07,11,7,0.1875139,48.53833
2010,07,12,0,0.2233789,55.68188
2010,07,12,1,0.3185124,73.64606
2010,07,12,2,0.2968187,69.27228
2010,07,12,3,0.2981263,69.79598
2010,07,12,4,0.2837664,67.3467
2010,07,12,5,0.1856966,48.03165
2010,07,12,6,0.1078994,31.14688
2010,07,12,7,0.05797688,19.25505
2010,07,13,0,0.03903214,14.49071
2010,07,13,1,0.03232031,12.70008
2010,07,13,2,0.03796831,13.93592
2010,07,13,3,0.04261718,15.07475
2010,07,13,4,0.0598091,19.34953
2010,07,13,5,0.07161258,22.36432
2010,07,13,6,0.07801307,23.92045
2010,07,13,7,0.07021041,22.10478
2010,07,14,0,0.05479077,18.30976
2010,07,14,1,0.04564805,15.98377
2010,07,14,2,0.043416,15.40395
2010,07,14,3,0.04262443,15.23459
2010,07,14,4,0.04327675,15.44098
2010,07,14,5,0.05768308,19.16767
2010,07,14,6,0.0794792,24.64229
2010,07,14,7,0.1019813,30.04528
2010,07,15,0,0.1200297,34.12598
2010,07,15,1,0.1907152,49.54345
2010,07,15,2,0.2196711,55.33072
2010,07,15,3,0.1654521,43.86434
2010,07,15,4,0.1558127,41.6406
2010,07,15,5,0.1287003,35.5309
2010,07,15,6,0.1171384,32.80676
2010,07,15,7,0.07328506,22.60208
2010,07,16,0,0.08578742,25.44152
2010,07,16,1,0.1333469,36.37051
2010,07,16,2,0.05475551,18.3244
2010,07,16,3,0.0742099,23.14452
2010,07,16,4,0.1265294,35.63094
2010,07,16,5,0.1378002,38.49489
2010,07,16,6,0.1032657,30.56921
2010,07,16,7,0.06695868,21.70078
2010,07,17,0,0.0559756,18.9612
2010,07,17,1,0.06535182,21.3182
2010,07,17,2,0.0684325,22.09341
2010,07,17,3,0.07097266,22.7107
2010,07,17,4,0.08388456,25.87568
2010,07,17,5,0.09188404,27.75375
2010,07,17,6,0.08154113,25.00302
2010,07,17,7,0.08190387,25.11231
2010,07,18,0,0.07819697,24.3332
2010,07,18,1,0.07783178,24.34704
2010,07,18,2,0.07317008,23.29061
2010,07,18,3,0.06663665,21.74867
2010,07,18,4,0.05643319,19.17565
2010,07,18,5,0.04339614,15.85905
2010,07,18,6,0.03790446,14.40985
2010,07,18,7,0.04503587,16.29491
2010,07,19,0,0.04808689,17.12277
2010,07,19,1,0.04440445,16.16766
2010,07,19,2,0.04094685,15.24321
2010,07,19,3,0.04172822,15.4585
2010,07,19,4,0.05309411,18.43841
2010,07,19,5,0.05951251,20.07192
2010,07,19,6,0.06075274,20.39639
2010,07,19,7,0.05922539,19.99547
2010,07,20,0,0.05278009,18.33597
2010,07,20,1,0.05326604,18.42214
2010,07,20,2,0.04751455,16.91744
2010,07,20,3,0.0428255,15.65422
2010,07,20,4,0.05711148,19.31762
2010,07,20,5,0.07452526,23.67527
2010,07,20,6,0.06179726,20.44296
2010,07,20,7,0.06007027,19.88597
2010,07,21,0,0.06225935,20.38007
2010,07,21,1,0.06650398,21.41933
2010,07,21,2,0.06488708,21.08221
2010,07,21,3,0.06326104,20.72581
2010,07,21,4,0.07045293,22.51978
2010,07,21,5,0.07665607,24.14807
2010,07,21,6,0.05518479,18.79335
2010,07,21,7,0.04597559,16.40156
2010,07,22,0,0.04089234,15.06606
2010,07,22,1,0.03900276,14.55451
2010,07,22,2,0.04010043,14.82919
2010,07,22,3,0.03977908,14.7934
2010,07,22,4,0.03677886,14.04699
2010,07,22,5,0.03510381,13.65433
2010,07,22,6,0.03394516,13.3352
2010,07,22,7,0.03534548,13.70047
2010,07,23,0,0.03731951,14.24523
2010,07,23,1,0.03720738,14.21908
2010,07,23,2,0.03856389,14.57976
2010,07,23,3,0.04039268,15.07148
2010,07,23,4,0.06800124,22.30876
2010,07,23,5,0.08602299,26.7352
2010,07,23,6,0.0859034,26.66718
2010,07,23,7,0.07879194,24.94594
2010,07,24,0,0.07215367,23.29662
2010,07,24,1,0.07836721,24.811
2010,07,24,2,0.09919731,29.83139
2010,07,24,3,0.1389353,38.95735
2010,07,24,4,0.2091673,54.23144
2010,07,24,5,0.1870413,49.41068
2010,07,24,6,0.1869366,49.33394
2010,07,24,7,0.220271,56.48716
2010,07,25,0,0.1956099,51.30862
2010,07,25,1,0.1148243,33.34488
2010,07,25,2,0.0599115,20.05877
2010,07,25,3,0.05215287,18.08459
2010,07,25,4,0.07402632,23.70245
2010,07,25,5,0.05717221,19.47833
2010,07,25,6,0.04779341,17.07527
2010,07,25,7,0.04669824,16.78682
2010,07,26,0,0.04559852,16.498
2010,07,26,1,0.04710101,16.88952
2010,07,26,2,0.04921689,17.43649
2010,07,26,3,0.0529276,18.38545
2010,07,26,4,0.08968553,27.61605
2010,07,26,5,0.1355474,38.41033
2010,07,26,6,0.1667304,45.31057
2010,07,26,7,0.1799989,48.16401
2010,07,27,0,0.173641,46.76957
2010,07,27,1,0.158965,43.5516
2010,07,27,2,0.1637276,44.6744
2010,07,27,3,0.1955831,51.79367
2010,07,27,4,0.2257804,58.26538
2010,07,27,5,0.2093844,54.85887
2010,07,27,6,0.1866095,50.0394
2010,07,27,7,0.1478327,41.41402
2010,07,28,0,0.1066391,31.79583
2010,07,28,1,0.06298647,21.04645
2010,07,28,2,0.03653944,14.11758
2010,07,28,3,0.05527007,19.04724
2010,07,28,4,0.1156745,33.97848
2010,07,28,5,0.1259959,36.33254
2010,07,28,6,0.132987,37.95155
2010,07,28,7,0.1200365,34.921
2010,07,29,0,0.1234526,35.72482
2010,07,29,1,0.1100124,32.49049
2010,07,29,2,0.09023745,27.68847
2010,07,29,3,0.08389809,26.10118
2010,07,29,4,0.07644641,24.23316
2010,07,29,5,0.05198211,18.02807
2010,07,29,6,0.04308178,15.68921
2010,07,29,7,0.03926248,14.65223
2010,07,30,0,0.03700763,14.02959
2010,07,30,1,0.03815773,14.3427
2010,07,30,2,0.05531142,18.83141
2010,07,30,3,0.09172165,27.87853
2010,07,30,4,0.1180906,34.13143
2010,07,30,5,0.1150004,33.41253
2010,07,30,6,0.13227,37.43055
2010,07,30,7,0.1404354,39.29901
2010,07,31,0,0.1632246,44.39252
2010,07,31,1,0.1879098,49.80032
2010,07,31,2,0.1665328,45.2465
2010,07,31,3,0.1470466,41.00482
2010,07,31,4,0.1584488,43.69563
2010,07,31,5,0.1496603,41.77101
2010,07,31,6,0.1204423,34.97694
2010,07,31,7,0.09383782,28.58029
2011,07,1,0,0.02553431,10.90798
2011,07,1,1,0.02480175,10.76366
2011,07,1,2,0.03987424,14.76098
2011,07,1,3,0.05716406,19.29792
2011,07,1,4,0.06711654,21.82486
2011,07,1,5,0.07464352,23.5506
2011,07,1,6,0.07546508,23.6426
2011,07,1,7,0.08759237,26.40574
2011,07,2,0,0.06639143,21.10795
2011,07,2,1,0.05048307,17.30047
2011,07,2,2,0.04648956,16.3536
2011,07,2,3,0.04818374,16.84033
2011,07,2,4,0.05915637,19.54893
2011,07,2,5,0.05245482,17.82555
2011,07,2,6,0.1358171,37.61878
2011,07,2,7,0.1282286,35.86323
2011,07,3,0,0.04457463,15.75711
2011,07,3,1,0.03748229,13.90059
2011,07,3,2,0.0344715,13.19922
2011,07,3,3,0.03583447,13.5727
2011,07,3,4,0.05251019,17.81481
2011,07,3,5,0.06149594,20.05225
2011,07,3,6,0.04478697,15.90684
2011,07,3,7,0.03568364,13.59157
2011,07,4,0,0.03363155,13.04866
2011,07,4,1,0.04364733,15.6658
2011,07,4,2,0.06161406,20.21865
2011,07,4,3,0.07867122,24.42217
2011,07,4,4,0.2316752,58.36678
2011,07,4,5,0.2486624,61.59355
2011,07,4,6,0.4373687,96.11835
2011,07,4,7,0.386983,87.50469
2011,07,5,0,0.2865095,69.21741
2011,07,5,1,0.2363621,59.01038
2011,07,5,2,0.1741644,45.89139
2011,07,5,3,0.1135483,32.41016
2011,07,5,4,0.3585715,81.01668
2011,07,5,5,0.2575499,62.71896
2011,07,5,6,0.08262906,24.93649
2011,07,5,7,0.03830138,14.27179
2011,07,6,0,0.05197949,17.78619
2011,07,6,1,0.07325257,23.11462
2011,07,6,2,0.07825471,24.37916
2011,07,6,3,0.08075467,25.04463
2011,07,6,4,0.09541784,28.61664
2011,07,6,5,0.0832968,25.70308
2011,07,6,6,0.08870224,27.03191
2011,07,6,7,0.1033677,30.52615
2011,07,7,0,0.09960048,29.60791
2011,07,7,1,0.08727408,26.6016
2011,07,7,2,0.08062322,24.99745
2011,07,7,3,0.08448066,25.93169
2011,07,7,4,0.05769381,19.28928
2011,07,7,5,0.0495623,17.20809
2011,07,7,6,0.05060084,17.52041
2011,07,7,7,0.04592453,16.28788
2011,07,8,0,0.05066958,17.4208
2011,07,8,1,0.05758703,19.12479
2011,07,8,2,0.06173074,20.1736
2011,07,8,3,0.06327181,20.57184
2011,07,8,4,0.07472517,23.41675
2011,07,8,5,0.07392288,23.23009
2011,07,8,6,0.06205775,20.27697
2011,07,8,7,0.05261186,17.88468
2011,07,9,0,0.04972191,17.13701
2011,07,9,1,0.05193489,17.68568
2011,07,9,2,0.04985402,17.13651
2011,07,9,3,0.0484577,16.71985
2011,07,9,4,0.06501875,20.83672
2011,07,9,5,0.05932482,19.30726
2011,07,9,6,0.05294213,17.60979
2011,07,9,7,0.05322029,17.67488
2011,07,10,0,0.05918446,19.13321
2011,07,10,1,0.0654157,20.6384
2011,07,10,2,0.06462339,20.48371
2011,07,10,3,0.06336076,20.20955
2011,07,10,4,0.06368662,20.32263
2011,07,10,5,0.05494684,18.20282
2011,07,10,6,0.05110095,17.27288
2011,07,10,7,0.05196293,17.51214
2011,07,11,0,0.05383762,17.98281
2011,07,11,1,0.0530885,17.79165
2011,07,11,2,0.05196661,17.51203
2011,07,11,3,0.05227859,17.61185
2011,07,11,4,0.05878361,19.28722
2011,07,11,5,0.06707323,21.35524
2011,07,11,6,0.07129097,22.33555
2011,07,11,7,0.07888396,24.11659
2011,07,12,0,0.08458251,25.47822
2011,07,12,1,0.08332111,25.16679
2011,07,12,2,0.08148921,24.70337
2011,07,12,3,0.07895041,24.1063
2011,07,12,4,0.08236872,24.99274
2011,07,12,5,0.09427288,27.93907
2011,07,12,6,0.08674538,26.17605
2011,07,12,7,0.07736213,23.89419
2011,07,13,0,0.07103626,22.32146
2011,07,13,1,0.06520514,20.84545
2011,07,13,2,0.05562614,18.36689
2011,07,13,3,0.05580877,18.32479
2011,07,13,4,0.07246628,22.50709
2011,07,13,5,0.08216767,24.91894
2011,07,13,6,0.07398836,22.91756
2011,07,13,7,0.06867733,21.56126
2011,07,14,0,0.07028182,21.85344
2011,07,14,1,0.07208686,22.2696
2011,07,14,2,0.07314064,22.54388
2011,07,14,3,0.07595014,23.16732
2011,07,14,4,0.07646933,23.31336
2011,07,14,5,0.07248789,22.37792
2011,07,14,6,0.06614783,20.74312
2011,07,14,7,0.0609035,19.45807
2011,07,15,0,0.05703874,18.50686
2011,07,15,1,0.05339202,17.6313
2011,07,15,2,0.0517559,17.25803
2011,07,15,3,0.05308786,17.60779
2011,07,15,4,0.06017938,19.37703
2011,07,15,5,0.06327266,20.15557
2011,07,15,6,0.06812093,21.37552
2011,07,15,7,0.07087902,22.06906
2011,07,16,0,0.06576276,20.89711
2011,07,16,1,0.05811358,19.10544
2011,07,16,2,0.05279797,17.8811
2011,07,16,3,0.05247674,17.87376
2011,07,16,4,0.05634146,18.88457
2011,07,16,5,0.05868315,19.42471
2011,07,16,6,0.05891982,19.45028
2011,07,16,7,0.06170227,20.13803
2011,07,17,0,0.06067437,19.82957
2011,07,17,1,0.06791557,21.48484
2011,07,17,2,0.0719322,22.41189
2011,07,17,3,0.07192593,22.42363
2011,07,17,4,0.07230933,22.55002
2011,07,17,5,0.06712031,21.38531
2011,07,17,6,0.05421644,18.33915
2011,07,17,7,0.05461258,18.29933
2011,07,18,0,0.05565336,18.49446
2011,07,18,1,0.08661694,25.65443
2011,07,18,2,0.07575789,23.30498
2011,07,18,3,0.0949926,27.96115
2011,07,18,4,0.156505,42.07995
2011,07,18,5,0.1714316,45.57248
2011,07,18,6,0.1492269,40.73352
2011,07,18,7,0.1254383,35.28155
2011,07,19,0,0.1174342,33.29035
2011,07,19,1,0.1216877,34.12854
2011,07,19,2,0.1203297,33.7731
2011,07,19,3,0.108826,31.25117
2011,07,19,4,0.1316655,36.69931
2011,07,19,5,0.153374,41.56044
2011,07,19,6,0.1606711,43.04442
2011,07,19,7,0.1439433,39.22857
2011,07,20,0,0.1204293,33.88381
2011,07,20,1,0.1041155,30.06951
2011,07,20,2,0.08954435,26.64773
2011,07,20,3,0.08180547,24.95031
2011,07,20,4,0.08817994,26.64076
2011,07,20,5,0.09041518,27.25128
2011,07,20,6,0.08312958,25.49072
2011,07,20,7,0.08367238,25.57912
2011,07,21,0,0.08881357,26.79918
2011,07,21,1,0.09227197,27.65612
2011,07,21,2,0.09116141,27.47992
2011,07,21,3,0.1230018,34.96032
2011,07,21,4,0.1119321,32.66057
2011,07,21,5,0.1262405,36.01948
2011,07,21,6,0.1337738,37.81636
2011,07,21,7,0.1328252,37.67621
2011,07,22,0,0.1319383,37.51351
2011,07,22,1,0.13184,37.47319
2011,07,22,2,0.1111666,32.53047
2011,07,22,3,0.09400678,28.34417
2011,07,22,4,0.1072451,31.48164
2011,07,22,5,0.1136397,32.98798
2011,07,22,6,0.1057162,31.12376
2011,07,22,7,0.09351958,28.22287
2011,07,23,0,0.07263859,23.11153
2011,07,23,1,0.06425899,21.03418
2011,07,23,2,0.08083116,25.04877
2011,07,23,3,0.1063317,31.12895
2011,07,23,4,0.1357138,37.99045
2011,07,23,5,0.1488172,40.97404
2011,07,23,6,0.1534176,42.03859
2011,07,23,7,0.1642955,44.54183
2011,07,24,0,0.1981903,51.92406
2011,07,24,1,0.2042978,53.15458
2011,07,24,2,0.2094816,54.27251
2011,07,24,3,0.2167275,55.88036
2011,07,24,4,0.2514404,62.93127
2011,07,24,5,0.2723039,67.02663
2011,07,24,6,0.3531101,81.79588
2011,07,24,7,0.4540125,98.55487
2011,07,25,0,0.4907789,104.0664
2011,07,25,1,0.5199066,108.6733
2011,07,25,2,0.5518601,113.1726
2011,07,25,3,0.4934366,104.4548
2011,07,25,4,0.5016407,104.8476
2011,07,25,5,0.4306214,93.15449
2011,07,25,6,0.4522969,96.88675
2011,07,25,7,0.4178241,91.46284
2011,07,26,0,0.4170438,91.25769
2011,07,26,1,0.3854698,85.93563
2011,07,26,2,0.339061,77.88102
2011,07,26,3,0.2255969,56.78781
2011,07,26,4,0.2636779,64.56923
2011,07,26,5,0.2742782,66.6995
2011,07,26,6,0.2197639,55.80059
2011,07,26,7,0.1914764,50.08496
2011,07,27,0,0.1664244,44.94982
2011,07,27,1,0.1205422,34.74539
2011,07,27,2,0.1048576,31.06204
2011,07,27,3,0.09110876,27.66187
2011,07,27,4,0.08180122,25.37785
2011,07,27,5,0.085255,26.13143
2011,07,27,6,0.07140661,22.70301
2011,07,27,7,0.05498867,18.5637
2011,07,28,0,0.0504641,17.46074
2011,07,28,1,0.06375475,20.8453
2011,07,28,2,0.06719783,21.69948
2011,07,28,3,0.05927528,19.77098
2011,07,28,4,0.08413409,26.03941
2011,07,28,5,0.1869016,49.41197
2011,07,28,6,0.2650506,65.31766
2011,07,28,7,0.5030732,105.8927
2011,07,29,0,0.3439524,79.00595
2011,07,29,1,0.1996977,51.07254
2011,07,29,2,0.1899361,48.94561
2011,07,29,3,0.2857001,68.37336
2011,07,29,4,0.3173047,75.10144
2011,07,29,5,0.1545087,41.96137
2011,07,29,6,0.1016913,29.89253
2011,07,29,7,0.1055074,31.04398
2011,07,30,0,0.07766915,24.42533
2011,07,30,1,0.06169226,20.43863
2011,07,30,2,0.05509082,18.70573
2011,07,30,3,0.05661879,19.03947
2011,07,30,4,0.06915531,22.1937
2011,07,30,5,0.06685107,21.61049
2011,07,30,6,0.05218504,17.82723
2011,07,30,7,0.0468023,16.49934
2011,07,31,0,0.03807368,14.29976
2011,07,31,1,0.03541071,13.60374
2011,07,31,2,0.03357876,13.13188
2011,07,31,3,0.03294122,12.98033
2011,07,31,4,0.03425156,13.35424
2011,07,31,5,0.03532053,13.65976
2011,07,31,6,0.03011184,12.24453
2011,07,31,7,0.03087397,12.447
2012,07,1,0,0.05455516,18.50651
2012,07,1,1,0.057829,19.40078
2012,07,1,2,0.05940556,19.8547
2012,07,1,3,0.05652159,19.13549
2012,07,1,4,0.05523933,18.79553
2012,07,1,5,0.06856935,22.17291
2012,07,1,6,0.101131,30.19246
2012,07,1,7,0.1315404,37.35033
2012,07,2,0,0.1339184,37.84883
2012,07,2,1,0.1454636,40.37795
2012,07,2,2,0.1535715,42.19661
2012,07,2,3,0.2128506,55.07096
2012,07,2,4,0.2863159,69.79446
2012,07,2,5,0.3203489,76.11302
2012,07,2,6,0.2604393,64.63926
2012,07,2,7,0.2490344,62.59473
2012,07,3,0,0.2494735,62.72179
2012,07,3,1,0.226323,58.0404
2012,07,3,2,0.1904734,50.68317
2012,07,3,3,0.1290415,36.98239
2012,07,3,4,0.1000001,29.91217
2012,07,3,5,0.09872766,29.42703
2012,07,3,6,0.1498829,41.58975
2012,07,3,7,0.1835345,49.20399
2012,07,4,0,0.2228666,57.67782
2012,07,4,1,0.2458118,62.30306
2012,07,4,2,0.2301881,59.16244
2012,07,4,3,0.3067631,74.16159
2012,07,4,4,0.1023279,30.16478
2012,07,4,5,0.03156479,12.62387
2012,07,4,6,0.03030498,12.19969
2012,07,4,7,0.04136861,15.07686
2012,07,5,0,0.04475399,16.06989
2012,07,5,1,0.04561647,16.38118
2012,07,5,2,0.03814882,14.37071
2012,07,5,3,0.03774238,14.11046
2012,07,5,4,0.0668554,21.52873
2012,07,5,5,0.1342481,37.58312
2012,07,5,6,0.2155521,55.51996
2012,07,5,7,0.3035334,72.41874
2012,07,6,0,0.3441414,80.32761
2012,07,6,1,0.2404646,60.46468
2012,07,6,2,0.2107746,54.40566
2012,07,6,3,0.1993979,52.07343
2012,07,6,4,0.2112283,54.66102
2012,07,6,5,0.1808383,48.11712
2012,07,6,6,0.1271924,36.12453
2012,07,6,7,0.1441566,40.04781
2012,07,7,0,0.1515483,41.68681
2012,07,7,1,0.1931578,50.68553
2012,07,7,2,0.2368584,59.65631
2012,07,7,3,0.3598306,83.17625
2012,07,7,4,0.5261476,111.5799
2012,07,7,5,0.6295611,126.0188
2012,07,7,6,0.508951,106.9304
2012,07,7,7,0.2978396,70.81453
2012,07,8,0,0.1170655,33.46667
2012,07,8,1,0.03901586,14.52136
2012,07,8,2,0.05690582,18.99095
2012,07,8,3,0.09028586,27.22283
2012,07,8,4,0.09634248,28.77645
2012,07,8,5,0.1245336,35.48152
2012,07,8,6,0.1379648,38.64968
2012,07,8,7,0.1376725,38.65658
2012,07,9,0,0.1397864,39.09503
2012,07,9,1,0.1326067,37.5012
2012,07,9,2,0.1028517,30.50084
2012,07,9,3,0.08328633,25.56908
2012,07,9,4,0.07607674,23.49077
2012,07,9,5,0.06809913,21.44691
2012,07,9,6,0.05721891,18.83859
2012,07,9,7,0.05458803,18.23986
2012,07,10,0,0.04839525,16.56395
2012,07,10,1,0.04924156,16.73131
2012,07,10,2,0.05454823,18.21434
2012,07,10,3,0.05296257,17.92349
2012,07,10,4,0.0605035,19.73358
2012,07,10,5,0.06573994,21.18465
2012,07,10,6,0.05741319,19.26247
2012,07,10,7,0.04744595,16.71932
2012,07,11,0,0.04582791,16.2774
2012,07,11,1,0.04412239,15.85968
2012,07,11,2,0.04551363,16.22232
2012,07,11,3,0.04451632,15.95858
2012,07,11,4,0.04322756,15.61846
2012,07,11,5,0.04739253,16.66109
2012,07,11,6,0.04445223,15.9164
2012,07,11,7,0.04389602,15.76997
2012,07,12,0,0.05047005,17.41643
2012,07,12,1,0.04996383,17.243
2012,07,12,2,0.05227419,17.82322
2012,07,12,3,0.05307063,18.02294
2012,07,12,4,0.09240157,27.72781
2012,07,12,5,0.09453642,28.18128
2012,07,12,6,0.08935079,26.82825
2012,07,12,7,0.09110284,27.10838
2012,07,13,0,0.1098135,31.50406
2012,07,13,1,0.1177443,33.31601
2012,07,13,2,0.1687724,44.68045
2012,07,13,3,0.2576664,63.05791
2012,07,13,4,0.4622769,99.37281
2012,07,13,5,0.3937212,88.42489
2012,07,13,6,0.4929873,104.4027
2012,07,13,7,0.4492178,98.10877
2012,07,14,0,0.4244876,94.14415
2012,07,14,1,0.3202903,75.64241
2012,07,14,2,0.310162,74.02705
2012,07,14,3,0.2663265,65.55073
2012,07,14,4,0.1561916,42.18926
2012,07,14,5,0.08662324,26.06796
2012,07,14,6,0.1502437,40.34107
2012,07,14,7,0.3230661,74.79143
2012,07,15,0,0.3293081,76.24012
2012,07,15,1,0.1549576,41.64411
2012,07,15,2,0.04709289,16.27118
2012,07,15,3,0.1794695,47.06626
2012,07,15,4,0.2417769,60.03816
2012,07,15,5,0.2190073,55.26228
2012,07,15,6,0.1796235,47.10112
2012,07,15,7,0.06193391,20.20594
2012,07,16,0,0.04544693,15.9725
2012,07,16,1,0.07997296,24.33254
2012,07,16,2,0.1858984,48.61322
2012,07,16,3,0.2250127,56.88715
2012,07,16,4,0.1608003,43.61055
2012,07,16,5,0.06294902,20.50358
2012,07,16,6,0.07817387,24.09031
2012,07,16,7,0.09863416,29.03635
2012,07,17,0,0.09873052,29.13028
2012,07,17,1,0.1102675,31.94465
2012,07,17,2,0.1191952,34.05724
2012,07,17,3,0.1480196,40.69971
2012,07,17,4,0.1556615,42.43857
2012,07,17,5,0.09290375,27.7159
2012,07,17,6,0.07682629,23.98221
2012,07,17,7,0.0582851,19.30464
2012,07,18,0,0.05451017,18.41353
2012,07,18,1,0.05494075,18.55718
2012,07,18,2,0.05985653,19.8566
2012,07,18,3,0.06237006,20.53796
2012,07,18,4,0.06379174,20.89789
2012,07,18,5,0.06298459,20.68125
2012,07,18,6,0.06040586,20.04353
2012,07,18,7,0.05934623,19.77065
2012,07,19,0,0.05899851,19.67078
2012,07,19,1,0.06113015,20.17215
2012,07,19,2,0.06770796,21.78092
2012,07,19,3,0.0690323,22.10354
2012,07,19,4,0.0610947,20.08853
2012,07,19,5,0.0594693,19.63718
2012,07,19,6,0.05782409,19.24166
2012,07,19,7,0.05378898,18.24252
2012,07,20,0,0.04900685,16.99018
2012,07,20,1,0.05466067,18.29867
2012,07,20,2,0.05771363,18.98156
2012,07,20,3,0.05524791,18.28234
2012,07,20,4,0.05450646,18.17704
2012,07,20,5,0.1015334,29.8031
2012,07,20,6,0.1152467,33.20475
2012,07,20,7,0.08673584,26.29709
2012,07,21,0,0.1002779,29.34459
2012,07,21,1,0.05940164,19.62216
2012,07,21,2,0.07172289,22.62073
2012,07,21,3,0.08870915,26.60143
2012,07,21,4,0.1292359,35.77987
2012,07,21,5,0.2007527,50.99168
2012,07,21,6,0.1850596,47.69313
2012,07,21,7,0.1700755,44.87076
2012,07,22,0,0.1483268,40.24723
2012,07,22,1,0.1321088,36.95327
2012,07,22,2,0.1137036,32.59972
2012,07,22,3,0.09333161,27.53981
2012,07,22,4,0.08676513,26.01635
2012,07,22,5,0.06186724,20.20422
2012,07,22,6,0.03364971,13.09718
2012,07,22,7,0.02661819,11.19099
2012,07,23,0,0.03072963,12.12972
2012,07,23,1,0.04322816,15.11614
2012,07,23,2,0.08780359,25.65278
2012,07,23,3,0.1105725,31.09835
2012,07,23,4,0.1027044,29.45772
2012,07,23,5,0.09005494,26.64682
2012,07,23,6,0.08022102,24.28542
2012,07,23,7,0.09328938,27.40505
2012,07,24,0,0.1213338,34.05991
2012,07,24,1,0.1589201,42.78906
2012,07,24,2,0.1349867,37.42553
2012,07,24,3,0.1332959,36.68562
2012,07,24,4,0.1487881,40.06278
2012,07,24,5,0.1037857,30.30081
2012,07,24,6,0.07822416,24.23026
2012,07,24,7,0.07394724,23.10096
2012,07,25,0,0.07829178,24.1612
2012,07,25,1,0.07398661,23.12901
2012,07,25,2,0.07925086,24.40348
2012,07,25,3,0.1024608,30.1273
2012,07,25,4,0.1101173,31.9806
2012,07,25,5,0.1010892,29.94942
2012,07,25,6,0.09445669,28.43056
2012,07,25,7,0.09050451,27.47974
2012,07,26,0,0.08506666,26.14952
2012,07,26,1,0.08042686,24.96795
2012,07,26,2,0.07447716,23.45337
2012,07,26,3,0.06386516,20.78084
2012,07,26,4,0.05866222,19.39173
2012,07,26,5,0.05722634,18.89797
2012,07,26,6,0.06327787,20.31163
2012,07,26,7,0.06282008,20.26244
2012,07,27,0,0.05799307,19.15572
2012,07,27,1,0.04115914,15.26417
2012,07,27,2,0.0573864,19.24177
2012,07,27,3,0.04463744,15.80489
2012,07,27,4,0.0610148,19.87961
2012,07,27,5,0.06787146,21.66862
2012,07,27,6,0.05691355,19.05437
2012,07,27,7,0.0583058,19.22119
2012,07,28,0,0.05789852,19.21728
2012,07,28,1,0.06817023,21.88124
2012,07,28,2,0.07027021,22.44216
2012,07,28,3,0.04860946,17.04841
2012,07,28,4,0.04519675,16.18225
2012,07,28,5,0.03720538,14.04469
2012,07,28,6,0.0353686,13.48041
2012,07,28,7,0.03680351,13.84339
2012,07,29,0,0.03847499,14.29376
2012,07,29,1,0.04169694,15.1206
2012,07,29,2,0.04408825,15.7148
2012,07,29,3,0.04497226,15.93972
2012,07,29,4,0.04244745,15.29692
2012,07,29,5,0.04177219,15.11217
2012,07,29,6,0.04273287,15.39223
2012,07,29,7,0.03972938,14.73586
2012,07,30,0,0.03994728,14.83777
2012,07,30,1,0.03973587,14.79887
2012,07,30,2,0.0382383,14.41018
2012,07,30,3,0.03795738,14.29575
2012,07,30,4,0.0341984,13.24744
2012,07,30,5,0.0332632,12.97462
2012,07,30,6,0.03335404,12.97144
2012,07,30,7,0.03281292,12.81742
2012,07,31,0,0.03365027,13.0275
2012,07,31,1,0.034299,13.22685
2012,07,31,2,0.03964711,14.6841
2012,07,31,3,0.05392499,18.40594
2012,07,31,4,0.09416767,28.30297
2012,07,31,5,0.153658,41.8685
2012,07,31,6,0.153728,41.66386
2012,07,31,7,0.1493433,40.92253
2013,07,1,0,0.3846368,87.19714
2013,07,1,1,0.3810921,86.47135
2013,07,1,2,0.437108,95.88902
2013,07,1,3,0.4582636,99.44704
2013,07,1,4,0.4844504,103.4716
2013,07,1,5,0.5071625,107.1565
2013,07,1,6,0.4791485,102.9084
2013,07,1,7,0.4196454,93.57442
2013,07,2,0,0.3539969,82.19729
2013,07,2,1,0.2710284,66.62317
2013,07,2,2,0.2178024,55.79163
2013,07,2,3,0.1832993,48.36224
2013,07,2,4,0.2450317,61.20493
2013,07,2,5,0.2972914,71.44116
2013,07,2,6,0.3217428,76.128
2013,07,2,7,0.3246359,76.8897
2013,07,3,0,0.2788254,68.07398
2013,07,3,1,0.2046756,52.78159
2013,07,3,2,0.1642449,43.96105
2013,07,3,3,0.1764955,46.76237
2013,07,3,4,0.2223117,56.4872
2013,07,3,5,0.2393755,60.05345
2013,07,3,6,0.2544593,63.22621
2013,07,3,7,0.2907229,70.43066
2013,07,4,0,0.351286,81.80451
2013,07,4,1,0.3818371,87.13783
2013,07,4,2,0.3754375,86.12288
2013,07,4,3,0.3364156,79.25807
2013,07,4,4,0.3618268,83.58051
2013,07,4,5,0.3549337,82.29976
2013,07,4,6,0.3161094,75.3529
2013,07,4,7,0.3003938,72.55988
2013,07,5,0,0.307563,73.76286
2013,07,5,1,0.3313049,77.98863
2013,07,5,2,0.3012588,72.55416
2013,07,5,3,0.2847797,69.11094
2013,07,5,4,0.4895693,104.52
2013,07,5,5,0.4171785,92.72981
2013,07,5,6,0.2528178,63.33217
2013,07,5,7,0.2609366,64.94628
2013,07,6,0,0.2698981,67.05855
2013,07,6,1,0.2534809,63.6717
2013,07,6,2,0.2693466,66.83139
2013,07,6,3,0.2875038,70.45825
2013,07,6,4,0.4052935,92.32406
2013,07,6,5,0.2512896,63.40712
2013,07,6,6,0.1450391,40.66526
2013,07,6,7,0.09927601,29.90329
2013,07,7,0,0.09045129,27.777
2013,07,7,1,0.08683963,26.86031
2013,07,7,2,0.08329636,25.95645
2013,07,7,3,0.09732625,29.44826
2013,07,7,4,0.1555934,43.13687
2013,07,7,5,0.1644502,45.17819
2013,07,7,6,0.1118096,33.00265
2013,07,7,7,0.09158937,28.03741
2013,07,8,0,0.0627996,20.78538
2013,07,8,1,0.04597342,16.43599
2013,07,8,2,0.04748365,16.69414
2013,07,8,3,0.04671729,16.48704
2013,07,8,4,0.06794645,21.95537
2013,07,8,5,0.06678095,21.65262
2013,07,8,6,0.05872256,19.45798
2013,07,8,7,0.06063807,19.85273
2013,07,9,0,0.05943717,19.39342
2013,07,9,1,0.07535481,23.10285
2013,07,9,2,0.1031547,29.87111
2013,07,9,3,0.1335727,37.0665
2013,07,9,4,0.1971046,51.1129
2013,07,9,5,0.2257623,57.13779
2013,07,9,6,0.2401435,60.05385
2013,07,9,7,0.2661485,65.26312
2013,07,10,0,0.2468711,61.44877
2013,07,10,1,0.2145988,54.90319
2013,07,10,2,0.154015,41.89887
2013,07,10,3,0.1213042,34.58845
2013,07,10,4,0.1347248,37.81236
2013,07,10,5,0.1225063,35.06184
2013,07,10,6,0.09923895,29.55694
2013,07,10,7,0.09245733,27.99703
2013,07,11,0,0.06995313,22.58065
2013,07,11,1,0.06393987,21.05949
2013,07,11,2,0.05674179,19.24465
2013,07,11,3,0.04784162,16.96205
2013,07,11,4,0.05829597,19.67009
2013,07,11,5,0.07628797,24.1955
2013,07,11,6,0.08049694,25.20448
2013,07,11,7,0.06392435,21.00809
2013,07,12,0,0.0474166,16.67218
2013,07,12,1,0.04552102,16.15034
2013,07,12,2,0.04341071,15.6243
2013,07,12,3,0.04045797,14.88521
2013,07,12,4,0.0455218,16.23935
2013,07,12,5,0.05214592,17.95056
2013,07,12,6,0.05215712,17.93127
2013,07,12,7,0.05837975,19.44079
2013,07,13,0,0.0596804,19.72856
2013,07,13,1,0.05506312,18.67962
2013,07,13,2,0.06109836,20.25421
2013,07,13,3,0.0651119,21.28802
2013,07,13,4,0.07379428,23.46813
2013,07,13,5,0.08822747,26.97398
2013,07,13,6,0.1226693,35.13228
2013,07,13,7,0.1725306,46.33788
2013,07,14,0,0.2142882,55.23358
2013,07,14,1,0.2188369,56.09187
2013,07,14,2,0.2329597,58.86796
2013,07,14,3,0.3139582,74.56668
2013,07,14,4,0.4034119,90.84792
2013,07,14,5,0.2730252,67.06201
2013,07,14,6,0.1924056,50.47749
2013,07,14,7,0.1452936,40.14056
2013,07,15,0,0.1239375,35.2283
2013,07,15,1,0.1156943,33.316
2013,07,15,2,0.1037306,30.573
2013,07,15,3,0.08082177,25.1197
2013,07,15,4,0.08992676,27.38315
2013,07,15,5,0.1733947,46.60527
2013,07,15,6,0.1736944,46.66089
2013,07,15,7,0.1486219,41.21972
2013,07,16,0,0.06185816,20.44725
2013,07,16,1,0.05670308,19.0359
2013,07,16,2,0.06354669,20.67687
2013,07,16,3,0.07160342,22.58581
2013,07,16,4,0.1084595,31.55299
2013,07,16,5,0.1512448,41.45979
2013,07,16,6,0.1537877,42.09644
2013,07,16,7,0.1177232,33.95409
2013,07,17,0,0.1239596,35.23697
2013,07,17,1,0.1226684,34.76648
2013,07,17,2,0.1262124,35.51725
2013,07,17,3,0.1266835,35.6971
2013,07,17,4,0.1634618,44.04968
2013,07,17,5,0.1556613,42.36954
2013,07,17,6,0.1358762,37.97024
2013,07,17,7,0.1401703,38.87278
2013,07,18,0,0.1478057,40.59289
2013,07,18,1,0.1535456,41.87667
2013,07,18,2,0.1643175,44.28781
2013,07,18,3,0.1604342,43.41
2013,07,18,4,0.1961882,51.23413
2013,07,18,5,0.1984242,51.73735
2013,07,18,6,0.2294477,58.41756
2013,07,18,7,0.2592317,64.51384
2013,07,19,0,0.2186703,56.18039
2013,07,19,1,0.157403,42.96268
2013,07,19,2,0.07591394,23.81367
2013,07,19,3,0.05349096,18.06879
2013,07,19,4,0.05701477,18.95496
2013,07,19,5,0.05862091,19.32864
2013,07,19,6,0.05616303,18.83899
2013,07,19,7,0.06064406,19.95666
2013,07,20,0,0.06992759,22.2011
2013,07,20,1,0.08435134,25.59228
2013,07,20,2,0.1043216,30.23633
2013,07,20,3,0.09923178,29.05815
2013,07,20,4,0.1611394,43.17136
2013,07,20,5,0.1208683,33.79834
2013,07,20,6,0.11588,32.91205
2013,07,20,7,0.06406741,20.50196
2013,07,21,0,0.07753502,23.86292
2013,07,21,1,0.0813972,25.01276
2013,07,21,2,0.07966592,24.65132
2013,07,21,3,0.09197177,27.65113
2013,07,21,4,0.09565368,28.63824
2013,07,21,5,0.09384414,28.24159
2013,07,21,6,0.08605268,26.4105
2013,07,21,7,0.07868816,24.68493
2013,07,22,0,0.07239268,23.16444
2013,07,22,1,0.06749181,21.93762
2013,07,22,2,0.06446295,21.14528
2013,07,22,3,0.06076229,20.216
2013,07,22,4,0.05758064,19.46221
2013,07,22,5,0.04884318,17.22074
2013,07,22,6,0.03758747,14.23521
2013,07,22,7,0.03580764,13.72886
2013,07,23,0,0.03961285,14.72293
2013,07,23,1,0.03977618,14.76267
2013,07,23,2,0.03756993,14.17793
2013,07,23,3,0.04107381,15.00899
2013,07,23,4,0.07759436,24.3121
2013,07,23,5,0.1065881,31.2386
2013,07,23,6,0.1591244,42.72541
2013,07,23,7,0.2094087,53.28725
2013,07,24,0,0.1767109,46.25774
2013,07,24,1,0.1470704,39.69751
2013,07,24,2,0.1545861,41.46166
2013,07,24,3,0.1644156,43.65238
2013,07,24,4,0.2152469,53.90236
2013,07,24,5,0.2635409,63.03013
2013,07,24,6,0.2541035,61.70961
2013,07,24,7,0.2057263,52.40554
2013,07,25,0,0.1442544,39.73746
2013,07,25,1,0.08746763,26.78066
2013,07,25,2,0.03711507,13.91553
2013,07,25,3,0.05166098,17.57787
2013,07,25,4,0.06852024,22.07365
2013,07,25,5,0.116602,33.80448
2013,07,25,6,0.2808056,69.50847
2013,07,25,7,0.3324138,79.72182
2013,07,26,0,0.3047017,74.49517
2013,07,26,1,0.2647763,66.68661
2013,07,26,2,0.2473654,63.0565
2013,07,26,3,0.2116832,55.55375
2013,07,26,4,0.09819789,29.82165
2013,07,26,5,0.07974851,25.27924
2013,07,26,6,0.06501254,21.59303
2013,07,26,7,0.04846071,17.36001
2013,07,27,0,0.03985057,14.9624
2013,07,27,1,0.04620312,16.59118
2013,07,27,2,0.05255205,18.26776
2013,07,27,3,0.05910827,19.95494
2013,07,27,4,0.05834005,19.66293
2013,07,27,5,0.09195059,27.97199
2013,07,27,6,0.1070905,31.57373
2013,07,27,7,0.1043771,30.83166
2013,07,28,0,0.09671958,28.87467
2013,07,28,1,0.1122512,32.17831
2013,07,28,2,0.094011,28.06817
2013,07,28,3,0.06369109,20.81149
2013,07,28,4,0.06214873,20.40614
2013,07,28,5,0.06349413,20.65814
2013,07,28,6,0.04351775,15.60942
2013,07,28,7,0.0379514,14.14911
2013,07,29,0,0.04223584,15.26724
2013,07,29,1,0.05050493,17.43708
2013,07,29,2,0.05854478,19.49772
2013,07,29,3,0.06664388,21.46821
2013,07,29,4,0.07329948,23.05531
2013,07,29,5,0.07120298,22.60559
2013,07,29,6,0.05673196,19.02666
2013,07,29,7,0.04339863,15.62581
2013,07,30,0,0.04042393,14.89814
2013,07,30,1,0.04009889,14.83384
2013,07,30,2,0.04765323,16.77043
2013,07,30,3,0.05894994,19.61302
2013,07,30,4,0.07422687,23.37811
2013,07,30,5,0.08298669,25.50524
2013,07,30,6,0.07999134,24.81007
2013,07,30,7,0.08144561,25.17079
2013,07,31,0,0.07906892,24.56773
2013,07,31,1,0.07317048,23.10341
2013,07,31,2,0.07845087,24.31691
2013,07,31,3,0.08531657,25.96314
2013,07,31,4,0.09288121,27.77831
2013,07,31,5,0.1002436,29.56127
2013,07,31,6,0.09260029,27.75371
2013,07,31,7,0.08538296,26.03852
2014,07,1,0,0.1139111,32.96081
2014,07,1,1,0.09911757,29.50176
2014,07,1,2,0.0934936,28.10565
2014,07,1,3,0.1011444,29.9848
2014,07,1,4,0.1586933,43.56702
2014,07,1,5,0.192805,51.18733
2014,07,1,6,0.1542809,42.65584
2014,07,1,7,0.1149435,33.47934
2014,07,2,0,0.08290521,25.61383
2014,07,2,1,0.08304323,25.52793
2014,07,2,2,0.1073417,31.54525
2014,07,2,3,0.1054275,31.14262
2014,07,2,4,0.1450523,40.42489
2014,07,2,5,0.135237,38.19085
2014,07,2,6,0.1288061,36.61438
2014,07,2,7,0.1162546,33.6569
2014,07,3,0,0.08843197,27.0134
2014,07,3,1,0.09572704,28.82755
2014,07,3,2,0.1484473,41.13027
2014,07,3,3,0.1801031,48.0609
2014,07,3,4,0.2118691,54.72825
2014,07,3,5,0.2188174,56.17912
2014,07,3,6,0.1764198,47.27497
2014,07,3,7,0.1481471,40.99096
2014,07,4,0,0.1388995,38.88649
2014,07,4,1,0.1274346,36.23529
2014,07,4,2,0.1140895,33.11088
2014,07,4,3,0.09899892,29.53195
2014,07,4,4,0.1312554,37.1909
2014,07,4,5,0.147096,40.81326
2014,07,4,6,0.1194794,34.48173
2014,07,4,7,0.09215213,28.01824
2014,07,5,0,0.07806667,24.52384
2014,07,5,1,0.1271828,36.51052
2014,07,5,2,0.1538689,42.59036
2014,07,5,3,0.2338466,59.65857
2014,07,5,4,0.3135974,75.01019
2014,07,5,5,0.1635633,44.01265
2014,07,5,6,0.05268186,17.98604
2014,07,5,7,0.02588927,10.9835
2014,07,6,0,0.02352603,10.32525
2014,07,6,1,0.02489859,10.70574
2014,07,6,2,0.02794386,11.53372
2014,07,6,3,0.03400106,13.13308
2014,07,6,4,0.0588843,19.4457
2014,07,6,5,0.06386058,20.6526
2014,07,6,6,0.06727135,21.4422
2014,07,6,7,0.05471623,18.39503
2014,07,7,0,0.04155481,15.07139
2014,07,7,1,0.03854945,14.28471
2014,07,7,2,0.04236221,15.23992
2014,07,7,3,0.1620061,42.93312
2014,07,7,4,0.1404459,38.00592
2014,07,7,5,0.07441744,22.98757
2014,07,7,6,0.0491709,16.88277
2014,07,7,7,0.03828209,14.15796
2014,07,8,0,0.04399595,15.59299
2014,07,8,1,0.05408219,18.05635
2014,07,8,2,0.12144,33.71438
2014,07,8,3,0.0906267,26.7995
2014,07,8,4,0.06112601,19.89442
2014,07,8,5,0.02848343,11.65555
2014,07,8,6,0.02551937,10.84125
2014,07,8,7,0.02618661,10.98651
2014,07,9,0,0.02890291,11.69189
2014,07,9,1,0.03237061,12.57661
2014,07,9,2,0.03733477,13.83997
2014,07,9,3,0.04951294,16.89711
2014,07,9,4,0.08244,25.01385
2014,07,9,5,0.07051242,22.20979
2014,07,9,6,0.07311769,22.85949
2014,07,9,7,0.0806566,24.71096
2014,07,10,0,0.04151678,15.1317
2014,07,10,1,0.03260443,12.82383
2014,07,10,2,0.03539952,13.59134
2014,07,10,3,0.03860688,14.47471
2014,07,10,4,0.0397595,14.73431
2014,07,10,5,0.03535078,13.60924
2014,07,10,6,0.03100068,12.40104
2014,07,10,7,0.02944089,11.91542
2014,07,11,0,0.04318372,15.41331
2014,07,11,1,0.05826104,19.24792
2014,07,11,2,0.06951728,22.17099
2014,07,11,3,0.1320594,37.25998
2014,07,11,4,0.141895,39.4915
2014,07,11,5,0.1478361,40.66126
2014,07,11,6,0.1200906,34.17369
2014,07,11,7,0.123763,34.85061
2014,07,12,0,0.1635234,43.74514
2014,07,12,1,0.2113791,54.21911
2014,07,12,2,0.2153349,55.08234
2014,07,12,3,0.2769865,67.34784
2014,07,12,4,0.4007893,89.04063
2014,07,12,5,0.07270196,22.81359
2014,07,12,6,0.05185347,17.74001
2014,07,12,7,0.0414561,15.03189
2014,07,13,0,0.0417771,15.10827
2014,07,13,1,0.03520967,13.46685
2014,07,13,2,0.03561983,13.57026
2014,07,13,3,0.03597872,13.66911
2014,07,13,4,0.04769358,16.61514
2014,07,13,5,0.07331206,22.78015
2014,07,13,6,0.08127942,24.65195
2014,07,13,7,0.07315149,22.62811
2014,07,14,0,0.1022529,29.41961
2014,07,14,1,0.1323039,36.70574
2014,07,14,2,0.1052754,30.72511
2014,07,14,3,0.07518077,23.28443
2014,07,14,4,0.08991827,26.69939
2014,07,14,5,0.1061915,30.4049
2014,07,14,6,0.1184212,33.3427
2014,07,14,7,0.1037154,30.23226
2014,07,15,0,0.1059029,30.698
2014,07,15,1,0.1178193,33.52973
2014,07,15,2,0.1502287,40.62295
2014,07,15,3,0.1414499,38.78568
2014,07,15,4,0.1138365,32.58852
2014,07,15,5,0.08584631,26.1757
2014,07,15,6,0.05860692,19.48875
2014,07,15,7,0.05422668,18.25315
2014,07,16,0,0.0587134,19.30432
2014,07,16,1,0.07049187,22.03058
2014,07,16,2,0.0726963,22.66121
2014,07,16,3,0.08277104,25.10554
2014,07,16,4,0.08767064,26.31861
2014,07,16,5,0.08907548,26.75789
2014,07,16,6,0.0949142,28.22036
2014,07,16,7,0.09444496,28.28863
2014,07,17,0,0.08956087,27.11007
2014,07,17,1,0.06874342,22.05251
2014,07,17,2,0.04922417,17.26285
2014,07,17,3,0.04786568,16.91517
2014,07,17,4,0.04545744,16.33432
2014,07,17,5,0.04939055,17.39998
2014,07,17,6,0.06328839,20.98816
2014,07,17,7,0.06092371,20.32081
2014,07,18,0,0.0766272,24.02017
2014,07,18,1,0.07836359,24.35034
2014,07,18,2,0.04930845,17.16374
2014,07,18,3,0.02646222,11.26739
2014,07,18,4,0.02571689,11.08739
2014,07,18,5,0.03389404,13.30376
2014,07,18,6,0.04469488,16.10358
2014,07,18,7,0.05284946,18.21766
2014,07,19,0,0.06943748,22.47984
2014,07,19,1,0.07208518,23.14761
2014,07,19,2,0.0513814,17.82611
2014,07,19,3,0.05494245,18.72213
2014,07,19,4,0.05130588,17.85938
2014,07,19,5,0.06131036,20.35793
2014,07,19,6,0.07260774,23.1819
2014,07,19,7,0.07111525,22.77803
2014,07,20,0,0.06558272,21.38325
2014,07,20,1,0.05503205,18.69971
2014,07,20,2,0.04826352,16.94292
2014,07,20,3,0.04508866,16.13614
2014,07,20,4,0.06735263,21.83561
2014,07,20,5,0.06825658,22.07057
2014,07,20,6,0.04174586,15.31604
2014,07,20,7,0.02493327,10.79207
2014,07,21,0,0.02704801,11.3343
2014,07,21,1,0.02886665,11.81783
2014,07,21,2,0.03158255,12.60202
2014,07,21,3,0.03158727,12.62565
2014,07,21,4,0.03280605,12.92036
2014,07,21,5,0.03896031,14.51854
2014,07,21,6,0.03891652,14.44246
2014,07,21,7,0.03931951,14.48618
2014,07,22,0,0.04288301,15.37021
2014,07,22,1,0.0478988,16.67946
2014,07,22,2,0.05915948,19.58412
2014,07,22,3,0.06749522,21.62477
2014,07,22,4,0.0763104,23.81662
2014,07,22,5,0.1041956,30.49231
2014,07,22,6,0.1323643,37.34724
2014,07,22,7,0.1739698,46.56906
2014,07,23,0,0.1314963,37.01965
2014,07,23,1,0.06512671,21.09395
2014,07,23,2,0.04656734,16.36858
2014,07,23,3,0.04763742,16.64377
2014,07,23,4,0.06342306,20.50228
2014,07,23,5,0.0743471,23.19653
2014,07,23,6,0.1104597,31.59852
2014,07,23,7,0.1483551,40.1407
2014,07,24,0,0.1748141,46.18526
2014,07,24,1,0.1328371,37.18308
2014,07,24,2,0.08858788,26.88771
2014,07,24,3,0.06485944,21.02426
2014,07,24,4,0.07313212,23.18884
2014,07,24,5,0.07103679,22.60383
2014,07,24,6,0.05848392,19.46133
2014,07,24,7,0.05662193,19.00928
2014,07,25,0,0.05790111,19.3802
2014,07,25,1,0.05012939,17.40764
2014,07,25,2,0.05198564,17.96188
2014,07,25,3,0.06554547,21.58539
2014,07,25,4,0.1035658,31.05028
2014,07,25,5,0.1730016,46.92938
2014,07,25,6,0.1855618,49.50512
2014,07,25,7,0.220681,56.82176
2014,07,26,0,0.2481635,62.2993
2014,07,26,1,0.1082705,31.57236
2014,07,26,2,0.03858713,14.30552
2014,07,26,3,0.03309822,12.94348
2014,07,26,4,0.06810723,21.54837
2014,07,26,5,0.1033771,30.00261
2014,07,26,6,0.151715,41.13226
2014,07,26,7,0.1502167,41.10556
2014,07,27,0,0.1001865,29.77631
2014,07,27,1,0.1014974,30.11426
2014,07,27,2,0.1206146,34.74114
2014,07,27,3,0.1212974,34.88998
2014,07,27,4,0.1235386,35.29284
2014,07,27,5,0.1275284,36.34351
2014,07,27,6,0.1308804,37.15036
2014,07,27,7,0.1384987,38.87472
2014,07,28,0,0.1346162,37.97616
2014,07,28,1,0.1392251,38.98228
2014,07,28,2,0.134614,37.87164
2014,07,28,3,0.08947962,27.15731
2014,07,28,4,0.03748673,14.08324
2014,07,28,5,0.04901546,17.16843
2014,07,28,6,0.0815787,25.11658
2014,07,28,7,0.05818282,19.52899
2014,07,29,0,0.05306674,18.2641
2014,07,29,1,0.04799668,16.96305
2014,07,29,2,0.0421017,15.42008
2014,07,29,3,0.04283515,15.64552
2014,07,29,4,0.0438577,15.94333
2014,07,29,5,0.04228499,15.55438
2014,07,29,6,0.03589108,13.83399
2014,07,29,7,0.03471873,13.50064
2014,07,30,0,0.03388702,13.27042
2014,07,30,1,0.03470356,13.50902
2014,07,30,2,0.03734734,14.22909
2014,07,30,3,0.04138433,15.30555
2014,07,30,4,0.1025136,30.59519
2014,07,30,5,0.1414801,39.6147
2014,07,30,6,0.1127579,32.89339
2014,07,30,7,0.08321875,25.77577
2014,07,31,0,0.06867058,22.16889
2014,07,31,1,0.06052736,20.14397
2014,07,31,2,0.06043984,20.15559
2014,07,31,3,0.06676683,21.76802
2014,07,31,4,0.121858,35.11351
2014,07,31,5,0.1531069,42.27897
2014,07,31,6,0.1221386,35.12283
2014,07,31,7,0.1426687,39.87369
2015,07,1,0,0.06236372,20.10413
2015,07,1,1,0.0508149,17.22239
2015,07,1,2,0.05077387,17.1425
2015,07,1,3,0.0528671,17.67796
2015,07,1,4,0.0583422,19.07389
2015,07,1,5,0.05322822,17.94934
2015,07,1,6,0.05378078,18.06821
2015,07,1,7,0.05248968,17.76201
2015,07,2,0,0.05079852,17.36391
2015,07,2,1,0.04681181,16.35403
2015,07,2,2,0.04991526,17.18651
2015,07,2,3,0.05575675,18.80591
2015,07,2,4,0.06398747,20.95341
2015,07,2,5,0.06793615,21.91346
2015,07,2,6,0.05160497,17.73188
2015,07,2,7,0.04010388,14.77207
2015,07,3,0,0.04664558,16.46238
2015,07,3,1,0.0797222,24.87715
2015,07,3,2,0.09920565,29.61947
2015,07,3,3,0.09902515,29.61985
2015,07,3,4,0.1255773,35.74828
2015,07,3,5,0.1032016,30.45232
2015,07,3,6,0.08417034,25.88077
2015,07,3,7,0.08193557,25.30793
2015,07,4,0,0.08120833,25.29218
2015,07,4,1,0.0762206,24.04521
2015,07,4,2,0.08180095,25.18148
2015,07,4,3,0.114028,32.55737
2015,07,4,4,0.1610194,42.89721
2015,07,4,5,0.2345606,58.35302
2015,07,4,6,0.3277869,76.9996
2015,07,4,7,0.31464,74.57066
2015,07,5,0,0.2919599,70.62586
2015,07,5,1,0.3034555,73.21983
2015,07,5,2,0.3444551,81.04675
2015,07,5,3,0.4125049,92.66146
2015,07,5,4,0.433997,96.23859
2015,07,5,5,0.3254886,77.59621
2015,07,5,6,0.2941692,71.42369
2015,07,5,7,0.2923416,70.93023
2015,07,6,0,0.2699141,66.51765
2015,07,6,1,0.2224178,56.84932
2015,07,6,2,0.1975156,51.47948
2015,07,6,3,0.2240841,56.96888
2015,07,6,4,0.3076318,73.44675
2015,07,6,5,0.2422465,60.61511
2015,07,6,6,0.1971419,51.10185
2015,07,6,7,0.1757561,46.21633
2015,07,7,0,0.1491955,40.40377
2015,07,7,1,0.1414205,38.6334
2015,07,7,2,0.1298376,36.20873
2015,07,7,3,0.1171111,33.28821
2015,07,7,4,0.1129698,32.19426
2015,07,7,5,0.1148956,32.6356
2015,07,7,6,0.1085973,31.26938
2015,07,7,7,0.1215549,34.53933
2015,07,8,0,0.1459302,40.21495
2015,07,8,1,0.1293127,36.33442
2015,07,8,2,0.174364,46.56359
2015,07,8,3,0.193593,50.96892
2015,07,8,4,0.1260733,35.98052
2015,07,8,5,0.1338525,37.65487
2015,07,8,6,0.1241764,35.37941
2015,07,8,7,0.08760672,26.65052
2015,07,9,0,0.0758335,23.6289
2015,07,9,1,0.08638108,26.01096
2015,07,9,2,0.116548,32.97904
2015,07,9,3,0.1272986,35.5796
2015,07,9,4,0.1930912,50.61134
2015,07,9,5,0.2021386,52.53988
2015,07,9,6,0.16847,44.92849
2015,07,9,7,0.1511508,40.94364
2015,07,10,0,0.1518801,41.32159
2015,07,10,1,0.1629265,43.92046
2015,07,10,2,0.1539356,41.84103
2015,07,10,3,0.1388272,38.41518
2015,07,10,4,0.1401056,38.9349
2015,07,10,5,0.1578674,42.89389
2015,07,10,6,0.1473963,40.67877
2015,07,10,7,0.18621,48.65034
2015,07,11,0,0.1933159,50.30174
2015,07,11,1,0.1654598,44.671
2015,07,11,2,0.1148285,33.05843
2015,07,11,3,0.08697718,26.46829
2015,07,11,4,0.1201988,34.8288
2015,07,11,5,0.1481981,41.42982
2015,07,11,6,0.1610424,44.14231
2015,07,11,7,0.2024398,53.1347
2015,07,12,0,0.190226,50.42499
2015,07,12,1,0.2438083,61.63644
2015,07,12,2,0.2805423,68.9486
2015,07,12,3,0.3024678,73.33019
2015,07,12,4,0.3350769,79.5228
2015,07,12,5,0.3505726,81.9687
2015,07,12,6,0.3579457,83.04293
2015,07,12,7,0.3909598,88.66097
2015,07,13,0,0.4548607,99.14299
2015,07,13,1,0.3935748,88.64793
2015,07,13,2,0.3226275,75.52606
2015,07,13,3,0.2174122,54.995
2015,07,13,4,0.0665891,21.48501
2015,07,13,5,0.0239437,10.54122
2015,07,13,6,0.02260997,10.05227
2015,07,13,7,0.02819925,11.41461
2015,07,14,0,0.04365823,15.24403
2015,07,14,1,0.1600693,42.02325
2015,07,14,2,0.3513716,80.95471
2015,07,14,3,0.2809783,68.52514
2015,07,14,4,0.3411878,79.70903
2015,07,14,5,0.3737863,86.15635
2015,07,14,6,0.3711969,85.37028
2015,07,14,7,0.2816254,68.70057
2015,07,15,0,0.2642118,65.35915
2015,07,15,1,0.2536935,63.32493
2015,07,15,2,0.2311732,58.97646
2015,07,15,3,0.1743117,46.98299
2015,07,15,4,0.1407683,39.32468
2015,07,15,5,0.1486767,41.13459
2015,07,15,6,0.181916,48.54044
2015,07,15,7,0.1897641,50.36278
2015,07,16,0,0.1780155,47.82874
2015,07,16,1,0.2569979,64.32989
2015,07,16,2,0.286246,70.15525
2015,07,16,3,0.3124839,75.19882
2015,07,16,4,0.370345,85.44613
2015,07,16,5,0.5093809,108.3918
2015,07,16,6,0.5749434,117.0789
2015,07,16,7,0.4565272,97.90164
2015,07,17,0,0.1939325,49.97109
2015,07,17,1,0.3098318,72.18424
2015,07,17,2,0.1387585,38.19443
2015,07,17,3,0.07159997,22.22437
2015,07,17,4,0.2109996,54.11171
2015,07,17,5,0.3262675,77.50905
2015,07,17,6,0.3687388,85.22997
2015,07,17,7,0.2807716,68.67991
2015,07,18,0,0.2261642,57.67386
2015,07,18,1,0.1919434,50.43212
2015,07,18,2,0.1813815,47.74713
2015,07,18,3,0.2092312,53.15599
2015,07,18,4,0.274909,66.4304
2015,07,18,5,0.1740081,46.62057
2015,07,18,6,0.1258612,35.84325
2015,07,18,7,0.06544719,21.15321
2015,07,19,0,0.06142367,20.05794
2015,07,19,1,0.06862502,21.91394
2015,07,19,2,0.06789403,21.77084
2015,07,19,3,0.06768552,21.74528
2015,07,19,4,0.08870872,26.90104
2015,07,19,5,0.1019381,30.04382
2015,07,19,6,0.08826968,26.84336
2015,07,19,7,0.08352241,25.72332
2015,07,20,0,0.1071624,31.48721
2015,07,20,1,0.1325532,37.42674
2015,07,20,2,0.1295773,36.77304
2015,07,20,3,0.1325021,37.32409
2015,07,20,4,0.1598247,43.52424
2015,07,20,5,0.191867,50.30969
2015,07,20,6,0.1806138,47.79999
2015,07,20,7,0.1992328,51.96067
2015,07,21,0,0.2696532,66.24517
2015,07,21,1,0.3070654,73.40944
2015,07,21,2,0.2957986,71.36861
2015,07,21,3,0.3139544,74.06136
2015,07,21,4,0.4520944,98.22653
2015,07,21,5,0.4727282,101.9963
2015,07,21,6,0.5460896,113.5097
2015,07,21,7,0.4393439,96.92052
2015,07,22,0,0.3567252,82.97791
2015,07,22,1,0.3303633,78.29326
2015,07,22,2,0.2343987,59.45352
2015,07,22,3,0.3075625,73.38927
2015,07,22,4,0.4198315,93.45571
2015,07,22,5,0.433766,96.10928
2015,07,22,6,0.3914719,88.96622
2015,07,22,7,0.3808563,87.05616
2015,07,23,0,0.3047341,72.86971
2015,07,23,1,0.218158,54.65825
2015,07,23,2,0.3197625,75.2488
2015,07,23,3,0.2982191,71.22569
2015,07,23,4,0.2036907,52.89421
2015,07,23,5,0.2965644,70.95054
2015,07,23,6,0.2776417,67.78607
2015,07,23,7,0.03878658,14.5778
2015,07,24,0,0.03604516,13.85628
2015,07,24,1,0.09756707,29.31469
2015,07,24,2,0.07534548,23.83387
2015,07,24,3,0.05315446,18.18067
2015,07,24,4,0.1104019,31.87167
2015,07,24,5,0.141529,39.01923
2015,07,24,6,0.1577832,42.67887
2015,07,24,7,0.1673874,44.84151
2015,07,25,0,0.2711121,65.87704
2015,07,25,1,0.3215119,75.65439
2015,07,25,2,0.3681896,83.42241
2015,07,25,3,0.3189272,74.2554
2015,07,25,4,0.2701811,64.82158
2015,07,25,5,0.247937,60.49511
2015,07,25,6,0.3756549,84.13165
2015,07,25,7,0.3803349,85.14487
2015,07,26,0,0.2985727,71.08839
2015,07,26,1,0.1740019,46.03329
2015,07,26,2,0.08694809,26.37227
2015,07,26,3,0.05368437,18.138
2015,07,26,4,0.05744057,19.14468
2015,07,26,5,0.06039682,19.94706
2015,07,26,6,0.06269582,20.55206
2015,07,26,7,0.06209181,20.42371
2015,07,27,0,0.05933556,19.746
2015,07,27,1,0.05632674,19.00578
2015,07,27,2,0.055829,18.87662
2015,07,27,3,0.05600344,18.92506
2015,07,27,4,0.05601306,18.90934
2015,07,27,5,0.05962744,19.71006
2015,07,27,6,0.04584808,16.12739
2015,07,27,7,0.04099539,14.94529
2015,07,28,0,0.05460859,18.50367
2015,07,28,1,0.05403858,18.42622
2015,07,28,2,0.0499969,17.43879
2015,07,28,3,0.04238061,15.4509
2015,07,28,4,0.03911303,14.56526
2015,07,28,5,0.04300488,15.59832
2015,07,28,6,0.04503453,16.17331
2015,07,28,7,0.07058069,22.63945
2015,07,29,0,0.1064888,31.42973
2015,07,29,1,0.1929969,50.99614
2015,07,29,2,0.2878193,69.94894
2015,07,29,3,0.2883679,70.47729
2015,07,29,4,0.1611138,44.01943
2015,07,29,5,0.05609169,18.93236
2015,07,29,6,0.03128436,12.4316
2015,07,29,7,0.03057245,12.26051
2015,07,30,0,0.03364062,13.0455
2015,07,30,1,0.03590151,13.70786
2015,07,30,2,0.05006217,17.38282
2015,07,30,3,0.0646534,21.12235
2015,07,30,4,0.07706038,24.18401
2015,07,30,5,0.0842253,25.91026
2015,07,30,6,0.09232827,27.77185
2015,07,30,7,0.1121143,32.11767
2015,07,31,0,0.1847615,48.04647
2015,07,31,1,0.2377705,58.77223
2015,07,31,2,0.0297794,11.97262
2015,07,31,3,0.03142456,12.38412
2015,07,31,4,0.04535995,15.81966
2015,07,31,5,0.07958975,24.40299
2015,07,31,6,0.1150626,32.88255
2015,07,31,7,0.1258133,35.46484
2016,07,1,0,0.03349159,13.14876
2016,07,1,1,0.04222399,15.5384
2016,07,1,2,0.05484404,18.89552
2016,07,1,3,0.07347472,23.6759
2016,07,1,4,0.1029937,30.83912
2016,07,1,5,0.08865921,27.23204
2016,07,1,6,0.06073216,20.08859
2016,07,1,7,0.08181039,25.25097
2016,07,2,0,0.06192472,20.37757
2016,07,2,1,0.03697997,14.01188
2016,07,2,2,0.02214068,10.03233
2016,07,2,3,0.0218285,9.94194
2016,07,2,4,0.02814536,11.67802
2016,07,2,5,0.03126555,12.5385
2016,07,2,6,0.0302647,12.28641
2016,07,2,7,0.02768333,11.59337
2016,07,3,0,0.02727459,11.48039
2016,07,3,1,0.02754871,11.56099
2016,07,3,2,0.02767767,11.59169
2016,07,3,3,0.02819562,11.71449
2016,07,3,4,0.03029806,12.2535
2016,07,3,5,0.03714771,14.05436
2016,07,3,6,0.03403108,13.23091
2016,07,3,7,0.03481977,13.4404
2016,07,4,0,0.03622668,13.78729
2016,07,4,1,0.04085276,14.96972
2016,07,4,2,0.05739371,19.20612
2016,07,4,3,0.06491095,21.06568
2016,07,4,4,0.07899274,24.37627
2016,07,4,5,0.1043819,30.46447
2016,07,4,6,0.07977468,24.63016
2016,07,4,7,0.06314432,20.55566
2016,07,5,0,0.06555057,21.173
2016,07,5,1,0.0812812,25.11128
2016,07,5,2,0.07779593,24.50376
2016,07,5,3,0.09797635,29.51906
2016,07,5,4,0.1657226,45.36775
2016,07,5,5,0.1688111,46.14074
2016,07,5,6,0.1523105,42.45716
2016,07,5,7,0.08402246,26.1625
2016,07,6,0,0.05347302,18.44811
2016,07,6,1,0.06576949,21.43586
2016,07,6,2,0.06905312,22.23291
2016,07,6,3,0.06944596,22.22172
2016,07,6,4,0.08051906,24.91959
2016,07,6,5,0.1065207,30.88726
2016,07,6,6,0.08111888,24.85134
2016,07,6,7,0.03999047,14.70745
2016,07,7,0,0.03572541,13.53432
2016,07,7,1,0.03973295,14.53028
2016,07,7,2,0.03841865,14.26348
2016,07,7,3,0.03688817,13.93723
2016,07,7,4,0.04489869,16.00243
2016,07,7,5,0.0419347,15.22334
2016,07,7,6,0.0435885,15.61222
2016,07,7,7,0.08329213,25.44666
2016,07,8,0,0.1300952,36.77722
2016,07,8,1,0.1551256,42.50554
2016,07,8,2,0.1895083,49.91175
2016,07,8,3,0.2228376,56.79839
2016,07,8,4,0.2303548,58.57397
2016,07,8,5,0.194196,51.18508
2016,07,8,6,0.1636439,44.50661
2016,07,8,7,0.095855,28.71339
2016,07,9,0,0.09683129,28.91986
2016,07,9,1,0.1089307,31.86701
2016,07,9,2,0.1391787,38.99101
2016,07,9,3,0.1411883,39.51148
2016,07,9,4,0.1307409,36.99461
2016,07,9,5,0.135641,38.08122
2016,07,9,6,0.1117321,32.5655
2016,07,9,7,0.1009921,29.97862
2016,07,10,0,0.08984794,27.27564
2016,07,10,1,0.07244626,23.02185
2016,07,10,2,0.05421995,18.44858
2016,07,10,3,0.04886636,17.11275
2016,07,10,4,0.05533025,18.83097
2016,07,10,5,0.0566021,19.18113
2016,07,10,6,0.05560351,18.90211
2016,07,10,7,0.05772742,19.47362
2016,07,11,0,0.06270948,20.74625
2016,07,11,1,0.06810204,22.1046
2016,07,11,2,0.07092616,22.82161
2016,07,11,3,0.06901712,22.40259
2016,07,11,4,0.06710966,21.96591
2016,07,11,5,0.06607616,21.72609
2016,07,11,6,0.05949586,20.04593
2016,07,11,7,0.05537191,18.95791
2016,07,12,0,0.0521191,18.03798
2016,07,12,1,0.05828731,19.39851
2016,07,12,2,0.05600614,18.84517
2016,07,12,3,0.05648853,18.96357
2016,07,12,4,0.06314336,20.6341
2016,07,12,5,0.06961963,22.24721
2016,07,12,6,0.06040534,19.91793
2016,07,12,7,0.05427343,18.38745
2016,07,13,0,0.05143292,17.67318
2016,07,13,1,0.0544389,18.41793
2016,07,13,2,0.05841844,19.40102
2016,07,13,3,0.06950318,22.07681
2016,07,13,4,0.07870352,24.30494
2016,07,13,5,0.07622038,23.65547
2016,07,13,6,0.07000946,22.00459
2016,07,13,7,0.06760936,21.44317
2016,07,14,0,0.07205205,22.45636
2016,07,14,1,0.07133116,22.29369
2016,07,14,2,0.06671413,21.15034
2016,07,14,3,0.06252401,20.15772
2016,07,14,4,0.06741482,21.56447
2016,07,14,5,0.07599132,23.88836
2016,07,14,6,0.0900266,27.38815
2016,07,14,7,0.08909021,27.19432
2016,07,15,0,0.06960848,22.3416
2016,07,15,1,0.05886581,19.6132
2016,07,15,2,0.05692424,19.10548
2016,07,15,3,0.05393023,18.38345
2016,07,15,4,0.101891,30.2822
2016,07,15,5,0.1486793,41.04364
2016,07,15,6,0.147163,40.61468
2016,07,15,7,0.1967735,51.40586
2016,07,16,0,0.1999015,52.07116
2016,07,16,1,0.1819725,48.15611
2016,07,16,2,0.1917859,50.28374
2016,07,16,3,0.2788227,68.10948
2016,07,16,4,0.4261541,94.31452
2016,07,16,5,0.3000434,71.94108
2016,07,16,6,0.2247981,56.87951
2016,07,16,7,0.1909717,49.65263
2016,07,17,0,0.1634217,43.81088
2016,07,17,1,0.1486148,40.68623
2016,07,17,2,0.1546607,41.9731
2016,07,17,3,0.2755242,67.44964
2016,07,17,4,0.3706438,84.52583
2016,07,17,5,0.2916638,69.82765
2016,07,17,6,0.2496194,61.45046
2016,07,17,7,0.2234801,56.28628
2016,07,18,0,0.1610329,43.23755
2016,07,18,1,0.1378929,38.22154
2016,07,18,2,0.1735263,46.16878
2016,07,18,3,0.2311693,58.36744
2016,07,18,4,0.332212,77.85297
2016,07,18,5,0.3287364,77.35678
2016,07,18,6,0.2445148,60.95496
2016,07,18,7,0.1909141,49.61514
2016,07,19,0,0.159665,42.9162
2016,07,19,1,0.1256201,35.38531
2016,07,19,2,0.1161703,33.21251
2016,07,19,3,0.09259324,27.63116
2016,07,19,4,0.1142039,32.64591
2016,07,19,5,0.1391311,38.23344
2016,07,19,6,0.136796,37.81597
2016,07,19,7,0.1562693,42.09066
2016,07,20,0,0.1638332,43.97846
2016,07,20,1,0.1568636,42.50135
2016,07,20,2,0.1510317,41.23615
2016,07,20,3,0.1403384,38.99655
2016,07,20,4,0.1261853,35.81185
2016,07,20,5,0.1032875,30.40735
2016,07,20,6,0.07858339,24.39679
2016,07,20,7,0.07400055,23.1627
2016,07,21,0,0.0704807,22.2988
2016,07,21,1,0.06988502,22.11803
2016,07,21,2,0.06809814,21.68064
2016,07,21,3,0.07387024,23.04754
2016,07,21,4,0.07904671,24.22326
2016,07,21,5,0.08771805,26.35219
2016,07,21,6,0.09429817,27.9302
2016,07,21,7,0.1046163,30.34397
2016,07,22,0,0.1017349,29.61624
2016,07,22,1,0.09865917,28.93232
2016,07,22,2,0.08961722,26.90799
2016,07,22,3,0.0948483,28.27307
2016,07,22,4,0.09322019,27.7177
2016,07,22,5,0.1072395,30.89075
2016,07,22,6,0.08015503,24.5017
2016,07,22,7,0.07568522,23.15086
2016,07,23,0,0.08220548,24.84765
2016,07,23,1,0.07828359,23.91897
2016,07,23,2,0.07866813,23.92923
2016,07,23,3,0.088268,26.17704
2016,07,23,4,0.08949014,26.64758
2016,07,23,5,0.0878134,26.28419
2016,07,23,6,0.07733833,23.84046
2016,07,23,7,0.0651111,20.90703
2016,07,24,0,0.06043797,19.76916
2016,07,24,1,0.05465885,18.3645
2016,07,24,2,0.04523321,16.0145
2016,07,24,3,0.03800549,14.17611
2016,07,24,4,0.1398273,38.50322
2016,07,24,5,0.2625278,63.68332
2016,07,24,6,0.4032746,89.07782
2016,07,24,7,0.4785568,101.2789
2016,07,25,0,0.4624101,98.79838
2016,07,25,1,0.4476483,96.00796
2016,07,25,2,0.399419,87.98642
2016,07,25,3,0.3108371,72.65927
2016,07,25,4,0.3740209,85.04319
2016,07,25,5,0.3853735,87.34874
2016,07,25,6,0.2422796,60.66289
2016,07,25,7,0.3151177,74.63392
2016,07,26,0,0.3764587,85.12089
2016,07,26,1,0.4626248,99.81191
2016,07,26,2,0.3905412,87.7681
2016,07,26,3,0.1463907,39.47387
2016,07,26,4,0.06927577,22.00715
2016,07,26,5,0.05935346,19.65892
2016,07,26,6,0.05336577,18.19408
2016,07,26,7,0.05621856,18.84767
2016,07,27,0,0.03482548,13.39222
2016,07,27,1,0.02318923,10.25827
2016,07,27,2,0.02765197,11.37246
2016,07,27,3,0.100189,28.83669
2016,07,27,4,0.1466665,39.82884
2016,07,27,5,0.1482095,40.18068
2016,07,27,6,0.234825,58.18362
2016,07,27,7,0.1603423,43.03823
2016,07,28,0,0.1949487,50.3523
2016,07,28,1,0.1856652,48.45173
2016,07,28,2,0.1034086,30.32253
2016,07,28,3,0.05328135,18.16388
2016,07,28,4,0.1069197,31.28813
2016,07,28,5,0.2209145,56.818
2016,07,28,6,0.1470838,40.87424
2016,07,28,7,0.1244365,35.66518
2016,07,29,0,0.1431363,40.06528
2016,07,29,1,0.1404307,39.41326
2016,07,29,2,0.1236592,35.51826
2016,07,29,3,0.1151747,33.50937
2016,07,29,4,0.3082695,74.78915
2016,07,29,5,0.3729095,86.43211
2016,07,29,6,0.2371459,60.25846
2016,07,29,7,0.1370095,38.57924
2016,07,30,0,0.1114982,32.64477
2016,07,30,1,0.1187488,34.3401
2016,07,30,2,0.1096244,32.1883
2016,07,30,3,0.1256501,36.0042
2016,07,30,4,0.1977815,52.13013
2016,07,30,5,0.1348997,38.06704
2016,07,30,6,0.07611831,23.98616
2016,07,30,7,0.06031638,19.98581
2016,07,31,0,0.04717687,16.59945
2016,07,31,1,0.06541435,21.20476
2016,07,31,2,0.1178346,33.98593
2016,07,31,3,0.2001671,52.05204
2016,07,31,4,0.3375804,78.5577
2016,07,31,5,0.3639628,83.29119
2016,07,31,6,0.4151976,91.77687
2016,07,31,7,0.2252094,56.71686
2017,07,1,0,0.5319844,112.2585
2017,07,1,1,0.273004,67.07299
2017,07,1,2,0.1725851,46.51609
2017,07,1,3,0.1236434,35.28952
2017,07,1,4,0.1163101,33.49003
2017,07,1,5,0.08796036,26.81154
2017,07,1,6,0.08256241,25.19626
2017,07,1,7,0.0736759,22.99068
2017,07,2,0,0.05416098,18.26851
2017,07,2,1,0.07088132,22.61545
2017,07,2,2,0.06731417,21.71998
2017,07,2,3,0.08640048,26.48619
2017,07,2,4,0.1351047,38.01709
2017,07,2,5,0.2260835,57.85132
2017,07,2,6,0.3072941,73.85343
2017,07,2,7,0.1747652,46.80805
2017,07,3,0,0.1333798,37.49452
2017,07,3,1,0.1208701,34.48493
2017,07,3,2,0.1058597,30.88776
2017,07,3,3,0.09697763,28.72568
2017,07,3,4,0.1006303,29.63781
2017,07,3,5,0.1141078,32.98148
2017,07,3,6,0.1239687,35.35341
2017,07,3,7,0.1134808,32.95719
2017,07,4,0,0.07823149,24.4993
2017,07,4,1,0.04555674,16.30165
2017,07,4,2,0.04103019,15.09998
2017,07,4,3,0.03775987,14.21858
2017,07,4,4,0.04114053,15.12197
2017,07,4,5,0.0474222,16.62408
2017,07,4,6,0.05878334,19.25117
2017,07,4,7,0.05801171,19.02813
2017,07,5,0,0.05129085,17.41943
2017,07,5,1,0.06159954,20.04541
2017,07,5,2,0.08173742,24.99313
2017,07,5,3,0.108229,31.36922
2017,07,5,4,0.1190944,34.1609
2017,07,5,5,0.1106301,32.21714
2017,07,5,6,0.1082376,31.63918
2017,07,5,7,0.10442,30.86793
2017,07,6,0,0.1018822,30.34064
2017,07,6,1,0.1021983,30.39054
2017,07,6,2,0.104271,30.89465
2017,07,6,3,0.09903624,29.66013
2017,07,6,4,0.08235859,25.67678
2017,07,6,5,0.07545932,24.06157
2017,07,6,6,0.06658986,21.80731
2017,07,6,7,0.06247086,20.7333
2017,07,7,0,0.05993626,20.0691
2017,07,7,1,0.0571251,19.35144
2017,07,7,2,0.05723548,19.42721
2017,07,7,3,0.05319982,18.46267
2017,07,7,4,0.05432675,18.74284
2017,07,7,5,0.06367176,21.31411
2017,07,7,6,0.06025205,20.47624
2017,07,7,7,0.05829632,19.93576
2017,07,8,0,0.06783884,22.20335
2017,07,8,1,0.07884418,25.05488
2017,07,8,2,0.07209866,23.28492
2017,07,8,3,0.08727339,27.07865
2017,07,8,4,0.1329301,38.01222
2017,07,8,5,0.154135,42.84284
2017,07,8,6,0.09212234,28.18219
2017,07,8,7,0.0872192,26.97922
2017,07,9,0,0.07869765,24.84047
2017,07,9,1,0.06852257,22.22528
2017,07,9,2,0.07346769,23.44641
2017,07,9,3,0.07626741,24.21875
2017,07,9,4,0.1091606,32.2536
2017,07,9,5,0.1723927,46.69211
2017,07,9,6,0.1457012,40.6706
2017,07,9,7,0.08278773,25.7386
2017,07,10,0,0.08605282,26.50944
2017,07,10,1,0.08013436,25.03477
2017,07,10,2,0.06107652,20.31284
2017,07,10,3,0.06003911,20.04838
2017,07,10,4,0.07000228,22.59197
2017,07,10,5,0.09052768,27.64297
2017,07,10,6,0.07978913,25.05271
2017,07,10,7,0.07158912,23.05199
2017,07,11,0,0.09580444,29.02871
2017,07,11,1,0.08069011,25.24825
2017,07,11,2,0.09613411,28.98445
2017,07,11,3,0.1131117,33.00579
2017,07,11,4,0.1395053,39.10918
2017,07,11,5,0.1257712,35.96609
2017,07,11,6,0.07674506,24.25606
2017,07,11,7,0.06442023,21.17962
2017,07,12,0,0.06586595,21.55947
2017,07,12,1,0.05653694,19.14408
2017,07,12,2,0.04895848,17.18836
2017,07,12,3,0.1145222,33.38555
2017,07,12,4,0.2513208,63.30829
2017,07,12,5,0.3376622,80.20092
2017,07,12,6,0.333939,79.62818
2017,07,12,7,0.2790829,68.9706
2017,07,13,0,0.1836546,49.0612
2017,07,13,1,0.1205144,34.76579
2017,07,13,2,0.03027284,12.29149
2017,07,13,3,0.03184753,12.6406
2017,07,13,4,0.04328429,15.64849
2017,07,13,5,0.04584152,16.29126
2017,07,13,6,0.0446846,15.90952
2017,07,13,7,0.04554625,16.13384
2017,07,14,0,0.04605377,16.30261
2017,07,14,1,0.04334047,15.6043
2017,07,14,2,0.04679296,16.47777
2017,07,14,3,0.1665174,44.69162
2017,07,14,4,0.4828619,102.9187
2017,07,14,5,0.5272517,111.3023
2017,07,14,6,0.3918645,89.80289
2017,07,14,7,0.4605267,101.156
2017,07,15,0,0.4251834,95.3566
2017,07,15,1,0.4160106,93.9503
2017,07,15,2,0.1537257,42.4069
2017,07,15,3,0.0513419,17.70961
2017,07,15,4,0.04989879,17.28447
2017,07,15,5,0.04787138,16.74361
2017,07,15,6,0.03848209,14.34244
2017,07,15,7,0.03696285,13.93592
2017,07,16,0,0.04193566,15.22857
2017,07,16,1,0.04707098,16.57374
2017,07,16,2,0.05890168,19.51605
2017,07,16,3,0.07078565,22.37239
2017,07,16,4,0.3668873,84.04805
2017,07,16,5,0.2660232,64.77301
2017,07,16,6,0.03827965,14.37554
2017,07,16,7,0.03001856,12.21393
2017,07,17,0,0.03949281,14.68006
2017,07,17,1,0.05539435,18.79201
2017,07,17,2,0.06494434,21.24016
2017,07,17,3,0.06412577,21.15311
2017,07,17,4,0.07478202,23.85885
2017,07,17,5,0.08147825,25.55918
2017,07,17,6,0.07347554,23.5752
2017,07,17,7,0.06119463,20.34121
2017,07,18,0,0.05487513,18.57238
2017,07,18,1,0.06601165,21.39385
2017,07,18,2,0.07915745,24.70479
2017,07,18,3,0.08709102,26.66124
2017,07,18,4,0.06411824,21.04713
2017,07,18,5,0.05802631,19.53803
2017,07,18,6,0.04460863,16.02867
2017,07,18,7,0.05995732,19.92101
2017,07,19,0,0.07183743,22.82186
2017,07,19,1,0.07003307,22.41405
2017,07,19,2,0.07402139,23.40717
2017,07,19,3,0.07430731,23.43808
2017,07,19,4,0.07079738,22.59854
2017,07,19,5,0.07775147,24.28097
2017,07,19,6,0.07752842,24.47992
2017,07,19,7,0.05227589,18.18085
2017,07,20,0,0.04338342,15.80665
2017,07,20,1,0.03523583,13.60136
2017,07,20,2,0.03668224,14.00767
2017,07,20,3,0.05634913,19.20015
2017,07,20,4,0.06418333,21.06574
2017,07,20,5,0.0932181,28.23939
2017,07,20,6,0.1110593,32.56057
2017,07,20,7,0.1187923,34.33129
2017,07,21,0,0.1013662,30.13901
2017,07,21,1,0.08451028,25.98481
2017,07,21,2,0.07187058,22.76667
2017,07,21,3,0.07312674,22.94949
2017,07,21,4,0.07835577,24.25184
2017,07,21,5,0.07503943,23.63791
2017,07,21,6,0.07360057,23.38664
2017,07,21,7,0.06548129,21.36591
2017,07,22,0,0.05765723,19.27918
2017,07,22,1,0.05026378,17.33314
2017,07,22,2,0.04720063,16.52472
2017,07,22,3,0.04895462,16.99242
2017,07,22,4,0.06893255,22.07521
2017,07,22,5,0.08495771,25.98296
2017,07,22,6,0.08437339,25.81294
2017,07,22,7,0.08020645,24.75803
2017,07,23,0,0.07104862,22.60023
2017,07,23,1,0.05820802,19.4537
2017,07,23,2,0.04801401,16.81774
2017,07,23,3,0.04869119,16.92284
2017,07,23,4,0.07001764,22.32305
2017,07,23,5,0.07034193,22.4166
2017,07,23,6,0.06890566,22.07144
2017,07,23,7,0.06369837,20.82923
2017,07,24,0,0.05686293,19.14036
2017,07,24,1,0.05570509,18.86713
2017,07,24,2,0.06371339,20.90955
2017,07,24,3,0.07221093,23.05451
2017,07,24,4,0.07023143,22.53927
2017,07,24,5,0.05704671,19.16702
2017,07,24,6,0.04797789,16.79533
2017,07,24,7,0.04489837,15.96804
2017,07,25,0,0.04215566,15.32569
2017,07,25,1,0.04186374,15.27426
2017,07,25,2,0.04292843,15.58331
2017,07,25,3,0.0461937,16.49744
2017,07,25,4,0.06821613,22.24651
2017,07,25,5,0.119476,34.65743
2017,07,25,6,0.1749374,47.20157
2017,07,25,7,0.1925905,50.90455
2017,07,26,0,0.1721073,46.28771
2017,07,26,1,0.05090417,17.57371
2017,07,26,2,0.02820193,11.63495
2017,07,26,3,0.03679672,13.91841
2017,07,26,4,0.05354026,18.24309
2017,07,26,5,0.06832938,21.88828
2017,07,26,6,0.06385765,20.64203
2017,07,26,7,0.0795406,24.34774
2017,07,27,0,0.09513762,28.29794
2017,07,27,1,0.08268657,25.52362
2017,07,27,2,0.08174117,25.31686
2017,07,27,3,0.08873342,27.05037
2017,07,27,4,0.09536434,28.63918
2017,07,27,5,0.09758523,29.23844
2017,07,27,6,0.08574332,26.36212
2017,07,27,7,0.08041603,25.07995
2017,07,28,0,0.07026178,22.57492
2017,07,28,1,0.05840757,19.57386
2017,07,28,2,0.05429077,18.52872
2017,07,28,3,0.04831423,17.00446
2017,07,28,4,0.04470241,16.08078
2017,07,28,5,0.04930902,17.31476
2017,07,28,6,0.03965031,14.8129
2017,07,28,7,0.03483817,13.51967
2017,07,29,0,0.03317171,13.06409
2017,07,29,1,0.03364921,13.18208
2017,07,29,2,0.03587113,13.78992
2017,07,29,3,0.03575539,13.77329
2017,07,29,4,0.03816786,14.42869
2017,07,29,5,0.05821262,19.70313
2017,07,29,6,0.06389605,21.1051
2017,07,29,7,0.06948496,22.48762
2017,07,30,0,0.0707501,22.75519
2017,07,30,1,0.08354212,25.91134
2017,07,30,2,0.1021988,30.45749
2017,07,30,3,0.1080115,31.86012
2017,07,30,4,0.1383589,38.94493
2017,07,30,5,0.1181384,34.28362
2017,07,30,6,0.07353954,23.44212
2017,07,30,7,0.06501753,21.30168
2017,07,31,0,0.06524373,21.3675
2017,07,31,1,0.06111939,20.33637
2017,07,31,2,0.06063954,20.25511
2017,07,31,3,0.06129303,20.41902
2017,07,31,4,0.06270596,20.82035
2017,07,31,5,0.06330095,21.07558
2017,07,31,6,0.06328746,21.13254
2017,07,31,7,0.06987827,22.84979
2018,07,1,0,0.04124862,15.03215
2018,07,1,1,0.05391639,18.21022
2018,07,1,2,0.05325492,17.98733
2018,07,1,3,0.05645093,18.93225
2018,07,1,4,0.04758036,16.80607
2018,07,1,5,0.05016558,17.50554
2018,07,1,6,0.07173311,23.09138
2018,07,1,7,0.06803086,22.25083
2018,07,2,0,0.08245576,25.91537
2018,07,2,1,0.1268307,36.51703
2018,07,2,2,0.1249824,35.76943
2018,07,2,3,0.1718538,45.88562
2018,07,2,4,0.1646685,43.56923
2018,07,2,5,0.05674232,18.77884
2018,07,2,6,0.05767445,19.12088
2018,07,2,7,0.03929253,14.56741
2018,07,3,0,0.03634172,13.68923
2018,07,3,1,0.04226055,15.15645
2018,07,3,2,0.05083374,17.3048
2018,07,3,3,0.05952045,19.49022
2018,07,3,4,0.06837787,21.71354
2018,07,3,5,0.07069186,22.34175
2018,07,3,6,0.06728055,21.5697
2018,07,3,7,0.06586985,21.23413
2018,07,4,0,0.06374784,20.72566
2018,07,4,1,0.05889871,19.55427
2018,07,4,2,0.04761839,16.70559
2018,07,4,3,0.04325402,15.52741
2018,07,4,4,0.04834761,16.76984
2018,07,4,5,0.05330812,17.99795
2018,07,4,6,0.04758214,16.53875
2018,07,4,7,0.04832416,16.7532
2018,07,5,0,0.04701791,16.48152
2018,07,5,1,0.04531044,16.11528
2018,07,5,2,0.05345032,18.18949
2018,07,5,3,0.05665926,18.98026
2018,07,5,4,0.05709038,19.06877
2018,07,5,5,0.05265698,17.95298
2018,07,5,6,0.04564092,16.14673
2018,07,5,7,0.04405089,15.71133
2018,07,6,0,0.04641769,16.33337
2018,07,6,1,0.05315276,18.05684
2018,07,6,2,0.05829374,19.36012
2018,07,6,3,0.06036448,19.86664
2018,07,6,4,0.06429207,20.84379
2018,07,6,5,0.06573095,21.22364
2018,07,6,6,0.06991491,22.28187
2018,07,6,7,0.0765268,23.92145
2018,07,7,0,0.08371755,25.65015
2018,07,7,1,0.08680895,26.34986
2018,07,7,2,0.0923472,27.6289
2018,07,7,3,0.1005272,29.55066
2018,07,7,4,0.109784,31.73441
2018,07,7,5,0.1121004,32.3003
2018,07,7,6,0.1071253,31.19235
2018,07,7,7,0.09665339,28.75799
2018,07,8,0,0.0717569,22.75989
2018,07,8,1,0.05876679,19.53768
2018,07,8,2,0.06311057,20.60405
2018,07,8,3,0.07343025,23.13042
2018,07,8,4,0.1222897,34.68915
2018,07,8,5,0.1469929,40.11629
2018,07,8,6,0.1521309,41.01884
2018,07,8,7,0.1884172,48.80105
2018,07,9,0,0.2111113,53.57293
2018,07,9,1,0.2459724,60.53965
2018,07,9,2,0.3005726,71.24598
2018,07,9,3,0.2505946,62.12955
2018,07,9,4,0.3915157,87.59238
2018,07,9,5,0.3282413,76.42217
2018,07,9,6,0.2875683,68.78924
2018,07,9,7,0.3425056,79.24894
2018,07,10,0,0.2691762,66.01588
2018,07,10,1,0.2149687,55.15432
2018,07,10,2,0.2130502,54.77809
2018,07,10,3,0.2487148,62.122
2018,07,10,4,0.3722921,85.65217
2018,07,10,5,0.2697009,66.72806
2018,07,10,6,0.1911066,50.40549
2018,07,10,7,0.1697945,45.645
2018,07,11,0,0.1194006,34.2397
2018,07,11,1,0.09189561,27.72162
2018,07,11,2,0.09182429,27.74016
2018,07,11,3,0.07896331,24.62815
2018,07,11,4,0.07366102,23.34212
2018,07,11,5,0.07082565,22.67585
2018,07,11,6,0.05826758,19.49322
2018,07,11,7,0.04993594,17.329
2018,07,12,0,0.05146739,17.74742
2018,07,12,1,0.05537347,18.75222
2018,07,12,2,0.05869638,19.57586
2018,07,12,3,0.05658738,19.01205
2018,07,12,4,0.06123605,20.22693
2018,07,12,5,0.05556773,18.72408
2018,07,12,6,0.06672099,21.57681
2018,07,12,7,0.07192159,22.92279
2018,07,13,0,0.07011756,22.44556
2018,07,13,1,0.06437604,20.91213
2018,07,13,2,0.09897219,29.43931
2018,07,13,3,0.1858624,49.53334
2018,07,13,4,0.329919,78.47941
2018,07,13,5,0.5155228,109.3816
2018,07,13,6,0.5772752,118.4935
2018,07,13,7,0.3720746,85.48012
2018,07,14,0,0.5546746,115.2672
2018,07,14,1,0.3857055,87.50914
2018,07,14,2,0.1696902,45.37236
2018,07,14,3,0.1135178,32.64071
2018,07,14,4,0.09999154,29.29801
2018,07,14,5,0.08850549,26.76999
2018,07,14,6,0.07431708,23.34743
2018,07,14,7,0.06368251,20.7057
2018,07,15,0,0.04532333,16.07947
2018,07,15,1,0.03105418,12.4187
2018,07,15,2,0.02847057,11.74659
2018,07,15,3,0.02673536,11.27978
2018,07,15,4,0.02713751,11.38877
2018,07,15,5,0.02780451,11.55342
2018,07,15,6,0.02822765,11.65695
2018,07,15,7,0.02944665,11.97869
2018,07,16,0,0.03116036,12.42056
2018,07,16,1,0.03248657,12.76701
2018,07,16,2,0.03436328,13.26701
2018,07,16,3,0.03549832,13.55191
2018,07,16,4,0.0406421,14.88573
2018,07,16,5,0.04558413,16.14208
2018,07,16,6,0.04213935,15.22846
2018,07,16,7,0.0419672,15.17238
2018,07,17,0,0.04462528,15.83262
2018,07,17,1,0.04780184,16.61726
2018,07,17,2,0.05275835,17.80449
2018,07,17,3,0.05957918,19.46799
2018,07,17,4,0.07490791,23.25959
2018,07,17,5,0.09076314,27.0311
2018,07,17,6,0.07787897,23.86957
2018,07,17,7,0.06951177,21.8866
2018,07,18,0,0.0629278,20.3389
2018,07,18,1,0.05534431,18.48124
2018,07,18,2,0.05542858,18.45715
2018,07,18,3,0.05985508,19.55539
2018,07,18,4,0.06803363,21.63217
2018,07,18,5,0.08111241,24.89429
2018,07,18,6,0.07899113,24.34535
2018,07,18,7,0.08562862,25.80166
2018,07,19,0,0.08633816,25.91809
2018,07,19,1,0.0829043,25.11038
2018,07,19,2,0.07440611,23.22784
2018,07,19,3,0.05984191,19.80232
2018,07,19,4,0.0802177,24.78998
2018,07,19,5,0.09577549,28.47573
2018,07,19,6,0.07922917,24.27547
2018,07,19,7,0.07977837,24.25666
2018,07,20,0,0.08136135,24.71626
2018,07,20,1,0.07632133,23.66767
2018,07,20,2,0.07557955,23.59499
2018,07,20,3,0.07438741,23.37606
2018,07,20,4,0.08381113,25.75168
2018,07,20,5,0.08656205,26.5221
2018,07,20,6,0.08334714,25.77832
2018,07,20,7,0.07725709,24.33871
2018,07,21,0,0.08219295,25.5397
2018,07,21,1,0.09044766,27.52089
2018,07,21,2,0.08106996,25.259
2018,07,21,3,0.06762241,21.91336
2018,07,21,4,0.06894084,22.18097
2018,07,21,5,0.07358147,23.24569
2018,07,21,6,0.06237546,20.47821
2018,07,21,7,0.05168317,17.86651
2018,07,22,0,0.04988044,17.41802
2018,07,22,1,0.04678443,16.65111
2018,07,22,2,0.04326743,15.72558
2018,07,22,3,0.03993952,14.86912
2018,07,22,4,0.03772269,14.30483
2018,07,22,5,0.04072158,15.10377
2018,07,22,6,0.0375674,14.24653
2018,07,22,7,0.03329012,13.11603
2018,07,23,0,0.03089803,12.48182
2018,07,23,1,0.030182,12.29465
2018,07,23,2,0.03205852,12.78422
2018,07,23,3,0.03087287,12.45792
2018,07,23,4,0.03153447,12.58157
2018,07,23,5,0.0335772,13.04402
2018,07,23,6,0.03404542,13.11572
2018,07,23,7,0.04187307,15.12756
2018,07,24,0,0.04716989,16.39186
2018,07,24,1,0.0468548,16.25934
2018,07,24,2,0.04596586,16.22055
2018,07,24,3,0.05513722,18.56607
2018,07,24,4,0.0600973,19.87622
2018,07,24,5,0.06813983,21.90491
2018,07,24,6,0.06539866,21.13004
2018,07,24,7,0.05903308,19.59351
2018,07,25,0,0.05719064,19.09485
2018,07,25,1,0.05497418,18.50412
2018,07,25,2,0.05253502,17.92376
2018,07,25,3,0.04879499,17.04547
2018,07,25,4,0.05318446,18.28069
2018,07,25,5,0.06848919,22.26574
2018,07,25,6,0.06926755,22.47235
2018,07,25,7,0.07107743,22.92571
2018,07,26,0,0.06383099,21.0073
2018,07,26,1,0.05404588,18.48079
2018,07,26,2,0.05757948,19.4092
2018,07,26,3,0.06273182,20.71948
2018,07,26,4,0.07930346,24.97287
2018,07,26,5,0.08584996,26.61083
2018,07,26,6,0.05118813,17.80759
2018,07,26,7,0.03431275,13.24382
2018,07,27,0,0.03472576,13.27842
2018,07,27,1,0.04078053,14.88746
2018,07,27,2,0.03924505,14.60638
2018,07,27,3,0.07052116,22.86367
2018,07,27,4,0.170028,46.31125
2018,07,27,5,0.2713001,67.23859
2018,07,27,6,0.3968111,90.617
2018,07,27,7,0.2019116,53.10891
2018,07,28,0,0.09074014,27.80934
2018,07,28,1,0.07146132,22.97336
2018,07,28,2,0.06771554,21.87242
2018,07,28,3,0.1004577,29.91207
2018,07,28,4,0.1548912,42.48804
2018,07,28,5,0.1578616,43.27741
2018,07,28,6,0.09598894,28.96373
2018,07,28,7,0.08022288,25.20709
2018,07,29,0,0.156662,43.33611
2018,07,29,1,0.1605723,44.00755
2018,07,29,2,0.1301471,37.04483
2018,07,29,3,0.143122,40.06647
2018,07,29,4,0.1984124,52.35673
2018,07,29,5,0.1987855,52.34886
2018,07,29,6,0.157223,43.13169
2018,07,29,7,0.128812,36.65477
2018,07,30,0,0.09017834,27.39693
2018,07,30,1,0.05453686,18.48407
2018,07,30,2,0.0381507,14.3105
2018,07,30,3,0.03977306,14.84499
2018,07,30,4,0.05825548,19.62831
2018,07,30,5,0.06276908,20.74316
2018,07,30,6,0.05516859,18.80957
2018,07,30,7,0.04963134,17.39122
2018,07,31,0,0.05923016,19.87056
2018,07,31,1,0.07773782,24.55524
2018,07,31,2,0.0917104,27.86947
2018,07,31,3,0.1071939,31.64521
2018,07,31,4,0.1639319,44.76604
2018,07,31,5,0.229034,58.80787
2018,07,31,6,0.2855272,70.17322
2018,07,31,7,0.2497461,63.08497
2019,07,1,0,0.06618718,21.52483
2019,07,1,1,0.0882399,27.15396
2019,07,1,2,0.1514732,42.15808
2019,07,1,3,0.2385445,60.6014
2019,07,1,4,0.3589121,82.1804
2019,07,1,5,0.2887832,69.10451
2019,07,1,6,0.0776265,23.95498
2019,07,1,7,0.05449566,18.10798
2019,07,2,0,0.06513714,20.99349
2019,07,2,1,0.07586485,23.72458
2019,07,2,2,0.1077163,31.24672
2019,07,2,3,0.1071373,31.05183
2019,07,2,4,0.1245053,34.47841
2019,07,2,5,0.1136037,32.7059
2019,07,2,6,0.1430128,39.32808
2019,07,2,7,0.1355641,38.03384
2019,07,3,0,0.1430285,40.03231
2019,07,3,1,0.1264623,36.45291
2019,07,3,2,0.1290113,37.02007
2019,07,3,3,0.1190649,34.71056
2019,07,3,4,0.1030753,30.94556
2019,07,3,5,0.09350788,28.59365
2019,07,3,6,0.06891449,22.48842
2019,07,3,7,0.05290134,18.41938
2019,07,4,0,0.04852195,17.24353
2019,07,4,1,0.0498011,17.53793
2019,07,4,2,0.05452593,18.74638
2019,07,4,3,0.05107131,17.84277
2019,07,4,4,0.05100075,17.76878
2019,07,4,5,0.06468634,21.17228
2019,07,4,6,0.07855033,24.64194
2019,07,4,7,0.08150373,25.26921
2019,07,5,0,0.09002337,27.27161
2019,07,5,1,0.08805761,26.55296
2019,07,5,2,0.1040371,29.99541
2019,07,5,3,0.1997467,51.14514
2019,07,5,4,0.2794133,67.36492
2019,07,5,5,0.1229335,34.77307
2019,07,5,6,0.06087599,20.01526
2019,07,5,7,0.06667342,21.3273
2019,07,6,0,0.0752576,23.19087
2019,07,6,1,0.11723,33.0219
2019,07,6,2,0.1433987,38.89887
2019,07,6,3,0.1679277,44.65181
2019,07,6,4,0.2078069,53.75184
2019,07,6,5,0.2849222,70.53476
2019,07,6,6,0.2854016,71.04306
2019,07,6,7,0.2022316,53.50787
2019,07,7,0,0.1668519,45.58688
2019,07,7,1,0.1966045,52.02091
2019,07,7,2,0.3259864,78.26931
2019,07,7,3,0.3198079,76.82675
2019,07,7,4,0.3066958,74.37862
2019,07,7,5,0.2904235,71.16259
2019,07,7,6,0.2957776,71.95059
2019,07,7,7,0.3435742,81.28707
2019,07,8,0,0.2826412,69.34238
2019,07,8,1,0.1944152,51.53966
2019,07,8,2,0.1878159,50.06681
2019,07,8,3,0.2028154,53.70006
2019,07,8,4,0.236914,60.73308
2019,07,8,5,0.275577,68.78729
2019,07,8,6,0.1699738,46.76479
2019,07,8,7,0.1283814,37.17484
2019,07,9,0,0.08676955,27.02131
2019,07,9,1,0.06470276,21.42029
2019,07,9,2,0.05749795,19.53703
2019,07,9,3,0.06637693,21.826
2019,07,9,4,0.09484268,28.9977
2019,07,9,5,0.08622913,26.90426
2019,07,9,6,0.06690052,22.00569
2019,07,9,7,0.07395891,23.71203
2019,07,10,0,0.07252486,23.34294
2019,07,10,1,0.08437075,26.31649
2019,07,10,2,0.1051995,31.5237
2019,07,10,3,0.1109656,32.87259
2019,07,10,4,0.1151857,33.87069
2019,07,10,5,0.1081993,32.18291
2019,07,10,6,0.1015634,30.5755
2019,07,10,7,0.09183037,28.16536
2019,07,11,0,0.08974361,27.66689
2019,07,11,1,0.08158686,25.66386
2019,07,11,2,0.0709829,22.97089
2019,07,11,3,0.06861866,22.38072
2019,07,11,4,0.06398752,21.25086
2019,07,11,5,0.06223834,20.84418
2019,07,11,6,0.05782417,19.70735
2019,07,11,7,0.05398766,18.71384
2019,07,12,0,0.04877941,17.35312
2019,07,12,1,0.04396627,16.0698
2019,07,12,2,0.04342836,15.8932
2019,07,12,3,0.05180947,18.09308
2019,07,12,4,0.09182286,28.14238
2019,07,12,5,0.1007629,30.31323
2019,07,12,6,0.07543715,24.12309
2019,07,12,7,0.0741818,23.82629
2019,07,13,0,0.08161709,25.63458
2019,07,13,1,0.08071013,25.36817
2019,07,13,2,0.09064704,27.78759
2019,07,13,3,0.1047518,31.17683
2019,07,13,4,0.1161431,33.86093
2019,07,13,5,0.1167212,33.95692
2019,07,13,6,0.1134271,33.19117
2019,07,13,7,0.1135761,33.18712
2019,07,14,0,0.08576205,26.52482
2019,07,14,1,0.06982539,22.53825
2019,07,14,2,0.06547929,21.42238
2019,07,14,3,0.06371994,21.02975
2019,07,14,4,0.0955312,28.9111
2019,07,14,5,0.1006823,30.15156
2019,07,14,6,0.08012946,25.11258
2019,07,14,7,0.06870085,22.24234
2019,07,15,0,0.07911379,24.81094
2019,07,15,1,0.09241751,28.08765
2019,07,15,2,0.09305723,28.25171
2019,07,15,3,0.09233366,28.06049
2019,07,15,4,0.114708,33.42747
2019,07,15,5,0.1222005,35.17302
2019,07,15,6,0.1243784,35.63838
2019,07,15,7,0.1080744,31.75436
2019,07,16,0,0.08903877,27.18403
2019,07,16,1,0.1119037,32.72879
2019,07,16,2,0.1058882,31.25802
2019,07,16,3,0.08742594,26.80063
2019,07,16,4,0.1091292,32.04393
2019,07,16,5,0.09181978,27.87084
2019,07,16,6,0.06286604,20.68
2019,07,16,7,0.05523212,18.73943
2019,07,17,0,0.06115489,20.27009
2019,07,17,1,0.06914389,22.26435
2019,07,17,2,0.06013807,20.03442
2019,07,17,3,0.06321926,20.56013
2019,07,17,4,0.07629525,23.64654
2019,07,17,5,0.0833294,25.43714
2019,07,17,6,0.08208059,25.15793
2019,07,17,7,0.07678027,24.15504
2019,07,18,0,0.06736291,21.71304
2019,07,18,1,0.06858471,21.82331
2019,07,18,2,0.08472191,25.67983
2019,07,18,3,0.09624645,28.62652
2019,07,18,4,0.1058279,31.07109
2019,07,18,5,0.1422735,39.43132
2019,07,18,6,0.1550935,42.09919
2019,07,18,7,0.1428513,39.07031
2019,07,19,0,0.09181618,27.5859
2019,07,19,1,0.05535578,18.75958
2019,07,19,2,0.1262295,36.14832
2019,07,19,3,0.135068,38.05546
2019,07,19,4,0.1065338,31.19852
2019,07,19,5,0.2231506,57.39382
2019,07,19,6,0.2195763,56.38701
2019,07,19,7,0.2199005,56.15489
2019,07,20,0,0.213223,54.6782
2019,07,20,1,0.1191107,33.6638
2019,07,20,2,0.05567478,18.43175
2019,07,20,3,0.04861671,16.70427
2019,07,20,4,0.05979644,19.37963
2019,07,20,5,0.06949417,21.77112
2019,07,20,6,0.04628802,16.13658
2019,07,20,7,0.03116334,12.24172
2019,07,21,0,0.02622473,10.99728
2019,07,21,1,0.02862354,11.61763
2019,07,21,2,0.03767783,13.83918
2019,07,21,3,0.04727941,16.30682
2019,07,21,4,0.05819638,19.22301
2019,07,21,5,0.05210849,17.88738
2019,07,21,6,0.05493352,18.68676
2019,07,21,7,0.05719632,19.26916
2019,07,22,0,0.05135384,17.80496
2019,07,22,1,0.04537402,16.26741
2019,07,22,2,0.03855006,14.47152
2019,07,22,3,0.03608067,13.83091
2019,07,22,4,0.03660097,13.97791
2019,07,22,5,0.03827555,14.46824
2019,07,22,6,0.04221893,15.56081
2019,07,22,7,0.04989013,17.57906
2019,07,23,0,0.06458207,21.38123
2019,07,23,1,0.0799405,25.26666
2019,07,23,2,0.09881254,29.9429
2019,07,23,3,0.09924505,30.02356
2019,07,23,4,0.1187086,34.64851
2019,07,23,5,0.1597034,43.91737
2019,07,23,6,0.1565406,43.0616
2019,07,23,7,0.1240195,35.49462
2019,07,24,0,0.2835224,68.38635
2019,07,24,1,0.1617309,43.4297
2019,07,24,2,0.06579959,21.30658
2019,07,24,3,0.03866582,14.47971
2019,07,24,4,0.04351995,15.74445
2019,07,24,5,0.05796248,19.46079
2019,07,24,6,0.07296858,23.38316
2019,07,24,7,0.07565535,24.12154
2019,07,25,0,0.07842243,24.92778
2019,07,25,1,0.06236791,20.84828
2019,07,25,2,0.07263645,23.41209
2019,07,25,3,0.08240255,25.78401
2019,07,25,4,0.08228082,25.79165
2019,07,25,5,0.06510691,21.60509
2019,07,25,6,0.0553171,19.09998
2019,07,25,7,0.0629772,21.01905
2019,07,26,0,0.04822314,17.16765
2019,07,26,1,0.03809745,14.47387
2019,07,26,2,0.03348484,13.24061
2019,07,26,3,0.03475373,13.58039
2019,07,26,4,0.05885238,19.93662
2019,07,26,5,0.05969925,20.17791
2019,07,26,6,0.04297307,15.84039
2019,07,26,7,0.04443005,16.20404
2019,07,27,0,0.04600841,16.59356
2019,07,27,1,0.04319814,15.85862
2019,07,27,2,0.04201184,15.51596
2019,07,27,3,0.04193684,15.48162
2019,07,27,4,0.04401638,16.04899
2019,07,27,5,0.04260565,15.66614
2019,07,27,6,0.03588923,13.84774
2019,07,27,7,0.03931088,14.72371
2019,07,28,0,0.06576658,21.54884
2019,07,28,1,0.1379108,38.91945
2019,07,28,2,0.1734562,46.9677
2019,07,28,3,0.1870399,49.90766
2019,07,28,4,0.1644796,44.83291
2019,07,28,5,0.134457,38.1225
2019,07,28,6,0.09907922,29.73419
2019,07,28,7,0.07989333,25.20015
2019,07,29,0,0.07569461,24.14589
2019,07,29,1,0.07055312,22.84583
2019,07,29,2,0.06046114,20.31389
2019,07,29,3,0.05009933,17.65724
2019,07,29,4,0.05853148,19.91622
2019,07,29,5,0.05460668,18.90158
2019,07,29,6,0.04456932,16.24673
2019,07,29,7,0.03818038,14.49507
2019,07,30,0,0.03664834,14.01976
2019,07,30,1,0.03778037,14.30047
2019,07,30,2,0.04444597,16.11128
2019,07,30,3,0.04936115,17.40426
2019,07,30,4,0.06481799,21.32271
2019,07,30,5,0.05915141,19.77128
2019,07,30,6,0.03332909,12.92941
2019,07,30,7,0.03093099,12.31036
2019,07,31,0,0.02957135,11.95069
2019,07,31,1,0.03053497,12.20398
2019,07,31,2,0.0337505,13.09133
2019,07,31,3,0.0403082,14.8921
2019,07,31,4,0.04355454,15.7655
2019,07,31,5,0.05229079,18.01181
2019,07,31,6,0.04584741,16.35918
2019,07,31,7,0.03970797,14.79686
