####################################################################################################
# Month: 01Jan                                                                                     #
# Station: SAS                                                                                     #
# Frequency: 345 GHz                                                                               #
# Columns are: year    month   day     segment         tau     Tb (K)                              #
####################################################################################################
year,month,day,segment,tau,Tb
2009,01,1,0,1.873381,228.5111
2009,01,1,1,1.890724,229.2377
2009,01,1,2,1.886166,228.314
2009,01,1,3,1.397676,202.3194
2009,01,1,4,1.342616,198.8571
2009,01,1,5,1.437009,204.5859
2009,01,1,6,1.669069,217.9259
2009,01,1,7,1.792571,223.7403
2009,01,2,0,1.903428,228.6073
2009,01,2,1,1.779589,223.8218
2009,01,2,2,1.693463,219.4457
2009,01,2,3,1.521434,210.3792
2009,01,2,4,1.389851,202.0538
2009,01,2,5,1.411568,203.8353
2009,01,2,6,1.67361,219.0552
2009,01,2,7,1.792687,223.735
2009,01,3,0,1.503779,207.7987
2009,01,3,1,1.101101,178.041
2009,01,3,2,0.8672008,155.3414
2009,01,3,3,1.014214,170.7236
2009,01,3,4,1.213158,187.9781
2009,01,3,5,1.227453,188.9192
2009,01,3,6,1.250186,191.3376
2009,01,3,7,1.152961,183.6132
2009,01,4,0,0.7169791,138.753
2009,01,4,1,0.559518,116.4074
2009,01,4,2,0.5366475,112.9751
2009,01,4,3,0.6048546,123.1117
2009,01,4,4,0.6279333,126.5534
2009,01,4,5,0.6297302,127.1661
2009,01,4,6,0.6855319,135.536
2009,01,4,7,0.7196744,140.3036
2009,01,5,0,0.3596111,85.77018
2009,01,5,1,0.1998548,53.37477
2009,01,5,2,0.2203913,57.65446
2009,01,5,3,0.2190723,57.21731
2009,01,5,4,0.2113546,55.77275
2009,01,5,5,0.269663,67.79217
2009,01,5,6,0.367666,86.60991
2009,01,5,7,0.5017965,109.4444
2009,01,6,0,0.3961435,92.50734
2009,01,6,1,0.2840486,70.95944
2009,01,6,2,0.2926015,72.41156
2009,01,6,3,0.316876,77.08576
2009,01,6,4,0.289217,71.80136
2009,01,6,5,0.3857434,89.67675
2009,01,6,6,0.5007166,109.0553
2009,01,6,7,0.7852698,148.3445
2009,01,7,0,0.7440796,143.6537
2009,01,7,1,0.4979359,108.2523
2009,01,7,2,0.4695056,103.6233
2009,01,7,3,0.4485694,100.2369
2009,01,7,4,0.489849,106.8001
2009,01,7,5,0.6328757,128.2576
2009,01,7,6,0.8536444,155.4177
2009,01,7,7,1.189567,187.215
2009,01,8,0,1.073907,177.4285
2009,01,8,1,1.120587,181.6865
2009,01,8,2,1.14001,183.9152
2009,01,8,3,1.180876,186.7745
2009,01,8,4,1.195422,187.954
2009,01,8,5,1.187767,187.2065
2009,01,8,6,1.487378,207.9576
2009,01,8,7,1.560099,211.7292
2009,01,9,0,1.304119,194.7471
2009,01,9,1,0.8606617,155.3954
2009,01,9,2,1.148338,183.0755
2009,01,9,3,1.309415,195.7936
2009,01,9,4,1.147313,183.6134
2009,01,9,5,1.273685,192.7215
2009,01,9,6,1.297131,195.0495
2009,01,9,7,1.374314,200.4864
2009,01,10,0,1.274666,193.5625
2009,01,10,1,1.048365,175.2007
2009,01,10,2,1.169532,185.6717
2009,01,10,3,1.340475,198.4903
2009,01,10,4,1.299451,195.6237
2009,01,10,5,1.410651,201.9112
2009,01,10,6,1.329587,196.1888
2009,01,10,7,1.266257,192.0808
2009,01,11,0,1.381064,199.9509
2009,01,11,1,1.157583,183.681
2009,01,11,2,1.091286,178.2375
2009,01,11,3,1.083328,177.5171
2009,01,11,4,0.9683851,167.0034
2009,01,11,5,1.150834,182.832
2009,01,11,6,1.30108,194.2694
2009,01,11,7,1.446192,204.1219
2009,01,12,0,1.499223,207.3521
2009,01,12,1,1.384512,199.8924
2009,01,12,2,0.9773679,167.6208
2009,01,12,3,0.791824,147.673
2009,01,12,4,0.7822073,146.5986
2009,01,12,5,1.152588,182.6785
2009,01,12,6,1.308642,195.1831
2009,01,12,7,1.489189,207.1993
2009,01,13,0,1.580798,212.2517
2009,01,13,1,1.44058,204.3415
2009,01,13,2,1.499109,207.9677
2009,01,13,3,1.429825,203.3422
2009,01,13,4,1.4354,204.0741
2009,01,13,5,1.374214,199.8256
2009,01,13,6,1.399979,202.1804
2009,01,13,7,1.487407,207.6101
2009,01,14,0,1.448316,205.5454
2009,01,14,1,1.314722,197.0575
2009,01,14,2,1.200566,188.4185
2009,01,14,3,1.031824,173.5273
2009,01,14,4,0.9086614,161.2128
2009,01,14,5,1.175422,185.2316
2009,01,14,6,1.375675,200.206
2009,01,14,7,1.55241,211.004
2009,01,15,0,1.46908,206.1635
2009,01,15,1,1.29428,194.7566
2009,01,15,2,1.385722,200.8768
2009,01,15,3,1.260805,192.0449
2009,01,15,4,1.114918,181.1723
2009,01,15,5,1.24097,190.9151
2009,01,15,6,1.490913,208.189
2009,01,15,7,1.673966,218.477
2009,01,16,0,1.626973,215.7736
2009,01,16,1,1.645688,216.7666
2009,01,16,2,1.604342,213.3042
2009,01,16,3,1.376924,199.8482
2009,01,16,4,1.134789,182.2193
2009,01,16,5,1.114781,180.814
2009,01,16,6,1.203766,188.8535
2009,01,16,7,1.085246,179.1598
2009,01,17,0,0.6376956,129.673
2009,01,17,1,0.4944124,107.9522
2009,01,17,2,0.4981487,107.8178
2009,01,17,3,0.4897798,106.4643
2009,01,17,4,0.5426552,114.8599
2009,01,17,5,0.6365832,128.1615
2009,01,17,6,0.7487327,142.9812
2009,01,17,7,0.8369818,153.1534
2009,01,18,0,0.7241357,139.7214
2009,01,18,1,0.706758,137.8623
2009,01,18,2,0.7311989,141.1835
2009,01,18,3,0.6724194,133.7705
2009,01,18,4,0.6959088,136.4426
2009,01,18,5,0.8819944,157.8232
2009,01,18,6,1.050037,174.7503
2009,01,18,7,1.140944,182.7269
2009,01,19,0,0.8844415,158.7713
2009,01,19,1,0.6105794,124.8652
2009,01,19,2,0.4749431,103.4132
2009,01,19,3,0.3941655,89.01051
2009,01,19,4,0.3644558,83.79283
2009,01,19,5,0.4772408,103.2152
2009,01,19,6,0.7100365,136.966
2009,01,19,7,1.037081,172.1936
2009,01,20,0,0.9332082,161.792
2009,01,20,1,0.8759199,156.3168
2009,01,20,2,1.088596,177.1195
2009,01,20,3,1.32579,195.8159
2009,01,20,4,1.343881,196.9153
2009,01,20,5,1.339398,196.355
2009,01,20,6,1.382253,200.1594
2009,01,20,7,1.468353,206.1674
2009,01,21,0,1.249956,191.3879
2009,01,21,1,0.9333171,163.6784
2009,01,21,2,0.8221196,151.0915
2009,01,21,3,0.6651097,131.3139
2009,01,21,4,0.5626091,116.8509
2009,01,21,5,0.6428866,128.467
2009,01,21,6,0.7370019,141.2445
2009,01,21,7,0.7933733,148.3929
2009,01,22,0,0.666195,132.7215
2009,01,22,1,0.5232022,111.8744
2009,01,22,2,0.5276642,112.3186
2009,01,22,3,0.5556456,116.4076
2009,01,22,4,0.6122291,124.7794
2009,01,22,5,0.845029,153.5162
2009,01,22,6,1.059247,175.2066
2009,01,22,7,1.276421,193.1863
2009,01,23,0,1.180403,185.3193
2009,01,23,1,0.9728599,167.0629
2009,01,23,2,1.006927,170.3048
2009,01,23,3,1.041391,173.4618
2009,01,23,4,0.9462551,164.9697
2009,01,23,5,1.088626,178.2882
2009,01,23,6,1.251581,191.8226
2009,01,23,7,1.469076,206.6686
2009,01,24,0,1.187215,186.2575
2009,01,24,1,0.8060982,149.7453
2009,01,24,2,0.5507152,116.2363
2009,01,24,3,0.548286,116.0479
2009,01,24,4,0.484703,106.4874
2009,01,24,5,0.7056736,137.9546
2009,01,24,6,0.8908192,159.8693
2009,01,24,7,0.9179739,162.743
2009,01,25,0,0.5262115,113.3428
2009,01,25,1,0.385527,90.16319
2009,01,25,2,0.400699,92.98217
2009,01,25,3,0.4864769,107.1803
2009,01,25,4,0.5850714,122.0738
2009,01,25,5,0.830466,153.0432
2009,01,25,6,1.032112,173.6015
2009,01,25,7,1.258014,192.6818
2009,01,26,0,1.451409,205.4869
2009,01,26,1,1.558678,211.6627
2009,01,26,2,1.454509,205.5798
2009,01,26,3,1.122868,181.7365
2009,01,26,4,0.9944653,170.3372
2009,01,26,5,1.111168,180.2392
2009,01,26,6,1.194801,187.0496
2009,01,26,7,1.44312,204.5537
2009,01,27,0,1.508258,208.4614
2009,01,27,1,1.522778,209.3244
2009,01,27,2,1.330756,197.2746
2009,01,27,3,0.9879749,169.6242
2009,01,27,4,0.9382523,164.7012
2009,01,27,5,1.143004,182.9783
2009,01,27,6,1.28711,194.904
2009,01,27,7,1.593087,213.9368
2009,01,28,0,1.662778,217.2681
2009,01,28,1,1.566447,212.3808
2009,01,28,2,1.343418,199.1631
2009,01,28,3,0.9126732,162.6386
2009,01,28,4,0.6485011,131.4785
2009,01,28,5,1.027132,173.1581
2009,01,28,6,1.260838,192.3927
2009,01,28,7,1.512167,208.9641
2009,01,29,0,1.448336,204.8227
2009,01,29,1,1.144565,183.5385
2009,01,29,2,1.235338,190.9345
2009,01,29,3,1.147181,183.989
2009,01,29,4,1.008649,171.2354
2009,01,29,5,1.193949,185.9933
2009,01,29,6,1.243299,190.3917
2009,01,29,7,1.269906,193.0551
2009,01,30,0,1.358617,199.5494
2009,01,30,1,1.178679,186.6307
2009,01,30,2,0.9864841,169.8796
2009,01,30,3,0.8784034,158.3219
2009,01,30,4,0.8410996,154.4594
2009,01,30,5,1.13287,182.1968
2009,01,30,6,1.216384,189.0469
2009,01,30,7,1.366435,200.1028
2009,01,31,0,1.422335,203.811
2009,01,31,1,1.263334,193.099
2009,01,31,2,1.007102,171.6712
2009,01,31,3,0.6195667,127.1415
2009,01,31,4,0.4860765,107.132
2009,01,31,5,0.6447109,130.0988
2009,01,31,6,0.7085052,138.5479
2009,01,31,7,0.9783369,168.5332
2010,01,1,0,0.7809396,146.5664
2010,01,1,1,0.6706687,132.2185
2010,01,1,2,0.8517323,153.5038
2010,01,1,3,1.122258,181.3696
2010,01,1,4,1.127479,182.3814
2010,01,1,5,1.225589,190.54
2010,01,1,6,1.360813,200.8494
2010,01,1,7,1.645592,217.5211
2010,01,2,0,1.690576,219.4539
2010,01,2,1,1.628431,216.3357
2010,01,2,2,1.582661,213.6371
2010,01,2,3,1.339411,198.3149
2010,01,2,4,1.316803,196.2238
2010,01,2,5,1.359702,200.4122
2010,01,2,6,1.580018,214.6355
2010,01,2,7,1.882282,229.1711
2010,01,3,0,1.979699,232.1898
2010,01,3,1,1.928171,229.7461
2010,01,3,2,1.912113,229.1879
2010,01,3,3,1.718424,221.4229
2010,01,3,4,1.432871,206.0416
2010,01,3,5,1.539676,212.185
2010,01,3,6,1.805773,226.201
2010,01,3,7,2.062795,235.659
2010,01,4,0,1.941562,230.6055
2010,01,4,1,1.895295,229.3703
2010,01,4,2,1.801714,225.3014
2010,01,4,3,1.754827,223.3483
2010,01,4,4,1.681714,219.8933
2010,01,4,5,1.93416,230.7026
2010,01,4,6,2.104198,237.4328
2010,01,4,7,2.174684,239.8313
2010,01,5,0,2.278329,243.0433
2010,01,5,1,2.189383,241.0071
2010,01,5,2,1.959787,233.1538
2010,01,5,3,1.684262,221.2053
2010,01,5,4,1.278318,196.6166
2010,01,5,5,1.325482,199.6597
2010,01,5,6,1.41513,206.1051
2010,01,5,7,1.580299,215.8099
2010,01,6,0,1.572135,215.3784
2010,01,6,1,1.314801,199.838
2010,01,6,2,1.32273,200.2744
2010,01,6,3,1.32273,200.1484
2010,01,6,4,1.173074,188.2037
2010,01,6,5,1.276531,195.6034
2010,01,6,6,1.380514,202.6739
2010,01,6,7,1.67941,219.1079
2010,01,7,0,1.494719,209.8386
2010,01,7,1,1.218729,191.6682
2010,01,7,2,1.339152,199.9271
2010,01,7,3,1.136967,184.2568
2010,01,7,4,0.9601667,168.1565
2010,01,7,5,1.130566,183.7459
2010,01,7,6,1.483355,209.3692
2010,01,7,7,2.003449,234.0127
2010,01,8,0,1.951938,231.051
2010,01,8,1,1.845275,226.238
2010,01,8,2,1.617048,215.8113
2010,01,8,3,1.440958,205.415
2010,01,8,4,1.359987,200.3884
2010,01,8,5,1.422743,205.0585
2010,01,8,6,1.761378,223.5181
2010,01,8,7,1.945175,231.147
2010,01,9,0,1.850683,227.1548
2010,01,9,1,1.51525,211.3452
2010,01,9,2,1.588181,215.2948
2010,01,9,3,1.522799,211.5299
2010,01,9,4,1.582266,214.8972
2010,01,9,5,1.578577,214.4543
2010,01,9,6,1.722368,221.1163
2010,01,9,7,1.988842,232.6934
2010,01,10,0,1.936446,230.7757
2010,01,10,1,1.880511,228.9674
2010,01,10,2,1.691994,220.4815
2010,01,10,3,1.480625,208.8558
2010,01,10,4,1.389779,202.6866
2010,01,10,5,1.551481,212.3126
2010,01,10,6,1.632361,217.2313
2010,01,10,7,1.857562,227.9348
2010,01,11,0,1.984422,232.5165
2010,01,11,1,1.990691,232.8285
2010,01,11,2,1.872569,228.7814
2010,01,11,3,1.732726,221.8907
2010,01,11,4,1.637049,216.336
2010,01,11,5,1.640112,216.5336
2010,01,11,6,1.909312,228.8304
2010,01,11,7,1.822109,224.5841
2010,01,12,0,1.696557,218.236
2010,01,12,1,1.686434,218.0878
2010,01,12,2,1.388348,202.5093
2010,01,12,3,1.338503,199.6421
2010,01,12,4,1.126323,183.7493
2010,01,12,5,1.28263,195.4568
2010,01,12,6,1.536276,211.7344
2010,01,12,7,1.822565,225.7948
2010,01,13,0,1.813182,224.8583
2010,01,13,1,1.625244,215.8898
2010,01,13,2,1.57614,213.2749
2010,01,13,3,1.509893,209.732
2010,01,13,4,1.469088,207.2425
2010,01,13,5,1.508409,209.4314
2010,01,13,6,1.704039,219.9431
2010,01,13,7,1.785816,223.2481
2010,01,14,0,1.479968,206.7792
2010,01,14,1,1.303885,194.8231
2010,01,14,2,1.522966,209.2571
2010,01,14,3,1.544017,211.5493
2010,01,14,4,1.432537,205.0406
2010,01,14,5,1.359761,200.232
2010,01,14,6,1.729746,220.5497
2010,01,14,7,1.890302,227.6792
2010,01,15,0,1.641732,216.5956
2010,01,15,1,1.280493,193.6033
2010,01,15,2,0.964287,165.7314
2010,01,15,3,1.115105,179.5659
2010,01,15,4,1.335265,197.8497
2010,01,15,5,1.480688,207.1908
2010,01,15,6,1.727454,220.3367
2010,01,15,7,1.670487,218.0269
2010,01,16,0,1.421659,203.6578
2010,01,16,1,1.18101,186.7797
2010,01,16,2,1.046151,175.2661
2010,01,16,3,0.9777951,168.8166
2010,01,16,4,1.220705,190.7178
2010,01,16,5,1.350201,199.4047
2010,01,16,6,1.499127,209.0677
2010,01,16,7,1.663002,217.7907
2010,01,17,0,1.453959,205.3897
2010,01,17,1,1.215411,189.2865
2010,01,17,2,1.266143,193.6363
2010,01,17,3,1.30183,196.6444
2010,01,17,4,1.342429,199.0455
2010,01,17,5,1.409562,202.6959
2010,01,17,6,1.464437,206.8884
2010,01,17,7,1.499588,209.2414
2010,01,18,0,1.453245,206.7734
2010,01,18,1,1.226704,191.8495
2010,01,18,2,1.367518,201.7544
2010,01,18,3,1.628311,216.9944
2010,01,18,4,1.412922,204.1655
2010,01,18,5,1.5393,211.0909
2010,01,18,6,1.645196,217.5043
2010,01,18,7,1.889614,228.7267
2010,01,19,0,1.858612,226.3879
2010,01,19,1,1.65598,216.6497
2010,01,19,2,1.438339,204.4623
2010,01,19,3,1.210962,189.844
2010,01,19,4,1.053617,176.4456
2010,01,19,5,1.081365,179.247
2010,01,19,6,1.216593,190.6787
2010,01,19,7,1.333154,199.0194
2010,01,20,0,0.9032288,162.709
2010,01,20,1,0.6418511,131.1092
2010,01,20,2,0.7285898,142.1484
2010,01,20,3,0.7825399,148.6292
2010,01,20,4,1.230288,192.8308
2010,01,20,5,1.344591,199.4556
2010,01,20,6,1.677006,218.5452
2010,01,20,7,1.810418,224.3702
2010,01,21,0,1.503542,209.1485
2010,01,21,1,1.080995,178.7635
2010,01,21,2,1.19989,188.7959
2010,01,21,3,1.632905,216.9673
2010,01,21,4,1.703763,219.091
2010,01,21,5,1.643285,215.8797
2010,01,21,6,1.717772,220.2065
2010,01,21,7,1.828776,225.9367
2010,01,22,0,1.85047,226.2559
2010,01,22,1,1.825529,224.8618
2010,01,22,2,1.769066,222.0945
2010,01,22,3,1.713106,219.022
2010,01,22,4,1.633172,215.3302
2010,01,22,5,1.707,218.7863
2010,01,22,6,1.705812,219.7265
2010,01,22,7,1.886916,228.2509
2010,01,23,0,1.900233,228.3108
2010,01,23,1,1.738868,220.9272
2010,01,23,2,1.639612,215.772
2010,01,23,3,1.454416,205.3553
2010,01,23,4,1.280306,194.2494
2010,01,23,5,1.350025,199.2298
2010,01,23,6,1.52573,211.0073
2010,01,23,7,1.723197,221.004
2010,01,24,0,1.442122,205.6676
2010,01,24,1,1.145113,184.5656
2010,01,24,2,1.049059,175.836
2010,01,24,3,0.9210353,163.5689
2010,01,24,4,0.9385489,165.2027
2010,01,24,5,1.184891,187.1726
2010,01,24,6,1.406914,203.6124
2010,01,24,7,1.733409,221.4075
2010,01,25,0,1.530274,210.0583
2010,01,25,1,1.144545,183.7979
2010,01,25,2,1.041131,174.7607
2010,01,25,3,0.9921316,169.931
2010,01,25,4,1.014682,172.052
2010,01,25,5,1.198604,187.3844
2010,01,25,6,1.492152,207.4868
2010,01,25,7,1.536497,210.4999
2010,01,26,0,1.241554,190.7062
2010,01,26,1,0.8018672,149.0264
2010,01,26,2,0.6265106,125.2477
2010,01,26,3,0.5221948,109.8384
2010,01,26,4,0.4977556,106.4776
2010,01,26,5,0.602848,122.3509
2010,01,26,6,0.737306,140.8067
2010,01,26,7,0.9398565,164.6063
2010,01,27,0,0.9007253,161.3391
2010,01,27,1,0.7192994,139.9838
2010,01,27,2,0.6526446,131.101
2010,01,27,3,0.5992831,123.8002
2010,01,27,4,0.5646901,118.7976
2010,01,27,5,0.661411,132.3752
2010,01,27,6,0.8975969,161.215
2010,01,27,7,1.290133,196.0548
2010,01,28,0,1.16934,186.0968
2010,01,28,1,0.8120985,150.9357
2010,01,28,2,0.7407382,142.0647
2010,01,28,3,0.7537337,143.4076
2010,01,28,4,0.8607256,155.6907
2010,01,28,5,1.133858,181.8847
2010,01,28,6,1.364609,200.5745
2010,01,28,7,1.723482,220.2967
2010,01,29,0,1.221381,190.0968
2010,01,29,1,0.7288022,140.7988
2010,01,29,2,0.5349707,113.3591
2010,01,29,3,0.4760905,103.5724
2010,01,29,4,0.5594438,115.8242
2010,01,29,5,0.7090491,136.5438
2010,01,29,6,0.9523306,164.8835
2010,01,29,7,1.333996,196.9767
2010,01,30,0,1.166285,184.0372
2010,01,30,1,1.079349,175.4903
2010,01,30,2,1.039265,171.7555
2010,01,30,3,1.124391,179.7814
2010,01,30,4,1.15849,183.4401
2010,01,30,5,1.377582,199.7083
2010,01,30,6,1.697201,218.4057
2010,01,30,7,1.893939,227.6433
2010,01,31,0,1.906409,228.4035
2010,01,31,1,1.747684,221.8174
2010,01,31,2,1.763837,221.9969
2010,01,31,3,1.452977,205.3908
2010,01,31,4,1.434464,204.7821
2010,01,31,5,1.457352,205.941
2010,01,31,6,1.61578,215.2154
2010,01,31,7,1.937722,229.5074
2011,01,1,0,0.3919793,91.26365
2011,01,1,1,0.2040006,54.3213
2011,01,1,2,0.256037,64.82098
2011,01,1,3,0.3133431,75.9658
2011,01,1,4,0.2963228,72.99601
2011,01,1,5,0.3035621,74.55504
2011,01,1,6,0.4492125,100.6999
2011,01,1,7,0.6208707,126.5926
2011,01,2,0,0.607695,125.0217
2011,01,2,1,0.5623652,118.1185
2011,01,2,2,0.5321811,113.6518
2011,01,2,3,0.4705939,104.1217
2011,01,2,4,0.5389637,115.4354
2011,01,2,5,0.5137805,111.1215
2011,01,2,6,0.7068417,138.4777
2011,01,2,7,0.9388856,164.7327
2011,01,3,0,0.8783519,158.4087
2011,01,3,1,0.825972,152.7319
2011,01,3,2,0.8498764,155.6791
2011,01,3,3,0.6650271,133.4936
2011,01,3,4,0.5664442,119.9034
2011,01,3,5,0.6816665,135.9359
2011,01,3,6,0.951633,167.0066
2011,01,3,7,1.167768,185.2462
2011,01,4,0,0.8940485,159.5111
2011,01,4,1,0.6928139,136.0801
2011,01,4,2,0.7615277,145.4731
2011,01,4,3,0.8881806,159.3987
2011,01,4,4,0.7984169,150.0094
2011,01,4,5,0.9656453,168.0038
2011,01,4,6,1.072512,178.1204
2011,01,4,7,1.16882,186.0565
2011,01,5,0,0.9441793,165.6035
2011,01,5,1,0.805161,150.836
2011,01,5,2,0.8703666,157.9897
2011,01,5,3,0.9778913,169.1866
2011,01,5,4,0.8661188,157.8657
2011,01,5,5,1.194367,187.8628
2011,01,5,6,1.161076,185.5802
2011,01,5,7,1.30058,196.23
2011,01,6,0,1.490279,208.1902
2011,01,6,1,1.676951,218.0517
2011,01,6,2,1.656586,216.2531
2011,01,6,3,1.463199,205.1336
2011,01,6,4,1.254101,191.4818
2011,01,6,5,1.285486,194.3551
2011,01,6,6,1.47964,207.3863
2011,01,6,7,1.60744,214.7441
2011,01,7,0,1.340424,198.1831
2011,01,7,1,1.140548,183.5493
2011,01,7,2,1.508836,209.1124
2011,01,7,3,1.375198,199.683
2011,01,7,4,1.384103,199.4245
2011,01,7,5,1.393473,200.1063
2011,01,7,6,1.368452,199.2136
2011,01,7,7,1.474698,206.6073
2011,01,8,0,1.534383,209.881
2011,01,8,1,1.535907,209.8774
2011,01,8,2,1.517751,208.7289
2011,01,8,3,1.130238,182.3211
2011,01,8,4,0.9673296,167.937
2011,01,8,5,1.080799,178.3029
2011,01,8,6,1.277533,194.019
2011,01,8,7,1.528979,209.5198
2011,01,9,0,1.444848,204.6601
2011,01,9,1,1.314749,196.9182
2011,01,9,2,1.158462,185.0709
2011,01,9,3,1.105711,180.7198
2011,01,9,4,1.150831,184.1664
2011,01,9,5,1.41173,201.8241
2011,01,9,6,1.560005,210.356
2011,01,9,7,1.614027,213.9054
2011,01,10,0,1.368559,200.0414
2011,01,10,1,1.189892,187.2764
2011,01,10,2,1.37363,200.22
2011,01,10,3,1.311175,195.8108
2011,01,10,4,1.268356,192.7829
2011,01,10,5,1.37066,199.9413
2011,01,10,6,1.515509,209.7976
2011,01,10,7,1.768297,223.277
2011,01,11,0,1.81785,224.9795
2011,01,11,1,1.684462,219.4922
2011,01,11,2,1.834801,226.1961
2011,01,11,3,1.743484,221.6477
2011,01,11,4,1.578369,212.3613
2011,01,11,5,1.622256,214.0495
2011,01,11,6,1.650442,216.4007
2011,01,11,7,1.922987,228.4949
2011,01,12,0,1.803224,224.0764
2011,01,12,1,1.758826,221.8401
2011,01,12,2,1.796146,223.0695
2011,01,12,3,1.614923,214.6918
2011,01,12,4,1.387735,201.7263
2011,01,12,5,1.422676,204.3594
2011,01,12,6,1.508894,210.4962
2011,01,12,7,1.782917,224.6514
2011,01,13,0,1.708256,221.0707
2011,01,13,1,1.629061,216.6054
2011,01,13,2,1.523723,210.5135
2011,01,13,3,1.28932,196.013
2011,01,13,4,0.9880995,169.8949
2011,01,13,5,0.8508145,154.7911
2011,01,13,6,0.8627709,157.0613
2011,01,13,7,0.9616108,168.0026
2011,01,14,0,0.851162,156.7793
2011,01,14,1,0.7403013,143.2392
2011,01,14,2,0.7753309,147.1986
2011,01,14,3,0.7355521,142.7377
2011,01,14,4,0.7295544,142.3679
2011,01,14,5,0.8433237,155.8907
2011,01,14,6,1.103407,181.6482
2011,01,14,7,1.42436,205.1243
2011,01,15,0,1.540265,211.2263
2011,01,15,1,1.26309,193.8411
2011,01,15,2,1.142457,183.9736
2011,01,15,3,0.9159584,163.5906
2011,01,15,4,0.6292995,128.9204
2011,01,15,5,0.6697934,134.0913
2011,01,15,6,0.9077797,162.7847
2011,01,15,7,1.230649,192.1314
2011,01,16,0,1.643083,217.5068
2011,01,16,1,1.548376,213.1632
2011,01,16,2,1.32167,199.1327
2011,01,16,3,1.077919,179.8689
2011,01,16,4,0.8743347,159.942
2011,01,16,5,0.9229247,164.9392
2011,01,16,6,1.17776,188.5932
2011,01,16,7,1.453757,207.9536
2011,01,17,0,1.470137,208.9483
2011,01,17,1,1.223391,192.814
2011,01,17,2,1.119339,184.3861
2011,01,17,3,1.057407,178.7207
2011,01,17,4,1.039551,176.6742
2011,01,17,5,1.050301,177.4491
2011,01,17,6,1.362387,201.7801
2011,01,17,7,1.755015,223.7709
2011,01,18,0,1.403843,204.1039
2011,01,18,1,0.7452477,143.5909
2011,01,18,2,0.6075202,124.227
2011,01,18,3,0.5645274,118.6902
2011,01,18,4,0.659775,132.4939
2011,01,18,5,0.8381924,155.2315
2011,01,18,6,1.149976,185.7319
2011,01,18,7,1.345093,200.2364
2011,01,19,0,1.204019,189.295
2011,01,19,1,1.02603,174.1093
2011,01,19,2,1.025021,174.0821
2011,01,19,3,0.9587435,167.5881
2011,01,19,4,1.054307,176.216
2011,01,19,5,1.107636,181.2183
2011,01,19,6,1.20064,189.162
2011,01,19,7,1.407348,203.836
2011,01,20,0,1.336681,198.0501
2011,01,20,1,1.298618,195.293
2011,01,20,2,1.287907,195.2011
2011,01,20,3,1.211335,189.4653
2011,01,20,4,1.353053,200.4516
2011,01,20,5,1.21677,189.5119
2011,01,20,6,1.51703,209.7825
2011,01,20,7,1.74125,221.4062
2011,01,21,0,1.686405,218.1034
2011,01,21,1,1.653287,216.3441
2011,01,21,2,1.234622,190.7247
2011,01,21,3,1.069362,177.2968
2011,01,21,4,0.9361616,164.9639
2011,01,21,5,1.093904,179.5696
2011,01,21,6,1.287668,195.5366
2011,01,21,7,1.613311,215.0948
2011,01,22,0,1.540757,210.5422
2011,01,22,1,1.451829,204.6823
2011,01,22,2,1.508002,207.589
2011,01,22,3,1.462667,204.9059
2011,01,22,4,1.380818,200.3331
2011,01,22,5,1.399447,201.5526
2011,01,22,6,1.470407,206.7149
2011,01,22,7,1.595301,214.1013
2011,01,23,0,1.506784,209.1
2011,01,23,1,1.351559,199.1155
2011,01,23,2,1.091882,178.8118
2011,01,23,3,1.146565,183.1985
2011,01,23,4,1.284063,193.6368
2011,01,23,5,1.471816,205.8596
2011,01,23,6,1.552846,211.2706
2011,01,23,7,1.63164,215.0814
2011,01,24,0,1.608104,213.8099
2011,01,24,1,1.454703,205.4195
2011,01,24,2,1.425715,203.1982
2011,01,24,3,1.381842,200.3399
2011,01,24,4,1.507284,207.5766
2011,01,24,5,1.498805,206.8387
2011,01,24,6,1.518213,209.279
2011,01,24,7,1.674316,217.7429
2011,01,25,0,1.555374,211.1654
2011,01,25,1,1.326996,197.1066
2011,01,25,2,1.262817,192.3988
2011,01,25,3,1.203961,187.8393
2011,01,25,4,1.236797,191.0324
2011,01,25,5,1.274326,193.5586
2011,01,25,6,1.47536,207.6067
2011,01,25,7,1.771536,223.0923
2011,01,26,0,1.776229,223.0843
2011,01,26,1,1.629369,216.0838
2011,01,26,2,1.547656,211.5695
2011,01,26,3,1.404644,203.0838
2011,01,26,4,1.327698,197.6814
2011,01,26,5,1.388321,201.0725
2011,01,26,6,1.534194,210.6183
2011,01,26,7,1.723661,220.6522
2011,01,27,0,1.664598,218.4097
2011,01,27,1,1.538416,211.9164
2011,01,27,2,1.460689,207.6044
2011,01,27,3,1.525471,210.7273
2011,01,27,4,1.508727,209.1361
2011,01,27,5,1.37795,199.9591
2011,01,27,6,1.326651,196.8674
2011,01,27,7,1.620325,214.1814
2011,01,28,0,1.59687,213.7364
2011,01,28,1,1.559931,211.8373
2011,01,28,2,1.596373,214.0752
2011,01,28,3,1.327083,197.448
2011,01,28,4,1.020162,172.6467
2011,01,28,5,1.189875,186.586
2011,01,28,6,1.289945,194.4991
2011,01,28,7,1.444962,204.8137
2011,01,29,0,1.423728,203.5281
2011,01,29,1,1.29845,195.5482
2011,01,29,2,1.171662,185.6756
2011,01,29,3,1.22179,189.0217
2011,01,29,4,1.269619,192.853
2011,01,29,5,1.569683,211.8353
2011,01,29,6,1.560186,211.3975
2011,01,29,7,1.498876,208.6066
2011,01,30,0,1.494442,208.1849
2011,01,30,1,1.32939,198.1141
2011,01,30,2,1.303903,195.7001
2011,01,30,3,1.191452,187.1184
2011,01,30,4,1.069285,177.0784
2011,01,30,5,1.35758,198.8526
2011,01,30,6,1.537773,210.3632
2011,01,30,7,1.699093,219.5101
2011,01,31,0,1.717816,220.393
2011,01,31,1,1.603899,214.8158
2011,01,31,2,1.511826,209.437
2011,01,31,3,1.215487,189.2042
2011,01,31,4,1.120864,181.7723
2011,01,31,5,1.348187,198.5404
2011,01,31,6,1.574608,212.7085
2011,01,31,7,1.725032,220.7651
2012,01,1,0,1.314488,196.4286
2012,01,1,1,1.24931,192.2054
2012,01,1,2,1.299078,195.7862
2012,01,1,3,1.299648,196.021
2012,01,1,4,1.492328,207.5978
2012,01,1,5,1.557848,210.6362
2012,01,1,6,1.412214,202.4207
2012,01,1,7,1.478055,206.7341
2012,01,2,0,1.494944,208.3211
2012,01,2,1,1.279204,194.6475
2012,01,2,2,1.495933,208.0809
2012,01,2,3,1.471981,206.8304
2012,01,2,4,1.520887,208.9662
2012,01,2,5,1.517109,208.2529
2012,01,2,6,1.570185,211.8431
2012,01,2,7,1.678379,217.5904
2012,01,3,0,1.585734,211.9387
2012,01,3,1,1.414279,201.8335
2012,01,3,2,1.395995,200.7857
2012,01,3,3,1.277949,192.9092
2012,01,3,4,1.216791,188.3204
2012,01,3,5,1.418861,202.1077
2012,01,3,6,1.535219,209.9156
2012,01,3,7,1.628439,215.3341
2012,01,4,0,1.646901,216.2174
2012,01,4,1,1.581223,212.4796
2012,01,4,2,1.276736,192.9905
2012,01,4,3,0.9722942,167.0492
2012,01,4,4,0.7532455,143.2257
2012,01,4,5,0.9645629,166.1599
2012,01,4,6,1.301112,194.7152
2012,01,4,7,1.51047,208.4449
2012,01,5,0,1.535949,209.891
2012,01,5,1,1.421369,203.6038
2012,01,5,2,1.504157,208.3089
2012,01,5,3,1.312602,195.1288
2012,01,5,4,1.226927,188.8616
2012,01,5,5,1.19432,186.1644
2012,01,5,6,1.337147,197.444
2012,01,5,7,1.556275,211.3201
2012,01,6,0,1.602044,213.681
2012,01,6,1,1.558543,211.0573
2012,01,6,2,1.44828,204.1601
2012,01,6,3,1.365066,198.0443
2012,01,6,4,1.24456,190.0859
2012,01,6,5,1.226716,189.2505
2012,01,6,6,1.404513,202.1764
2012,01,6,7,1.546862,210.5065
2012,01,7,0,1.257429,190.9264
2012,01,7,1,0.8880125,157.7939
2012,01,7,2,0.7080337,136.8193
2012,01,7,3,0.6173434,125.0601
2012,01,7,4,0.6816388,134.2405
2012,01,7,5,1.033063,173.2562
2012,01,7,6,1.245157,191.0541
2012,01,7,7,1.515391,208.9017
2012,01,8,0,1.588432,212.7834
2012,01,8,1,1.451078,204.3162
2012,01,8,2,1.430355,202.7836
2012,01,8,3,1.326684,196.4425
2012,01,8,4,1.259708,191.688
2012,01,8,5,1.310194,195.2474
2012,01,8,6,1.545863,210.6438
2012,01,8,7,1.660535,216.7943
2012,01,9,0,1.51958,208.7829
2012,01,9,1,1.550334,210.3606
2012,01,9,2,1.410544,202.218
2012,01,9,3,1.302644,194.5438
2012,01,9,4,1.257402,190.7281
2012,01,9,5,1.300977,194.0569
2012,01,9,6,1.353887,198.5624
2012,01,9,7,1.482918,206.3588
2012,01,10,0,1.273226,192.004
2012,01,10,1,1.038055,172.363
2012,01,10,2,0.8640887,154.3972
2012,01,10,3,0.7735376,143.7094
2012,01,10,4,0.6393735,126.4451
2012,01,10,5,0.5955836,120.8047
2012,01,10,6,0.6880178,134.3526
2012,01,10,7,0.7575058,143.9567
2012,01,11,0,0.5207554,111.7648
2012,01,11,1,0.412651,93.99618
2012,01,11,2,0.3604839,84.87869
2012,01,11,3,0.3088993,75.3361
2012,01,11,4,0.2679856,67.58153
2012,01,11,5,0.3402992,81.42116
2012,01,11,6,0.4732542,104.5819
2012,01,11,7,0.5834526,121.3648
2012,01,12,0,0.4267975,96.98491
2012,01,12,1,0.3598918,84.80159
2012,01,12,2,0.3887495,89.89579
2012,01,12,3,0.3531258,83.85983
2012,01,12,4,0.3458604,82.88417
2012,01,12,5,0.4590525,102.2114
2012,01,12,6,0.6982381,137.1073
2012,01,12,7,0.8535551,155.425
2012,01,13,0,0.6050948,124.6079
2012,01,13,1,0.3953153,92.02568
2012,01,13,2,0.4137864,94.66226
2012,01,13,3,0.4446345,99.5041
2012,01,13,4,0.4026521,92.70245
2012,01,13,5,0.4541681,101.5788
2012,01,13,6,0.5214986,112.3016
2012,01,13,7,0.5643707,118.853
2012,01,14,0,0.3749096,88.61068
2012,01,14,1,0.2945227,73.25871
2012,01,14,2,0.3289994,79.23009
2012,01,14,3,0.3032164,74.27222
2012,01,14,4,0.2606538,66.09211
2012,01,14,5,0.3178627,77.21444
2012,01,14,6,0.4409061,99.12481
2012,01,14,7,0.5995242,123.4061
2012,01,15,0,0.2889545,72.35876
2012,01,15,1,0.1243324,37.04344
2012,01,15,2,0.1079808,33.08246
2012,01,15,3,0.1332492,38.96582
2012,01,15,4,0.1318833,38.70455
2012,01,15,5,0.2058134,54.82624
2012,01,15,6,0.3354372,80.26792
2012,01,15,7,0.4353614,97.81542
2012,01,16,0,0.2474627,63.23585
2012,01,16,1,0.1985562,52.68009
2012,01,16,2,0.2611841,65.56039
2012,01,16,3,0.3468606,81.97576
2012,01,16,4,0.325973,78.40668
2012,01,16,5,0.3561954,84.23643
2012,01,16,6,0.6241646,126.0653
2012,01,16,7,0.9023112,159.1838
2012,01,17,0,0.7942123,147.654
2012,01,17,1,0.8547839,155.1132
2012,01,17,2,0.8502706,154.5447
2012,01,17,3,0.6787542,134.2124
2012,01,17,4,0.615686,125.1924
2012,01,17,5,0.8023069,148.353
2012,01,17,6,0.9874231,168.1899
2012,01,17,7,1.297703,194.1743
2012,01,18,0,1.338779,196.9805
2012,01,18,1,1.231179,189.7295
2012,01,18,2,1.189924,186.417
2012,01,18,3,1.23822,189.6523
2012,01,18,4,1.175604,184.1239
2012,01,18,5,1.21778,186.9973
2012,01,18,6,1.265996,191.4641
2012,01,18,7,1.36516,198.6444
2012,01,19,0,1.428953,202.438
2012,01,19,1,1.462774,204.6308
2012,01,19,2,1.44677,203.4095
2012,01,19,3,1.386872,199.3263
2012,01,19,4,1.187633,184.4119
2012,01,19,5,1.244555,188.4479
2012,01,19,6,1.346143,196.8408
2012,01,19,7,1.471129,205.236
2012,01,20,0,1.487368,206.0854
2012,01,20,1,1.409643,201.263
2012,01,20,2,1.261943,190.8103
2012,01,20,3,1.014765,170.3084
2012,01,20,4,1.109605,178.8184
2012,01,20,5,1.143429,181.8946
2012,01,20,6,1.28381,192.8174
2012,01,20,7,1.343611,196.6458
2012,01,21,0,1.335144,195.9346
2012,01,21,1,1.285229,192.48
2012,01,21,2,1.106166,178.264
2012,01,21,3,1.019996,170.6222
2012,01,21,4,1.049895,173.8058
2012,01,21,5,1.21786,186.9119
2012,01,21,6,1.357437,197.7587
2012,01,21,7,1.486459,206.2917
2012,01,22,0,1.412953,201.305
2012,01,22,1,1.155857,182.2915
2012,01,22,2,0.9629533,164.9773
2012,01,22,3,0.88542,157.4322
2012,01,22,4,1.00639,169.2875
2012,01,22,5,1.10697,178.1281
2012,01,22,6,1.129716,180.3737
2012,01,22,7,1.192232,185.0648
2012,01,23,0,0.9281254,161.4303
2012,01,23,1,0.7601307,143.0201
2012,01,23,2,0.8044131,148.4934
2012,01,23,3,0.844126,152.4798
2012,01,23,4,0.7603679,143.2581
2012,01,23,5,0.9360648,162.7055
2012,01,23,6,1.213965,187.3555
2012,01,23,7,1.010259,169.9838
2012,01,24,0,0.518135,109.5114
2012,01,24,1,0.3437914,79.65778
2012,01,24,2,0.3937897,88.57318
2012,01,24,3,0.4799688,102.7584
2012,01,24,4,0.5403011,112.5261
2012,01,24,5,0.7682283,143.6245
2012,01,24,6,1.140637,181.6488
2012,01,24,7,1.368974,199.0464
2012,01,25,0,1.245415,190.4508
2012,01,25,1,1.14488,181.893
2012,01,25,2,1.007238,169.43
2012,01,25,3,1.119898,180.1296
2012,01,25,4,1.384155,200.2827
2012,01,25,5,1.469696,205.9282
2012,01,25,6,1.588915,213.2192
2012,01,25,7,1.546338,210.1643
2012,01,26,0,1.540586,209.356
2012,01,26,1,1.429316,202.9962
2012,01,26,2,1.464251,205.2064
2012,01,26,3,1.283236,194.0497
2012,01,26,4,1.23682,190.6887
2012,01,26,5,1.362074,199.003
2012,01,26,6,1.475061,206.6553
2012,01,26,7,1.506164,208.7735
2012,01,27,0,1.466443,206.4266
2012,01,27,1,1.514637,209.7674
2012,01,27,2,1.474476,206.8992
2012,01,27,3,1.21856,189.2855
2012,01,27,4,1.074456,177.4974
2012,01,27,5,1.253589,192.0308
2012,01,27,6,1.428296,204.5557
2012,01,27,7,1.65034,216.953
2012,01,28,0,1.685524,218.3275
2012,01,28,1,1.757168,221.9139
2012,01,28,2,1.490382,207.9568
2012,01,28,3,1.290633,194.3882
2012,01,28,4,1.077811,177.5452
2012,01,28,5,1.316302,195.6676
2012,01,28,6,1.367714,199.9857
2012,01,28,7,1.5512,211.652
2012,01,29,0,1.637101,215.7254
2012,01,29,1,1.478136,206.8723
2012,01,29,2,1.393599,202.0856
2012,01,29,3,1.439071,204.4694
2012,01,29,4,1.385472,201.1414
2012,01,29,5,1.294349,194.2798
2012,01,29,6,1.500807,207.7983
2012,01,29,7,1.577883,212.2338
2012,01,30,0,1.526124,209.4786
2012,01,30,1,1.266707,193.5283
2012,01,30,2,1.34864,198.8463
2012,01,30,3,1.476267,207.1452
2012,01,30,4,1.519259,209.2772
2012,01,30,5,1.428878,203.1737
2012,01,30,6,1.531975,209.5643
2012,01,30,7,1.60335,213.6134
2012,01,31,0,1.428828,203.9275
2012,01,31,1,1.4175,202.8431
2012,01,31,2,1.412594,202.3914
2012,01,31,3,1.444496,204.2866
2012,01,31,4,1.310137,194.5664
2012,01,31,5,1.379248,198.5625
2012,01,31,6,1.28249,192.4539
2012,01,31,7,1.225805,188.7254
2013,01,1,0,0.7194041,140.3704
2013,01,1,1,0.5630868,118.7
2013,01,1,2,0.6000504,123.4467
2013,01,1,3,0.6272756,127.0373
2013,01,1,4,0.5601609,117.7757
2013,01,1,5,0.6052411,124.5671
2013,01,1,6,0.8600559,156.4184
2013,01,1,7,1.091106,179.458
2013,01,2,0,1.106072,180.9749
2013,01,2,1,0.9786255,169.7765
2013,01,2,2,1.032813,174.828
2013,01,2,3,0.913386,162.7268
2013,01,2,4,0.8229858,152.4632
2013,01,2,5,0.8927807,159.6781
2013,01,2,6,1.141222,182.705
2013,01,2,7,1.010407,171.5504
2013,01,3,0,0.4720723,104.2875
2013,01,3,1,0.3304245,79.11877
2013,01,3,2,0.362948,84.81809
2013,01,3,3,0.3904662,89.75565
2013,01,3,4,0.5977136,123.6776
2013,01,3,5,0.8493503,155.5964
2013,01,3,6,1.088091,178.5362
2013,01,3,7,1.466159,205.668
2013,01,4,0,1.583085,212.5421
2013,01,4,1,1.544467,210.384
2013,01,4,2,1.380168,200.0134
2013,01,4,3,1.009259,170.6862
2013,01,4,4,0.9484305,164.7363
2013,01,4,5,1.185231,185.5677
2013,01,4,6,1.473691,206.3706
2013,01,4,7,1.673219,217.4762
2013,01,5,0,1.691409,218.4586
2013,01,5,1,1.411574,201.8421
2013,01,5,2,1.190501,185.1811
2013,01,5,3,1.134386,180.6323
2013,01,5,4,1.222853,188.0132
2013,01,5,5,1.316148,195.7454
2013,01,5,6,1.489894,207.6298
2013,01,5,7,1.663366,217.2109
2013,01,6,0,1.605977,213.9099
2013,01,6,1,1.483575,206.1275
2013,01,6,2,1.260277,190.829
2013,01,6,3,1.099228,178.4476
2013,01,6,4,1.048554,174.1845
2013,01,6,5,1.137358,182.1218
2013,01,6,6,1.407162,202.384
2013,01,6,7,1.484303,206.2495
2013,01,7,0,1.101862,177.6686
2013,01,7,1,0.8376836,151.6958
2013,01,7,2,0.7388041,139.572
2013,01,7,3,0.6440773,126.912
2013,01,7,4,0.5624511,115.619
2013,01,7,5,0.5611928,116.3351
2013,01,7,6,0.7321349,140.2731
2013,01,7,7,1.114933,179.8401
2013,01,8,0,1.145057,181.5694
2013,01,8,1,1.122859,179.8372
2013,01,8,2,1.213865,187.353
2013,01,8,3,1.320889,195.3771
2013,01,8,4,1.386584,199.7808
2013,01,8,5,1.52894,208.3925
2013,01,8,6,1.586912,212.2879
2013,01,8,7,1.630047,214.8509
2013,01,9,0,1.58458,212.4881
2013,01,9,1,1.605658,213.524
2013,01,9,2,1.588848,212.4919
2013,01,9,3,1.470501,205.9121
2013,01,9,4,1.478159,206.712
2013,01,9,5,1.54771,210.3459
2013,01,9,6,1.635708,215.5784
2013,01,9,7,1.86424,225.7006
2013,01,10,0,1.754907,221.567
2013,01,10,1,1.681709,217.9031
2013,01,10,2,1.616928,214.4586
2013,01,10,3,1.549066,210.1106
2013,01,10,4,1.402009,201.0111
2013,01,10,5,1.445063,204.0762
2013,01,10,6,1.595883,213.4946
2013,01,10,7,1.6984,218.9537
2013,01,11,0,1.642793,215.8256
2013,01,11,1,1.640373,215.5931
2013,01,11,2,1.574977,212.2769
2013,01,11,3,1.546769,210.4437
2013,01,11,4,1.320154,196.9928
2013,01,11,5,1.38828,201.5378
2013,01,11,6,1.565946,212.5314
2013,01,11,7,1.731886,220.6569
2013,01,12,0,1.702471,219.2705
2013,01,12,1,1.689843,218.841
2013,01,12,2,1.523934,209.3788
2013,01,12,3,1.108858,180.9209
2013,01,12,4,1.109875,180.6797
2013,01,12,5,1.369455,199.3262
2013,01,12,6,1.700451,218.0541
2013,01,12,7,1.648385,216.4541
2013,01,13,0,1.643335,215.5896
2013,01,13,1,1.31082,195.8522
2013,01,13,2,1.198262,187.7524
2013,01,13,3,1.263788,192.6915
2013,01,13,4,1.35516,198.943
2013,01,13,5,1.587361,212.7648
2013,01,13,6,1.642967,215.7831
2013,01,13,7,1.707006,219.172
2013,01,14,0,1.630825,215.6533
2013,01,14,1,1.497485,209.1534
2013,01,14,2,1.703082,220.0946
2013,01,14,3,1.589284,213.6735
2013,01,14,4,1.481089,207.2943
2013,01,14,5,1.468571,206.7049
2013,01,14,6,1.672405,218.5679
2013,01,14,7,1.811682,224.4004
2013,01,15,0,1.709955,219.477
2013,01,15,1,1.669844,217.3403
2013,01,15,2,1.623293,214.49
2013,01,15,3,1.363257,199.3219
2013,01,15,4,1.332422,197.2633
2013,01,15,5,1.415618,202.5999
2013,01,15,6,1.540359,210.9945
2013,01,15,7,1.713018,219.8066
2013,01,16,0,1.693372,218.3315
2013,01,16,1,1.608798,213.6881
2013,01,16,2,1.473248,206.0755
2013,01,16,3,1.275841,193.207
2013,01,16,4,1.20966,188.1075
2013,01,16,5,1.30706,195.4422
2013,01,16,6,1.465578,206.5242
2013,01,16,7,1.704403,219.3395
2013,01,17,0,1.721247,219.625
2013,01,17,1,1.714445,220.4197
2013,01,17,2,1.686035,218.9694
2013,01,17,3,1.571807,211.9255
2013,01,17,4,1.223653,189.7979
2013,01,17,5,1.386792,200.9735
2013,01,17,6,1.585763,213.1822
2013,01,17,7,1.666789,217.2636
2013,01,18,0,1.681575,217.7158
2013,01,18,1,1.609564,214.5214
2013,01,18,2,1.427529,204.0352
2013,01,18,3,1.36616,199.7264
2013,01,18,4,1.34063,198.3292
2013,01,18,5,1.344183,198.3556
2013,01,18,6,1.519484,209.3755
2013,01,18,7,1.641599,215.2417
2013,01,19,0,1.26841,192.8264
2013,01,19,1,1.187279,186.6824
2013,01,19,2,1.077331,177.3214
2013,01,19,3,1.014833,171.0252
2013,01,19,4,1.119417,179.6496
2013,01,19,5,1.356866,197.52
2013,01,19,6,1.441013,203.4596
2013,01,19,7,1.553824,210.1613
2013,01,20,0,1.422239,202.6714
2013,01,20,1,1.354215,197.8428
2013,01,20,2,1.19928,186.0583
2013,01,20,3,0.9067768,159.7478
2013,01,20,4,0.826952,150.655
2013,01,20,5,0.8343965,151.5951
2013,01,20,6,0.7758227,145.7785
2013,01,20,7,0.7148335,139.0889
2013,01,21,0,0.4686367,103.9999
2013,01,21,1,0.222283,58.45495
2013,01,21,2,0.1426497,40.74865
2013,01,21,3,0.1558212,43.36426
2013,01,21,4,0.2102781,54.19649
2013,01,21,5,0.3821937,87.66503
2013,01,21,6,0.5071101,108.535
2013,01,21,7,0.6391055,127.9238
2013,01,22,0,0.4987967,106.9075
2013,01,22,1,0.341012,79.10786
2013,01,22,2,0.3178078,74.24625
2013,01,22,3,0.3253556,75.41206
2013,01,22,4,0.3948786,88.00458
2013,01,22,5,0.5333677,111.2606
2013,01,22,6,0.8328443,151.1486
2013,01,22,7,1.169283,184.1038
2013,01,23,0,1.094631,177.5837
2013,01,23,1,0.9647492,165.4728
2013,01,23,2,0.8961758,157.9092
2013,01,23,3,0.8881843,156.7011
2013,01,23,4,0.9319312,161.5142
2013,01,23,5,1.19433,185.0728
2013,01,23,6,1.331133,196.4096
2013,01,23,7,1.465727,204.9518
2013,01,24,0,0.9578082,164.6985
2013,01,24,1,0.8059875,147.2447
2013,01,24,2,0.7071934,134.6534
2013,01,24,3,0.5265182,110.3006
2013,01,24,4,0.563768,115.4943
2013,01,24,5,0.6568143,128.6895
2013,01,24,6,0.9043954,158.7964
2013,01,24,7,1.051009,173.5876
2013,01,25,0,0.848373,153.3792
2013,01,25,1,0.6463219,127.6233
2013,01,25,2,0.5852957,118.6833
2013,01,25,3,0.5218158,109.5485
2013,01,25,4,0.4722977,102.3288
2013,01,25,5,0.4848581,104.8511
2013,01,25,6,0.6713407,132.3068
2013,01,25,7,0.9423737,164.284
2013,01,26,0,1.199578,186.9236
2013,01,26,1,1.4002,200.9797
2013,01,26,2,1.366873,198.826
2013,01,26,3,1.152571,182.8007
2013,01,26,4,0.9686658,166.7569
2013,01,26,5,1.115589,180.3407
2013,01,26,6,1.365258,199.5585
2013,01,26,7,1.639516,215.6102
2013,01,27,0,1.475456,205.4317
2013,01,27,1,1.029945,171.075
2013,01,27,2,0.6847744,132.8582
2013,01,27,3,0.6178171,123.666
2013,01,27,4,0.5735439,116.8525
2013,01,27,5,0.6761115,131.5782
2013,01,27,6,0.9438185,163.5125
2013,01,27,7,1.2704,192.4717
2013,01,28,0,1.281888,192.9643
2013,01,28,1,1.223423,188.6824
2013,01,28,2,1.357151,198.6401
2013,01,28,3,1.348746,198.1727
2013,01,28,4,1.20245,187.899
2013,01,28,5,1.218112,188.6603
2013,01,28,6,1.371442,199.8141
2013,01,28,7,1.505322,208.0733
2013,01,29,0,1.542044,210.0889
2013,01,29,1,1.467405,205.7138
2013,01,29,2,1.378473,199.1061
2013,01,29,3,1.317758,194.79
2013,01,29,4,1.337499,196.2403
2013,01,29,5,1.378215,199.4612
2013,01,29,6,1.454074,205.3734
2013,01,29,7,1.625939,215.5188
2013,01,30,0,1.70209,219.0732
2013,01,30,1,1.573682,212.1558
2013,01,30,2,1.504683,207.8821
2013,01,30,3,1.476985,206.0591
2013,01,30,4,1.50986,207.7326
2013,01,30,5,1.565631,210.4902
2013,01,30,6,1.494472,207.4666
2013,01,30,7,1.548333,211.4721
2013,01,31,0,1.472987,207.2519
2013,01,31,1,1.20044,188.9794
2013,01,31,2,1.078109,178.2395
2013,01,31,3,0.9508074,165.4214
2013,01,31,4,1.05266,175.1833
2013,01,31,5,1.194405,187.0878
2013,01,31,6,1.449359,205.6795
2013,01,31,7,1.547601,210.906
2014,01,1,0,1.073133,176.8031
2014,01,1,1,0.9641323,167.3852
2014,01,1,2,0.9550712,166.005
2014,01,1,3,1.037621,173.2474
2014,01,1,4,1.29437,193.7076
2014,01,1,5,1.582822,211.8762
2014,01,1,6,1.686168,217.8814
2014,01,1,7,1.871458,226.239
2014,01,2,0,1.69845,219.3853
2014,01,2,1,1.518004,210.1991
2014,01,2,2,1.533618,210.3058
2014,01,2,3,1.541241,210.2162
2014,01,2,4,1.466551,205.9043
2014,01,2,5,1.406404,202.7841
2014,01,2,6,1.587119,214.4323
2014,01,2,7,1.747906,222.0682
2014,01,3,0,1.406523,201.5426
2014,01,3,1,1.123272,181.4356
2014,01,3,2,1.084809,177.7654
2014,01,3,3,1.06795,176.8034
2014,01,3,4,1.010856,171.5094
2014,01,3,5,0.9347728,164.272
2014,01,3,6,1.05623,176.6122
2014,01,3,7,1.307829,196.7539
2014,01,4,0,1.200378,188.5044
2014,01,4,1,1.108627,181.0123
2014,01,4,2,1.251839,192.3678
2014,01,4,3,1.585354,213.4157
2014,01,4,4,1.522959,208.7657
2014,01,4,5,1.466709,205.6863
2014,01,4,6,1.835318,224.9472
2014,01,4,7,1.84323,226.3733
2014,01,5,0,1.842088,225.4009
2014,01,5,1,1.700101,218.7292
2014,01,5,2,1.301527,194.9547
2014,01,5,3,0.9356502,162.9031
2014,01,5,4,0.8564614,154.6633
2014,01,5,5,0.967285,166.9695
2014,01,5,6,1.22821,191.136
2014,01,5,7,1.809516,225.8131
2014,01,6,0,1.918695,229.2374
2014,01,6,1,1.82276,225.0974
2014,01,6,2,1.694173,220.063
2014,01,6,3,1.810423,225.1018
2014,01,6,4,1.660326,217.2003
2014,01,6,5,1.559233,212.0623
2014,01,6,6,1.680561,219.2525
2014,01,6,7,1.864133,227.6434
2014,01,7,0,1.865395,227.4743
2014,01,7,1,1.943239,230.528
2014,01,7,2,1.8735,228.322
2014,01,7,3,1.786638,223.9742
2014,01,7,4,1.716571,219.9203
2014,01,7,5,1.659686,216.963
2014,01,7,6,1.753685,221.5647
2014,01,7,7,1.801916,223.8553
2014,01,8,0,1.796582,223.5897
2014,01,8,1,1.632001,215.6794
2014,01,8,2,1.523052,209.5404
2014,01,8,3,1.548279,210.5432
2014,01,8,4,1.536074,209.6733
2014,01,8,5,1.551264,210.2899
2014,01,8,6,1.649105,216.442
2014,01,8,7,1.681462,218.2917
2014,01,9,0,1.552776,211.4565
2014,01,9,1,1.56253,212.4552
2014,01,9,2,1.514353,209.2315
2014,01,9,3,1.267549,192.7888
2014,01,9,4,1.12172,181.4454
2014,01,9,5,1.117087,181.2847
2014,01,9,6,1.185278,187.1268
2014,01,9,7,1.303203,196.0619
2014,01,10,0,1.291715,195.1008
2014,01,10,1,1.023384,173.8997
2014,01,10,2,0.9486844,167.0042
2014,01,10,3,1.087816,179.7393
2014,01,10,4,0.5991032,124.3191
2014,01,10,5,0.6275226,128.0464
2014,01,10,6,0.8222008,152.9057
2014,01,10,7,1.215861,190.4521
2014,01,11,0,1.259182,193.6846
2014,01,11,1,1.049851,177.5529
2014,01,11,2,0.7590957,146.4101
2014,01,11,3,0.4871168,108.009
2014,01,11,4,0.5214198,113.4762
2014,01,11,5,0.8940899,161.4078
2014,01,11,6,1.083163,179.1041
2014,01,11,7,1.091695,179.4774
2014,01,12,0,1.098779,179.7196
2014,01,12,1,0.8332956,153.0468
2014,01,12,2,0.8379827,152.9822
2014,01,12,3,0.7579615,143.607
2014,01,12,4,1.036211,173.3138
2014,01,12,5,1.167296,184.6447
2014,01,12,6,1.351407,199.2378
2014,01,12,7,1.706403,219.7188
2014,01,13,0,1.700989,218.9634
2014,01,13,1,1.559785,212.3584
2014,01,13,2,1.51237,209.5444
2014,01,13,3,1.433305,204.582
2014,01,13,4,1.240299,191.5238
2014,01,13,5,1.303879,196.1156
2014,01,13,6,1.495494,209.1128
2014,01,13,7,1.790611,224.5399
2014,01,14,0,1.643862,216.6992
2014,01,14,1,1.484054,207.3994
2014,01,14,2,1.357811,200.3307
2014,01,14,3,1.193476,187.6262
2014,01,14,4,0.8891631,159.0084
2014,01,14,5,0.8404232,153.4792
2014,01,14,6,1.089154,179.0678
2014,01,14,7,1.527299,210.8619
2014,01,15,0,1.555266,212.1013
2014,01,15,1,1.547724,212.0369
2014,01,15,2,1.650832,216.7978
2014,01,15,3,1.509319,208.8209
2014,01,15,4,1.278856,193.359
2014,01,15,5,1.486717,206.0888
2014,01,15,6,1.501289,207.0798
2014,01,15,7,1.467981,205.3266
2014,01,16,0,1.192807,187.5414
2014,01,16,1,1.538621,210.3453
2014,01,16,2,1.499805,208.2591
2014,01,16,3,1.547777,210.4009
2014,01,16,4,1.518194,208.7311
2014,01,16,5,1.576891,211.4852
2014,01,16,6,1.552819,210.6547
2014,01,16,7,1.68605,218.2494
2014,01,17,0,1.68702,218.2348
2014,01,17,1,1.562686,211.9557
2014,01,17,2,1.525504,209.495
2014,01,17,3,1.479278,206.2199
2014,01,17,4,1.393405,200.7694
2014,01,17,5,1.517024,208.6155
2014,01,17,6,1.611211,214.991
2014,01,17,7,1.787761,223.77
2014,01,18,0,1.609926,213.9877
2014,01,18,1,1.537901,209.8428
2014,01,18,2,1.568906,211.7198
2014,01,18,3,1.518374,208.4392
2014,01,18,4,1.437534,203.9939
2014,01,18,5,1.405233,201.9484
2014,01,18,6,1.544367,210.7804
2014,01,18,7,1.612037,214.6906
2014,01,19,0,1.46723,206.2737
2014,01,19,1,1.243109,191.0538
2014,01,19,2,1.327742,196.8864
2014,01,19,3,1.428078,203.9195
2014,01,19,4,1.2689,193.5849
2014,01,19,5,1.371056,200.1153
2014,01,19,6,1.53037,210.1785
2014,01,19,7,1.631712,216.0231
2014,01,20,0,1.712165,219.6446
2014,01,20,1,1.570043,212.5776
2014,01,20,2,1.532717,210.5901
2014,01,20,3,1.578595,212.6587
2014,01,20,4,1.501857,208.0443
2014,01,20,5,1.49877,207.3907
2014,01,20,6,1.469391,206.364
2014,01,20,7,1.562949,212.8157
2014,01,21,0,1.490337,208.7825
2014,01,21,1,1.312416,197.9369
2014,01,21,2,1.428374,205.5049
2014,01,21,3,1.271755,193.9698
2014,01,21,4,1.162097,184.6774
2014,01,21,5,1.303482,194.9726
2014,01,21,6,1.463981,206.012
2014,01,21,7,1.425958,204.7275
2014,01,22,0,1.326726,198.432
2014,01,22,1,1.210013,190.0753
2014,01,22,2,1.330804,198.5304
2014,01,22,3,1.318059,197.4984
2014,01,22,4,1.420828,203.504
2014,01,22,5,1.552669,209.8721
2014,01,22,6,1.640919,215.649
2014,01,22,7,1.706261,219.0097
2014,01,23,0,1.707919,218.9727
2014,01,23,1,1.430263,204.0474
2014,01,23,2,1.455053,204.9332
2014,01,23,3,1.328023,197.0186
2014,01,23,4,1.299392,195.0038
2014,01,23,5,1.350001,198.6326
2014,01,23,6,1.561809,212.4716
2014,01,23,7,1.712114,219.472
2014,01,24,0,1.180473,186.8371
2014,01,24,1,0.8866425,159.9496
2014,01,24,2,0.763188,145.6268
2014,01,24,3,0.772073,146.4812
2014,01,24,4,0.8638961,157.0778
2014,01,24,5,0.9465328,165.4063
2014,01,24,6,1.015875,172.3835
2014,01,24,7,1.013765,172.0818
2014,01,25,0,0.5998747,124.3903
2014,01,25,1,0.4842394,106.7644
2014,01,25,2,0.5567049,117.4447
2014,01,25,3,0.6328611,128.2795
2014,01,25,4,0.6986904,136.5701
2014,01,25,5,0.7423857,141.753
2014,01,25,6,0.8230229,151.7139
2014,01,25,7,0.9773992,167.9314
2014,01,26,0,0.8559192,155.4944
2014,01,26,1,0.630688,127.5878
2014,01,26,2,0.6399462,128.3006
2014,01,26,3,0.6627964,131.2765
2014,01,26,4,0.7380063,140.6139
2014,01,26,5,0.91121,159.8591
2014,01,26,6,1.155743,183.185
2014,01,26,7,1.47031,205.5203
2014,01,27,0,1.294118,193.9459
2014,01,27,1,1.102577,178.5025
2014,01,27,2,0.9871152,167.625
2014,01,27,3,1.002391,169.1001
2014,01,27,4,0.9665993,165.7034
2014,01,27,5,0.9729625,166.1247
2014,01,27,6,1.186027,185.6176
2014,01,27,7,1.260969,191.2189
2014,01,28,0,0.9292993,161.7889
2014,01,28,1,0.8062252,147.675
2014,01,28,2,0.7775928,144.9018
2014,01,28,3,0.5333241,111.5752
2014,01,28,4,0.3906809,88.04924
2014,01,28,5,0.4507089,98.90504
2014,01,28,6,0.5371311,113.6225
2014,01,28,7,0.6714113,132.9294
2014,01,29,0,0.5920063,122.0768
2014,01,29,1,0.5108511,109.6204
2014,01,29,2,0.4770856,104.4807
2014,01,29,3,0.4481857,100.2439
2014,01,29,4,0.473258,104.7043
2014,01,29,5,0.9248945,163.1745
2014,01,29,6,1.167681,185.2674
2014,01,29,7,1.393858,201.1698
2014,01,30,0,0.8030137,148.6504
2014,01,30,1,0.6212287,125.7533
2014,01,30,2,0.5997552,122.9283
2014,01,30,3,0.4440058,99.16077
2014,01,30,4,0.4048456,92.90221
2014,01,30,5,0.5963338,122.8992
2014,01,30,6,0.7247148,140.498
2014,01,30,7,0.8922104,159.8179
2014,01,31,0,0.7351132,141.3538
2014,01,31,1,0.6008174,122.9354
2014,01,31,2,0.6092736,123.6338
2014,01,31,3,0.525462,111.4182
2014,01,31,4,0.6493227,129.8429
2014,01,31,5,0.9053114,160.0987
2014,01,31,6,1.102111,179.2189
2014,01,31,7,1.05784,175.2517
2015,01,1,0,0.6171686,124.506
2015,01,1,1,0.4495606,98.04157
2015,01,1,2,0.44083,96.02935
2015,01,1,3,0.4334653,95.4444
2015,01,1,4,0.4323552,96.13285
2015,01,1,5,0.524928,111.307
2015,01,1,6,0.8252072,151.6762
2015,01,1,7,1.245662,190.8828
2015,01,2,0,1.204667,187.0293
2015,01,2,1,0.9935014,169.2206
2015,01,2,2,1.199719,186.0695
2015,01,2,3,1.310821,194.2329
2015,01,2,4,1.034078,172.3148
2015,01,2,5,1.240335,189.453
2015,01,2,6,1.389673,200.6355
2015,01,2,7,1.554803,210.8539
2015,01,3,0,1.296305,194.0154
2015,01,3,1,0.9562805,164.7944
2015,01,3,2,0.793229,146.3897
2015,01,3,3,0.7499884,140.891
2015,01,3,4,0.6825645,132.5091
2015,01,3,5,0.688716,133.5844
2015,01,3,6,0.8713021,155.4864
2015,01,3,7,1.105028,178.1038
2015,01,4,0,1.024728,171.3093
2015,01,4,1,1.122172,180.0577
2015,01,4,2,1.125028,179.6632
2015,01,4,3,1.017258,169.6046
2015,01,4,4,1.099182,177.227
2015,01,4,5,1.435606,202.4283
2015,01,4,6,1.535983,209.872
2015,01,4,7,1.600062,213.414
2015,01,5,0,1.597593,212.5316
2015,01,5,1,1.411789,202.1851
2015,01,5,2,1.466827,205.0924
2015,01,5,3,1.394374,200.8135
2015,01,5,4,1.32699,196.4248
2015,01,5,5,1.327759,196.5947
2015,01,5,6,1.564556,211.651
2015,01,5,7,1.612771,213.6874
2015,01,6,0,1.320387,196.0229
2015,01,6,1,1.321463,195.7939
2015,01,6,2,1.357332,197.9666
2015,01,6,3,1.396104,200.0168
2015,01,6,4,1.454518,204.6152
2015,01,6,5,1.44148,203.7081
2015,01,6,6,1.58639,212.6873
2015,01,6,7,1.476353,205.6374
2015,01,7,0,0.9908763,168.4843
2015,01,7,1,0.8155035,149.7381
2015,01,7,2,0.6974339,134.9369
2015,01,7,3,0.6827034,132.7291
2015,01,7,4,0.8814462,156.8276
2015,01,7,5,1.067722,175.4697
2015,01,7,6,1.397258,201.284
2015,01,7,7,1.613524,214.2204
2015,01,8,0,1.639727,215.4278
2015,01,8,1,1.467457,205.8244
2015,01,8,2,1.309969,195.5198
2015,01,8,3,1.459989,205.2303
2015,01,8,4,1.466999,204.9704
2015,01,8,5,1.448445,203.2838
2015,01,8,6,1.45536,204.7687
2015,01,8,7,1.628221,214.8756
2015,01,9,0,1.415975,203.1741
2015,01,9,1,1.163109,184.5221
2015,01,9,2,1.002029,169.9781
2015,01,9,3,1.01545,171.0559
2015,01,9,4,1.152132,183.2599
2015,01,9,5,1.249747,191.1974
2015,01,9,6,1.465894,205.9273
2015,01,9,7,1.544406,210.6785
2015,01,10,0,1.547821,210.6494
2015,01,10,1,1.399627,201.9241
2015,01,10,2,1.262907,192.1931
2015,01,10,3,1.109395,180.0723
2015,01,10,4,1.11308,180.4839
2015,01,10,5,1.28791,193.2266
2015,01,10,6,1.36158,198.7122
2015,01,10,7,1.5201,208.9251
2015,01,11,0,1.582928,212.4176
2015,01,11,1,1.487532,206.9526
2015,01,11,2,1.428084,202.8754
2015,01,11,3,1.382441,199.3354
2015,01,11,4,1.182251,184.3718
2015,01,11,5,1.254161,190.4277
2015,01,11,6,1.381481,200.3045
2015,01,11,7,1.556096,211.2196
2015,01,12,0,1.648944,215.9046
2015,01,12,1,1.574847,211.5784
2015,01,12,2,1.380444,199.1556
2015,01,12,3,1.258502,190.8535
2015,01,12,4,1.169505,184.274
2015,01,12,5,1.290046,192.8694
2015,01,12,6,1.317716,195.0859
2015,01,12,7,1.126861,180.3948
2015,01,13,0,0.8763478,156.9277
2015,01,13,1,0.6833928,133.5221
2015,01,13,2,0.5233083,110.731
2015,01,13,3,0.4349514,96.73057
2015,01,13,4,0.421912,94.3737
2015,01,13,5,0.5644234,116.7782
2015,01,13,6,0.8137121,149.3764
2015,01,13,7,1.080187,176.0366
2015,01,14,0,0.6965191,135.1191
2015,01,14,1,0.3757863,85.43408
2015,01,14,2,0.3542198,80.97527
2015,01,14,3,0.3563788,81.53562
2015,01,14,4,0.2754602,66.98541
2015,01,14,5,0.2903365,70.15499
2015,01,14,6,0.4104543,92.12935
2015,01,14,7,0.5844519,120.2052
2015,01,15,0,0.5975467,122.8451
2015,01,15,1,0.5575837,116.7138
2015,01,15,2,0.5521495,115.7172
2015,01,15,3,0.5478251,115.0259
2015,01,15,4,0.5804432,119.5867
2015,01,15,5,0.613738,124.2251
2015,01,15,6,0.8089102,148.9417
2015,01,15,7,0.9353502,163.5487
2015,01,16,0,0.7665797,145.1449
2015,01,16,1,0.52612,112.3164
2015,01,16,2,0.4341825,97.08711
2015,01,16,3,0.4622886,101.6815
2015,01,16,4,0.579934,120.023
2015,01,16,5,0.5190734,110.5471
2015,01,16,6,0.5564325,116.682
2015,01,16,7,0.7131379,138.1063
2015,01,17,0,0.7406306,141.011
2015,01,17,1,1.27915,192.1773
2015,01,17,2,1.069166,176.7726
2015,01,17,3,0.9391813,164.7206
2015,01,17,4,1.029898,173.2931
2015,01,17,5,1.253378,191.6443
2015,01,17,6,1.396256,201.4335
2015,01,17,7,1.600216,213.5438
2015,01,18,0,1.603207,213.4822
2015,01,18,1,1.497438,206.9422
2015,01,18,2,1.334197,196.0543
2015,01,18,3,1.165058,183.0129
2015,01,18,4,1.099248,177.6315
2015,01,18,5,1.199187,186.1515
2015,01,18,6,1.406264,201.3568
2015,01,18,7,1.422309,202.0767
2015,01,19,0,0.950811,164.0567
2015,01,19,1,0.7325021,139.5117
2015,01,19,2,0.9109534,159.8225
2015,01,19,3,0.9162489,160.6066
2015,01,19,4,0.9358343,163.1911
2015,01,19,5,1.215522,187.7037
2015,01,19,6,1.413627,202.6415
2015,01,19,7,1.547123,210.4781
2015,01,20,0,1.380853,199.5868
2015,01,20,1,1.217292,187.4301
2015,01,20,2,1.183669,184.2669
2015,01,20,3,1.11897,179.6381
2015,01,20,4,1.147719,182.3871
2015,01,20,5,1.403745,200.7207
2015,01,20,6,1.521775,208.7909
2015,01,20,7,1.633347,214.9967
2015,01,21,0,1.545396,210.5469
2015,01,21,1,1.428953,203.6879
2015,01,21,2,1.310589,195.6887
2015,01,21,3,1.217287,188.6559
2015,01,21,4,1.023736,172.4812
2015,01,21,5,1.245691,190.5583
2015,01,21,6,1.364868,199.6061
2015,01,21,7,1.57065,212.2018
2015,01,22,0,1.501275,208.5278
2015,01,22,1,1.375916,200.5213
2015,01,22,2,1.262419,192.3816
2015,01,22,3,1.135511,182.4093
2015,01,22,4,0.9921906,169.4434
2015,01,22,5,1.184531,185.874
2015,01,22,6,1.399086,202.1775
2015,01,22,7,1.730778,220.7586
2015,01,23,0,1.666507,217.3554
2015,01,23,1,1.647912,216.2278
2015,01,23,2,1.449825,205.2881
2015,01,23,3,1.214481,189.0608
2015,01,23,4,1.123375,182.0728
2015,01,23,5,1.246763,191.5905
2015,01,23,6,1.27915,193.847
2015,01,23,7,1.432989,203.7024
2015,01,24,0,1.358198,199.2698
2015,01,24,1,1.040914,175.0657
2015,01,24,2,0.9011708,160.9132
2015,01,24,3,0.9476427,164.9709
2015,01,24,4,0.9373564,163.6062
2015,01,24,5,1.220522,188.2799
2015,01,24,6,1.459472,205.3588
2015,01,24,7,1.660037,217.0414
2015,01,25,0,1.580821,212.8631
2015,01,25,1,1.391185,202.1101
2015,01,25,2,1.234631,190.651
2015,01,25,3,1.069076,177.0117
2015,01,25,4,1.131018,181.7788
2015,01,25,5,1.193318,187.1964
2015,01,25,6,1.310368,196.6422
2015,01,25,7,1.654451,217.3422
2015,01,26,0,1.651798,216.7136
2015,01,26,1,1.550799,211.0348
2015,01,26,2,1.43564,203.9863
2015,01,26,3,1.276698,193.8427
2015,01,26,4,1.278895,193.8912
2015,01,26,5,1.284262,194.1191
2015,01,26,6,1.509671,208.995
2015,01,26,7,1.679852,218.25
2015,01,27,0,1.590673,213.0981
2015,01,27,1,1.378562,200.1769
2015,01,27,2,1.445012,204.3985
2015,01,27,3,1.184523,186.6338
2015,01,27,4,1.129862,181.5735
2015,01,27,5,1.19889,186.9167
2015,01,27,6,1.28333,194.1458
2015,01,27,7,1.538045,210.3908
2015,01,28,0,1.580824,212.772
2015,01,28,1,1.551677,210.8239
2015,01,28,2,1.490687,206.8543
2015,01,28,3,1.478408,205.9459
2015,01,28,4,1.380723,199.4911
2015,01,28,5,1.417484,202.2343
2015,01,28,6,1.54279,210.5773
2015,01,28,7,1.643118,216.125
2015,01,29,0,1.591469,213.0674
2015,01,29,1,1.467423,206.1066
2015,01,29,2,1.541772,211.332
2015,01,29,3,1.411938,202.263
2015,01,29,4,1.069739,176.4721
2015,01,29,5,1.224993,189.0338
2015,01,29,6,1.334305,197.5837
2015,01,29,7,1.384811,201.2789
2015,01,30,0,1.388287,201.4853
2015,01,30,1,1.442272,205.2087
2015,01,30,2,1.509326,209.0418
2015,01,30,3,1.458539,206.5015
2015,01,30,4,1.602639,214.1373
2015,01,30,5,1.556632,210.3642
2015,01,30,6,1.555994,210.9547
2015,01,30,7,1.622401,214.9466
2015,01,31,0,1.679577,218.2492
2015,01,31,1,1.375055,200.9422
2015,01,31,2,1.155665,184.7918
2015,01,31,3,1.183057,187.0541
2015,01,31,4,1.194023,187.9757
2015,01,31,5,1.384307,200.9467
2015,01,31,6,1.499883,208.3901
2015,01,31,7,1.633846,216.0491
2016,01,1,0,0.2319854,59.72417
2016,01,1,1,0.162158,44.54937
2016,01,1,2,0.1259947,36.89923
2016,01,1,3,0.1252603,36.52283
2016,01,1,4,0.1291654,37.17985
2016,01,1,5,0.1600257,44.0312
2016,01,1,6,0.2501128,63.18441
2016,01,1,7,0.4484533,99.16971
2016,01,2,0,0.4600068,100.4436
2016,01,2,1,0.4666654,100.6384
2016,01,2,2,0.5200467,108.507
2016,01,2,3,0.581295,117.488
2016,01,2,4,0.6227623,124.1535
2016,01,2,5,0.5794573,118.5951
2016,01,2,6,0.8209576,149.414
2016,01,2,7,1.208952,186.1761
2016,01,3,0,1.060208,173.8445
2016,01,3,1,0.7844785,145.8335
2016,01,3,2,0.7399791,140.0091
2016,01,3,3,0.7420346,140.4342
2016,01,3,4,0.6863226,134.154
2016,01,3,5,0.637586,128.4344
2016,01,3,6,0.7475351,142.8445
2016,01,3,7,0.7341616,141.2634
2016,01,4,0,0.3895666,90.56796
2016,01,4,1,0.2275455,59.05988
2016,01,4,2,0.1915178,51.26303
2016,01,4,3,0.1942567,52.19983
2016,01,4,4,0.2089133,55.59693
2016,01,4,5,0.2679391,67.6012
2016,01,4,6,0.3952919,91.16195
2016,01,4,7,0.6192592,126.1908
2016,01,5,0,0.6899341,136.0356
2016,01,5,1,0.6740534,134.1718
2016,01,5,2,0.689254,135.2863
2016,01,5,3,0.5031271,108.9764
2016,01,5,4,0.448031,99.66413
2016,01,5,5,0.5129249,110.2339
2016,01,5,6,0.7724735,146.2482
2016,01,5,7,1.159831,184.5923
2016,01,6,0,1.121464,181.3943
2016,01,6,1,1.033052,173.9257
2016,01,6,2,1.266025,193.2725
2016,01,6,3,1.005835,170.9786
2016,01,6,4,1.003827,169.9859
2016,01,6,5,1.172829,184.7013
2016,01,6,6,1.288097,193.9242
2016,01,6,7,1.334623,197.5462
2016,01,7,0,1.219718,189.5093
2016,01,7,1,1.160114,184.3268
2016,01,7,2,1.199243,187.2688
2016,01,7,3,1.25953,191.8031
2016,01,7,4,1.435282,202.9338
2016,01,7,5,1.381986,199.3201
2016,01,7,6,1.376138,199.0452
2016,01,7,7,1.146238,182.0325
2016,01,8,0,0.8826513,157.3013
2016,01,8,1,0.7351232,140.3172
2016,01,8,2,0.7029422,136.7817
2016,01,8,3,0.7348516,140.9381
2016,01,8,4,0.8973012,159.9433
2016,01,8,5,1.140915,182.2156
2016,01,8,6,1.215313,188.6407
2016,01,8,7,1.153232,183.7641
2016,01,9,0,0.6209227,126.0698
2016,01,9,1,0.3445896,81.19333
2016,01,9,2,0.3698588,86.2251
2016,01,9,3,0.4448033,99.71104
2016,01,9,4,0.4273262,96.94038
2016,01,9,5,0.471659,104.1334
2016,01,9,6,0.6785964,134.5166
2016,01,9,7,0.989915,169.4168
2016,01,10,0,0.9270767,163.0852
2016,01,10,1,0.8309158,152.4569
2016,01,10,2,0.924752,162.9939
2016,01,10,3,0.9118615,161.3974
2016,01,10,4,1.024324,172.5722
2016,01,10,5,1.372711,200.4572
2016,01,10,6,1.629574,216.326
2016,01,10,7,1.798241,224.8462
2016,01,11,0,1.832974,225.6449
2016,01,11,1,1.471321,206.0921
2016,01,11,2,1.100786,178.9876
2016,01,11,3,1.159881,183.7296
2016,01,11,4,1.334306,198.1942
2016,01,11,5,1.31442,197.0081
2016,01,11,6,1.515824,210.9638
2016,01,11,7,1.809552,226.2548
2016,01,12,0,1.851063,227.503
2016,01,12,1,1.637451,217.4478
2016,01,12,2,1.446173,206.3778
2016,01,12,3,1.384856,201.9505
2016,01,12,4,1.479809,207.867
2016,01,12,5,1.534607,210.1417
2016,01,12,6,1.680827,218.3035
2016,01,12,7,1.795517,224.2587
2016,01,13,0,1.744274,221.9702
2016,01,13,1,1.577908,211.6238
2016,01,13,2,1.472276,205.1849
2016,01,13,3,1.25878,191.2199
2016,01,13,4,0.9844093,168.6424
2016,01,13,5,0.7319076,141.1299
2016,01,13,6,0.7292117,141.135
2016,01,13,7,0.733472,141.5064
2016,01,14,0,0.3152515,76.96085
2016,01,14,1,0.1877855,49.89164
2016,01,14,2,0.1828951,48.51908
2016,01,14,3,0.2297671,57.49175
2016,01,14,4,0.2401026,59.39165
2016,01,14,5,0.2403103,60.11121
2016,01,14,6,0.2789373,68.48672
2016,01,14,7,0.3914123,89.52722
2016,01,15,0,0.2595245,64.25898
2016,01,15,1,0.2095165,53.22907
2016,01,15,2,0.210583,53.49941
2016,01,15,3,0.2149531,54.46966
2016,01,15,4,0.2443698,60.51835
2016,01,15,5,0.290473,69.85352
2016,01,15,6,0.3809559,87.27667
2016,01,15,7,0.4897958,106.4384
2016,01,16,0,0.5116511,109.8844
2016,01,16,1,0.4366296,97.49341
2016,01,16,2,0.5151588,109.4445
2016,01,16,3,0.6384058,126.8186
2016,01,16,4,0.7173235,138.022
2016,01,16,5,0.8924531,159.27
2016,01,16,6,1.291297,194.8007
2016,01,16,7,1.549201,211.0312
2016,01,17,0,1.506478,208.0863
2016,01,17,1,1.263872,191.8864
2016,01,17,2,1.166972,183.7076
2016,01,17,3,1.2071,186.885
2016,01,17,4,1.259347,191.5418
2016,01,17,5,1.40094,201.9046
2016,01,17,6,1.686199,218.4497
2016,01,17,7,1.747248,221.1823
2016,01,18,0,1.443536,203.8042
2016,01,18,1,1.291115,193.5149
2016,01,18,2,1.550758,210.3666
2016,01,18,3,1.662241,217.2889
2016,01,18,4,1.607703,214.6068
2016,01,18,5,1.704556,218.7024
2016,01,18,6,1.82235,225.1933
2016,01,18,7,1.995,231.9648
2016,01,19,0,1.777548,222.8329
2016,01,19,1,1.670037,216.9697
2016,01,19,2,1.657419,215.9272
2016,01,19,3,1.636908,214.8403
2016,01,19,4,1.566558,211.3758
2016,01,19,5,1.714939,219.21
2016,01,19,6,1.783887,223.1156
2016,01,19,7,1.890184,227.9231
2016,01,20,0,1.914337,229.183
2016,01,20,1,1.797715,224.1924
2016,01,20,2,1.776663,222.9099
2016,01,20,3,1.69305,219.2754
2016,01,20,4,1.609549,214.8812
2016,01,20,5,1.767718,221.8428
2016,01,20,6,1.757081,222.0844
2016,01,20,7,1.681108,218.4962
2016,01,21,0,1.491624,209.0735
2016,01,21,1,1.354693,200.5786
2016,01,21,2,1.310549,197.5834
2016,01,21,3,1.388943,202.4714
2016,01,21,4,1.417613,204.1424
2016,01,21,5,1.347372,199.0285
2016,01,21,6,1.402033,202.4824
2016,01,21,7,1.4268,203.624
2016,01,22,0,1.037876,174.3766
2016,01,22,1,0.9046563,162.0039
2016,01,22,2,0.5494608,116.9193
2016,01,22,3,0.3365997,80.82395
2016,01,22,4,0.2932727,72.40972
2016,01,22,5,0.5009161,108.8871
2016,01,22,6,0.7647948,145.6541
2016,01,22,7,0.8151749,151.3387
2016,01,23,0,0.6023241,124.2171
2016,01,23,1,0.658702,132.5539
2016,01,23,2,0.6146808,126.5467
2016,01,23,3,0.4440696,100.1893
2016,01,23,4,0.3876765,90.14333
2016,01,23,5,0.6177269,126.2804
2016,01,23,6,1.16154,184.6461
2016,01,23,7,1.298829,195.849
2016,01,24,0,1.210309,189.5618
2016,01,24,1,0.7984719,150.7204
2016,01,24,2,0.6045957,125.721
2016,01,24,3,0.5675857,120.1294
2016,01,24,4,0.4521427,102.1329
2016,01,24,5,0.4999245,109.9543
2016,01,24,6,0.783772,149.2238
2016,01,24,7,1.397324,203.4329
2016,01,25,0,0.9733678,168.7404
2016,01,25,1,0.6274394,127.3112
2016,01,25,2,0.7073518,137.9712
2016,01,25,3,0.7115724,139.0605
2016,01,25,4,0.6483696,130.0496
2016,01,25,5,0.6249158,127.0167
2016,01,25,6,0.8037826,150.0095
2016,01,25,7,1.204074,188.5918
2016,01,26,0,1.256862,192.7412
2016,01,26,1,1.179828,187.674
2016,01,26,2,1.289616,195.6461
2016,01,26,3,1.028765,174.6874
2016,01,26,4,1.0221,173.5497
2016,01,26,5,1.302815,195.5877
2016,01,26,6,1.583445,213.5265
2016,01,26,7,1.779862,222.7909
2016,01,27,0,1.503705,208.1603
2016,01,27,1,1.19191,186.7766
2016,01,27,2,1.320444,196.4209
2016,01,27,3,1.078996,177.4694
2016,01,27,4,0.8415624,153.9523
2016,01,27,5,1.071961,177.5004
2016,01,27,6,1.309643,197.1972
2016,01,27,7,1.53149,211.727
2016,01,28,0,1.483575,209.0565
2016,01,28,1,1.123866,183.822
2016,01,28,2,1.119495,182.9403
2016,01,28,3,0.9658722,168.4827
2016,01,28,4,0.9105285,162.4479
2016,01,28,5,0.9512478,166.5746
2016,01,28,6,1.159478,186.0401
2016,01,28,7,1.25632,193.4849
2016,01,29,0,0.8447471,155.782
2016,01,29,1,0.5997242,124.7114
2016,01,29,2,0.6229976,127.8266
2016,01,29,3,0.6517575,131.8086
2016,01,29,4,0.7668883,146.4094
2016,01,29,5,0.7560337,144.6121
2016,01,29,6,0.8799171,159.2914
2016,01,29,7,0.9770209,168.9553
2016,01,30,0,0.6202021,127.3961
2016,01,30,1,0.4253673,97.08031
2016,01,30,2,0.3254879,79.21502
2016,01,30,3,0.3285236,79.63587
2016,01,30,4,0.3556365,84.52419
2016,01,30,5,0.3904393,90.40422
2016,01,30,6,0.4490177,100.409
2016,01,30,7,0.5333607,113.7975
2016,01,31,0,0.3763501,88.18369
2016,01,31,1,0.4379247,98.57639
2016,01,31,2,0.6281786,127.7132
2016,01,31,3,0.6007346,124.1438
2016,01,31,4,0.6892002,135.5269
2016,01,31,5,1.138933,181.4285
2016,01,31,6,1.43989,203.0154
2016,01,31,7,1.422307,202.4877
2017,01,1,0,1.657438,217.293
2017,01,1,1,1.728804,221.115
2017,01,1,2,1.709647,220.0044
2017,01,1,3,1.631239,216.3323
2017,01,1,4,1.464563,207.1156
2017,01,1,5,1.408928,203.3968
2017,01,1,6,1.574667,213.664
2017,01,1,7,1.881419,228.4488
2017,01,2,0,1.930583,229.8067
2017,01,2,1,1.805664,224.4353
2017,01,2,2,1.535345,210.9089
2017,01,2,3,1.375876,201.1104
2017,01,2,4,1.473889,207.1479
2017,01,2,5,1.544732,211.5147
2017,01,2,6,1.542109,211.9556
2017,01,2,7,1.965866,230.7306
2017,01,3,0,1.87131,227.3464
2017,01,3,1,1.797956,224.1591
2017,01,3,2,1.566158,213.2784
2017,01,3,3,1.368843,200.9807
2017,01,3,4,1.380885,201.0993
2017,01,3,5,1.432954,204.8166
2017,01,3,6,1.535667,211.5405
2017,01,3,7,1.929861,231.2615
2017,01,4,0,2.036502,234.753
2017,01,4,1,1.848714,227.824
2017,01,4,2,1.841701,227.5363
2017,01,4,3,1.822185,226.2203
2017,01,4,4,1.710837,220.4044
2017,01,4,5,1.788889,223.4443
2017,01,4,6,1.906542,228.5901
2017,01,4,7,1.970239,232.4104
2017,01,5,0,2.050572,234.8247
2017,01,5,1,2.020345,233.1221
2017,01,5,2,1.72582,221.4016
2017,01,5,3,1.74711,221.8733
2017,01,5,4,1.720482,219.7691
2017,01,5,5,1.618323,214.2974
2017,01,5,6,1.736271,220.7632
2017,01,5,7,1.922561,229.7252
2017,01,6,0,1.856346,226.4592
2017,01,6,1,1.712267,220.1147
2017,01,6,2,1.675129,218.9709
2017,01,6,3,1.571219,212.8354
2017,01,6,4,1.518762,209.8725
2017,01,6,5,1.589609,213.7704
2017,01,6,6,1.756752,222.8352
2017,01,6,7,1.882446,227.7771
2017,01,7,0,1.713762,219.592
2017,01,7,1,1.602633,214.0513
2017,01,7,2,1.574257,212.573
2017,01,7,3,1.655616,216.5856
2017,01,7,4,1.660688,216.8342
2017,01,7,5,1.663331,217.1574
2017,01,7,6,1.763563,222.5183
2017,01,7,7,1.881688,228.0159
2017,01,8,0,1.879351,227.665
2017,01,8,1,1.845769,225.7241
2017,01,8,2,1.746014,221.2327
2017,01,8,3,1.634764,215.223
2017,01,8,4,1.639755,215.461
2017,01,8,5,1.595502,213.375
2017,01,8,6,1.571024,213.1026
2017,01,8,7,1.785879,224.018
2017,01,9,0,1.790358,223.6298
2017,01,9,1,1.612739,214.3862
2017,01,9,2,1.558993,211.2245
2017,01,9,3,1.628462,214.9673
2017,01,9,4,1.586807,212.3299
2017,01,9,5,1.554025,210.6102
2017,01,9,6,1.514999,209.6188
2017,01,9,7,1.784996,223.4562
2017,01,10,0,1.698894,219.6761
2017,01,10,1,1.697269,219.3023
2017,01,10,2,1.632054,215.7399
2017,01,10,3,1.520358,210.1096
2017,01,10,4,1.524143,209.8769
2017,01,10,5,1.489568,208.1449
2017,01,10,6,1.515721,210.3943
2017,01,10,7,1.691939,219.6724
2017,01,11,0,1.547635,212.1679
2017,01,11,1,1.452948,207.1997
2017,01,11,2,1.689434,219.6293
2017,01,11,3,1.688316,218.9676
2017,01,11,4,1.603008,214.4055
2017,01,11,5,1.588065,213.4435
2017,01,11,6,1.691196,219.6952
2017,01,11,7,1.882346,227.3071
2017,01,12,0,1.501465,209.2335
2017,01,12,1,1.337881,199.1929
2017,01,12,2,1.327734,198.1437
2017,01,12,3,1.25724,193.3065
2017,01,12,4,1.258314,193.4209
2017,01,12,5,1.44736,205.5631
2017,01,12,6,1.634716,216.7288
2017,01,12,7,1.827678,225.6564
2017,01,13,0,1.78015,223.3542
2017,01,13,1,1.758856,222.7446
2017,01,13,2,1.484579,208.1249
2017,01,13,3,1.430678,204.8475
2017,01,13,4,1.488277,207.8919
2017,01,13,5,1.488182,208.2745
2017,01,13,6,1.79146,224.8034
2017,01,13,7,1.859975,227.2572
2017,01,14,0,1.926598,229.5869
2017,01,14,1,1.705127,220.606
2017,01,14,2,1.513189,209.9921
2017,01,14,3,1.363674,200.2555
2017,01,14,4,1.272962,193.8163
2017,01,14,5,1.371678,201.0431
2017,01,14,6,1.562964,213.2585
2017,01,14,7,1.859047,227.6247
2017,01,15,0,1.693336,220.4278
2017,01,15,1,1.872547,228.2508
2017,01,15,2,1.696982,219.7378
2017,01,15,3,1.511708,209.4635
2017,01,15,4,1.290155,195.2697
2017,01,15,5,1.3831,201.6482
2017,01,15,6,1.568586,212.8214
2017,01,15,7,1.674196,218.5532
2017,01,16,0,1.754778,222.0902
2017,01,16,1,1.614017,215.8191
2017,01,16,2,1.638374,215.8383
2017,01,16,3,1.476185,206.3408
2017,01,16,4,1.505376,207.9935
2017,01,16,5,1.677935,216.7597
2017,01,16,6,1.520036,209.1317
2017,01,16,7,1.460355,206.0549
2017,01,17,0,1.53763,210.9807
2017,01,17,1,1.406862,203.8721
2017,01,17,2,1.701447,220.0558
2017,01,17,3,1.659085,216.2548
2017,01,17,4,1.290096,194.3552
2017,01,17,5,1.335239,198.0924
2017,01,17,6,1.633829,215.9794
2017,01,17,7,1.627647,215.8309
2017,01,18,0,1.739552,221.8369
2017,01,18,1,1.401853,203.8446
2017,01,18,2,1.500822,208.8402
2017,01,18,3,1.305097,195.7877
2017,01,18,4,1.233034,190.551
2017,01,18,5,1.364112,200.0434
2017,01,18,6,1.512148,209.7589
2017,01,18,7,1.715624,220.8897
2017,01,19,0,1.745053,222.5473
2017,01,19,1,1.642814,217.7668
2017,01,19,2,1.661109,218.1087
2017,01,19,3,1.85464,226.3278
2017,01,19,4,1.307863,196.5427
2017,01,19,5,1.161944,185.8495
2017,01,19,6,1.331621,198.9701
2017,01,19,7,1.455013,207.5124
2017,01,20,0,1.441941,206.8122
2017,01,20,1,1.258715,194.4773
2017,01,20,2,0.8336842,155.1558
2017,01,20,3,1.050983,176.7616
2017,01,20,4,0.8471499,156.7944
2017,01,20,5,0.7165748,140.7359
2017,01,20,6,0.6761072,135.5792
2017,01,20,7,0.7517227,144.9877
2017,01,21,0,0.8167335,152.4537
2017,01,21,1,0.7703954,147.43
2017,01,21,2,0.8062978,151.4497
2017,01,21,3,0.9075207,162.8643
2017,01,21,4,0.6291989,128.5757
2017,01,21,5,0.4645901,103.155
2017,01,21,6,0.6002305,123.7292
2017,01,21,7,0.8011043,149.1897
2017,01,22,0,0.8546065,155.4842
2017,01,22,1,0.8381191,154.4452
2017,01,22,2,0.9651471,167.237
2017,01,22,3,1.001854,170.6336
2017,01,22,4,0.8510855,155.3701
2017,01,22,5,0.9492306,165.4849
2017,01,22,6,1.188627,186.7859
2017,01,22,7,1.490728,208.2047
2017,01,23,0,1.609412,214.6722
2017,01,23,1,1.634679,216.0967
2017,01,23,2,1.552586,211.6706
2017,01,23,3,1.415218,203.367
2017,01,23,4,1.328406,197.3177
2017,01,23,5,1.274593,193.7869
2017,01,23,6,1.518887,210.1359
2017,01,23,7,1.498064,208.1747
2017,01,24,0,1.001767,171.1006
2017,01,24,1,0.8893363,159.9241
2017,01,24,2,0.9160171,162.5698
2017,01,24,3,1.006137,170.8555
2017,01,24,4,1.142508,182.5082
2017,01,24,5,1.362469,198.4363
2017,01,24,6,1.543532,210.2104
2017,01,24,7,1.208289,189.2995
2017,01,25,0,1.158497,185.2019
2017,01,25,1,1.290861,195.1091
2017,01,25,2,1.485489,207.0412
2017,01,25,3,1.363795,198.822
2017,01,25,4,1.203397,187.3763
2017,01,25,5,1.514957,207.4633
2017,01,25,6,1.445831,204.4496
2017,01,25,7,1.658246,216.7452
2017,01,26,0,1.543383,210.1912
2017,01,26,1,1.547782,210.6332
2017,01,26,2,1.501174,207.5682
2017,01,26,3,1.517166,207.919
2017,01,26,4,1.45665,204.3317
2017,01,26,5,1.42478,202.435
2017,01,26,6,1.566645,211.4508
2017,01,26,7,1.691643,218.4492
2017,01,27,0,1.613656,214.1774
2017,01,27,1,1.543866,210.3442
2017,01,27,2,1.49859,207.8853
2017,01,27,3,1.412471,201.7832
2017,01,27,4,1.276788,192.9481
2017,01,27,5,1.241632,190.0209
2017,01,27,6,1.421688,202.7807
2017,01,27,7,1.601684,213.2121
2017,01,28,0,1.473429,206.7101
2017,01,28,1,1.33916,198.8606
2017,01,28,2,1.180829,186.5072
2017,01,28,3,1.073179,176.8794
2017,01,28,4,1.026357,172.641
2017,01,28,5,1.197959,187.3855
2017,01,28,6,1.465385,206.1702
2017,01,28,7,1.625482,215.4815
2017,01,29,0,1.510984,209.0181
2017,01,29,1,1.216801,189.7608
2017,01,29,2,0.9523957,166.3329
2017,01,29,3,0.6028398,124.4812
2017,01,29,4,0.4167265,95.42396
2017,01,29,5,0.6187705,126.3797
2017,01,29,6,0.9398507,164.5759
2017,01,29,7,1.341437,198.4925
2017,01,30,0,1.414462,203.2735
2017,01,30,1,1.171967,186.4724
2017,01,30,2,1.086744,178.8843
2017,01,30,3,0.8439309,154.8611
2017,01,30,4,0.5264134,113.4092
2017,01,30,5,0.6273048,128.1725
2017,01,30,6,0.9920057,170.7519
2017,01,30,7,1.428669,205.0138
2017,01,31,0,1.333696,198.8426
2017,01,31,1,1.075252,178.732
2017,01,31,2,1.020118,173.2995
2017,01,31,3,0.8647741,157.1416
2017,01,31,4,0.7718553,146.7375
2017,01,31,5,0.7988984,150.3221
2017,01,31,6,1.079928,179.1796
2017,01,31,7,1.195309,188.8616
2018,01,1,0,1.727499,220.3217
2018,01,1,1,1.543675,210.4675
2018,01,1,2,1.42745,203.3149
2018,01,1,3,1.172529,185.0467
2018,01,1,4,1.02054,172.6561
2018,01,1,5,1.162275,185.0864
2018,01,1,6,1.415217,203.7688
2018,01,1,7,1.873067,226.5912
2018,01,2,0,1.673032,217.8186
2018,01,2,1,1.569795,211.9125
2018,01,2,2,1.482629,206.7945
2018,01,2,3,1.379973,200.8138
2018,01,2,4,1.288699,194.6431
2018,01,2,5,1.257584,192.3766
2018,01,2,6,1.432064,204.7312
2018,01,2,7,1.451154,205.645
2018,01,3,0,1.271863,193.4373
2018,01,3,1,1.04823,174.7595
2018,01,3,2,1.19199,185.9335
2018,01,3,3,1.244222,191.6165
2018,01,3,4,1.282485,194.3479
2018,01,3,5,1.107701,178.9135
2018,01,3,6,1.042326,173.7709
2018,01,3,7,1.187878,186.4554
2018,01,4,0,1.077566,177.1808
2018,01,4,1,0.864805,156.791
2018,01,4,2,0.8498609,155.0723
2018,01,4,3,0.8361357,153.6359
2018,01,4,4,0.8096117,150.8536
2018,01,4,5,0.9782954,168.7751
2018,01,4,6,1.236038,191.2003
2018,01,4,7,1.557954,212.669
2018,01,5,0,1.584822,213.9694
2018,01,5,1,1.195141,188.5042
2018,01,5,2,0.7776202,146.8982
2018,01,5,3,0.5208806,112.0137
2018,01,5,4,0.4302561,97.62325
2018,01,5,5,0.4581479,102.0542
2018,01,5,6,0.6274559,127.675
2018,01,5,7,0.7850376,147.6811
2018,01,6,0,0.72301,139.9649
2018,01,6,1,0.7048841,137.4249
2018,01,6,2,0.7973064,148.8568
2018,01,6,3,0.7093514,137.8522
2018,01,6,4,0.6858901,134.6755
2018,01,6,5,1.086891,178.2672
2018,01,6,6,1.305185,196.5223
2018,01,6,7,1.454255,206.6838
2018,01,7,0,1.465943,207.3539
2018,01,7,1,1.460229,207.0964
2018,01,7,2,1.341829,199.1448
2018,01,7,3,1.266563,192.5841
2018,01,7,4,1.238766,190.3644
2018,01,7,5,1.351874,199.0837
2018,01,7,6,1.52138,210.3951
2018,01,7,7,1.610699,215.3882
2018,01,8,0,1.647651,216.9478
2018,01,8,1,1.629032,215.2245
2018,01,8,2,1.5852,212.3256
2018,01,8,3,1.554673,210.1766
2018,01,8,4,1.515271,207.9164
2018,01,8,5,1.490101,206.7925
2018,01,8,6,1.473501,207.1778
2018,01,8,7,1.700739,219.7032
2018,01,9,0,1.796762,223.7816
2018,01,9,1,1.69427,219.028
2018,01,9,2,1.533559,209.7023
2018,01,9,3,1.348151,198.1646
2018,01,9,4,1.27136,192.9988
2018,01,9,5,1.301075,195.231
2018,01,9,6,1.392559,202.3004
2018,01,9,7,1.636345,216.0728
2018,01,10,0,1.570509,211.6213
2018,01,10,1,1.516086,208.4312
2018,01,10,2,1.540081,209.9072
2018,01,10,3,1.478664,206.0393
2018,01,10,4,1.343661,197.3561
2018,01,10,5,1.315142,195.7718
2018,01,10,6,1.456363,205.803
2018,01,10,7,1.579178,212.7177
2018,01,11,0,1.458643,205.6449
2018,01,11,1,1.276587,194.0977
2018,01,11,2,1.175145,185.7938
2018,01,11,3,1.110828,179.9313
2018,01,11,4,1.27646,192.1666
2018,01,11,5,1.291157,193.7257
2018,01,11,6,1.445134,205.0859
2018,01,11,7,1.701386,219.19
2018,01,12,0,1.667208,217.2132
2018,01,12,1,1.650925,216.1681
2018,01,12,2,1.476631,206.8266
2018,01,12,3,1.26347,192.745
2018,01,12,4,1.193264,187.314
2018,01,12,5,1.411314,202.5249
2018,01,12,6,1.675115,218.1854
2018,01,12,7,1.703212,218.7982
2018,01,13,0,1.443288,204.0159
2018,01,13,1,1.074004,177.519
2018,01,13,2,1.07066,177.0158
2018,01,13,3,1.061141,176.4411
2018,01,13,4,0.968864,167.8078
2018,01,13,5,1.010108,171.7095
2018,01,13,6,1.219181,189.4748
2018,01,13,7,1.177687,186.0826
2018,01,14,0,0.8182543,152.233
2018,01,14,1,0.4493593,101.2995
2018,01,14,2,0.3743386,88.08953
2018,01,14,3,0.3017654,74.52735
2018,01,14,4,0.2613276,66.53755
2018,01,14,5,0.3924838,90.68139
2018,01,14,6,0.6597547,131.6795
2018,01,14,7,1.079999,177.2706
2018,01,15,0,1.002111,170.2032
2018,01,15,1,0.9203174,162.0314
2018,01,15,2,0.9195107,162.102
2018,01,15,3,0.8491891,154.6699
2018,01,15,4,0.7178398,139.3129
2018,01,15,5,0.8895867,158.8434
2018,01,15,6,1.316523,195.8541
2018,01,15,7,1.493493,207.8919
2018,01,16,0,1.644244,215.9922
2018,01,16,1,1.610836,214.2469
2018,01,16,2,1.433029,203.3707
2018,01,16,3,1.30976,195.3528
2018,01,16,4,1.434768,204.248
2018,01,16,5,1.389375,201.088
2018,01,16,6,1.465074,206.5027
2018,01,16,7,1.595725,213.8661
2018,01,17,0,1.558765,211.929
2018,01,17,1,1.492176,208.9473
2018,01,17,2,1.366073,200.6562
2018,01,17,3,1.39483,201.895
2018,01,17,4,1.205102,188.4223
2018,01,17,5,1.26376,192.4464
2018,01,17,6,1.287791,194.6771
2018,01,17,7,1.379193,201.1042
2018,01,18,0,1.304825,196.2185
2018,01,18,1,1.256019,193.0917
2018,01,18,2,1.381526,200.9365
2018,01,18,3,1.53287,210.0521
2018,01,18,4,1.386791,200.7017
2018,01,18,5,1.339608,197.308
2018,01,18,6,1.399208,201.3218
2018,01,18,7,1.462073,205.5926
2018,01,19,0,1.203368,187.6136
2018,01,19,1,1.068432,177.5415
2018,01,19,2,1.271606,193.4574
2018,01,19,3,1.358306,199.1284
2018,01,19,4,1.361482,199.1966
2018,01,19,5,1.457685,204.9902
2018,01,19,6,1.523747,209.7072
2018,01,19,7,1.694082,218.9858
2018,01,20,0,1.742291,221.0383
2018,01,20,1,1.588834,212.6119
2018,01,20,2,1.518399,208.4733
2018,01,20,3,1.501028,207.4547
2018,01,20,4,1.328776,196.6116
2018,01,20,5,1.357174,198.513
2018,01,20,6,1.406156,202.5609
2018,01,20,7,1.528164,210.4916
2018,01,21,0,1.626456,216.2164
2018,01,21,1,1.600604,215.0326
2018,01,21,2,1.456848,206.4879
2018,01,21,3,1.24031,191.3611
2018,01,21,4,1.159139,184.9754
2018,01,21,5,1.265006,192.5055
2018,01,21,6,1.381908,201.2334
2018,01,21,7,1.691535,219.2884
2018,01,22,0,1.719793,220.1352
2018,01,22,1,1.548812,210.633
2018,01,22,2,1.336811,197.4887
2018,01,22,3,1.645103,215.3071
2018,01,22,4,1.376552,200.4574
2018,01,22,5,1.327087,196.5637
2018,01,22,6,1.520475,208.3553
2018,01,22,7,1.577595,211.7238
2018,01,23,0,1.529603,209.0144
2018,01,23,1,1.181966,186.4079
2018,01,23,2,1.269816,192.8205
2018,01,23,3,1.454086,203.7608
2018,01,23,4,1.373404,198.9418
2018,01,23,5,1.360217,198.0828
2018,01,23,6,1.44824,205.0769
2018,01,23,7,1.58329,212.7689
2018,01,24,0,1.521478,208.7214
2018,01,24,1,1.493698,206.8765
2018,01,24,2,1.452756,204.1235
2018,01,24,3,1.411042,201.5107
2018,01,24,4,1.353082,197.7778
2018,01,24,5,1.418768,202.1067
2018,01,24,6,1.5717,211.8067
2018,01,24,7,1.551969,210.5884
2018,01,25,0,1.492669,206.6362
2018,01,25,1,1.353219,197.446
2018,01,25,2,1.352791,197.2121
2018,01,25,3,1.025618,171.6752
2018,01,25,4,0.8498113,153.9769
2018,01,25,5,1.105467,178.2668
2018,01,25,6,1.272021,192.1485
2018,01,25,7,1.501075,207.3241
2018,01,26,0,1.052282,173.9696
2018,01,26,1,0.7127909,137.3875
2018,01,26,2,0.6916061,134.277
2018,01,26,3,0.6111882,123.3843
2018,01,26,4,0.5678508,117.419
2018,01,26,5,0.6899584,134.527
2018,01,26,6,0.9819913,167.4635
2018,01,26,7,0.8830592,156.7957
2018,01,27,0,0.5261058,111.2174
2018,01,27,1,0.4725282,102.3048
2018,01,27,2,0.4813368,103.7164
2018,01,27,3,0.45364,99.03932
2018,01,27,4,0.420817,93.92645
2018,01,27,5,0.556633,115.5511
2018,01,27,6,0.7881368,146.6449
2018,01,27,7,0.9667969,166.0981
2018,01,28,0,0.5680343,117.6281
2018,01,28,1,0.4298843,94.39888
2018,01,28,2,0.489981,104.2133
2018,01,28,3,0.5394761,111.8
2018,01,28,4,0.5861291,118.3999
2018,01,28,5,0.6371465,126.052
2018,01,28,6,0.8033003,147.7218
2018,01,28,7,1.005617,169.3656
2018,01,29,0,0.8797003,156.5602
2018,01,29,1,0.6643287,130.583
2018,01,29,2,0.5644418,115.4704
2018,01,29,3,0.513624,107.787
2018,01,29,4,0.5817019,117.2541
2018,01,29,5,0.6788088,131.8005
2018,01,29,6,1.175712,184.0709
2018,01,29,7,1.40365,201.0836
2018,01,30,0,1.212467,188.0911
2018,01,30,1,1.122323,180.4795
2018,01,30,2,1.162778,183.6125
2018,01,30,3,1.264501,191.484
2018,01,30,4,1.218986,188.2206
2018,01,30,5,1.250264,190.5384
2018,01,30,6,1.308648,195.5905
2018,01,30,7,1.464799,205.3181
2018,01,31,0,1.114711,180.4875
2018,01,31,1,0.9502126,164.3301
2018,01,31,2,0.9526962,164.3074
2018,01,31,3,1.138181,180.5978
2018,01,31,4,1.191716,185.4768
2018,01,31,5,1.305653,193.9996
2018,01,31,6,1.40128,201.869
2018,01,31,7,1.762034,220.9357
2019,01,1,0,1.328954,196.2517
2019,01,1,1,1.277552,191.0835
2019,01,1,2,0.9832912,167.8139
2019,01,1,3,0.9261433,161.3966
2019,01,1,4,0.9450129,163.4049
2019,01,1,5,1.006369,169.6313
2019,01,1,6,1.166406,184.7923
2019,01,1,7,1.578293,212.3915
2019,01,2,0,1.573099,212.9387
2019,01,2,1,1.560823,212.8646
2019,01,2,2,1.615983,215.6802
2019,01,2,3,1.44056,204.8821
2019,01,2,4,1.14482,183.6797
2019,01,2,5,1.259841,192.7496
2019,01,2,6,1.354932,200.1692
2019,01,2,7,1.676782,218.7801
2019,01,3,0,1.732583,221.2003
2019,01,3,1,1.699485,219.2848
2019,01,3,2,1.668968,217.6547
2019,01,3,3,1.480483,206.7569
2019,01,3,4,1.422096,203.1665
2019,01,3,5,1.302742,195.6903
2019,01,3,6,1.596694,213.6841
2019,01,3,7,1.689346,218.5193
2019,01,4,0,1.663376,217.0163
2019,01,4,1,1.529065,209.8224
2019,01,4,2,1.5663,211.5828
2019,01,4,3,1.520247,208.6501
2019,01,4,4,1.45132,204.2262
2019,01,4,5,1.484951,206.3148
2019,01,4,6,1.53911,210.0471
2019,01,4,7,1.616777,215.3184
2019,01,5,0,1.785114,223.6076
2019,01,5,1,1.564226,211.4735
2019,01,5,2,1.523454,208.8286
2019,01,5,3,1.441318,203.574
2019,01,5,4,1.522078,208.623
2019,01,5,5,1.45666,204.9508
2019,01,5,6,1.475252,207.0728
2019,01,5,7,1.493588,208.6043
2019,01,6,0,1.175932,187.0041
2019,01,6,1,0.837379,154.4305
2019,01,6,2,0.5864064,122.195
2019,01,6,3,0.3506087,83.35081
2019,01,6,4,0.2408379,62.01473
2019,01,6,5,0.2740003,68.98209
2019,01,6,6,0.4130127,94.99639
2019,01,6,7,0.4150011,95.8586
2019,01,7,0,0.1857227,51.27016
2019,01,7,1,0.1494994,42.84428
2019,01,7,2,0.198133,53.35605
2019,01,7,3,0.1965166,53.10529
2019,01,7,4,0.1690959,47.11575
2019,01,7,5,0.1995504,53.7205
2019,01,7,6,0.3352961,80.8987
2019,01,7,7,0.521703,112.355
2019,01,8,0,0.4787154,105.7843
2019,01,8,1,0.530202,113.2944
2019,01,8,2,0.6210512,126.546
2019,01,8,3,0.5865886,122.2069
2019,01,8,4,0.5688916,119.9083
2019,01,8,5,0.7620616,145.4871
2019,01,8,6,1.070984,177.6357
2019,01,8,7,1.108046,180.3495
2019,01,9,0,0.7872415,148.123
2019,01,9,1,0.7287889,141.1294
2019,01,9,2,0.6651597,133.2162
2019,01,9,3,0.5512373,117.229
2019,01,9,4,0.4693399,104.4304
2019,01,9,5,0.6133391,126.3589
2019,01,9,6,0.8832418,159.7867
2019,01,9,7,1.286626,194.8976
2019,01,10,0,0.9925089,169.7045
2019,01,10,1,0.7151353,138.5691
2019,01,10,2,0.7891379,147.9471
2019,01,10,3,0.8581073,155.8178
2019,01,10,4,0.8374382,153.7881
2019,01,10,5,0.9548707,166.5739
2019,01,10,6,1.176371,186.9572
2019,01,10,7,1.552751,212.2705
2019,01,11,0,1.450883,205.6707
2019,01,11,1,1.266888,193.4061
2019,01,11,2,1.234107,191.2429
2019,01,11,3,1.211475,189.616
2019,01,11,4,1.095,179.3159
2019,01,11,5,1.211528,188.8972
2019,01,11,6,1.414274,203.6684
2019,01,11,7,1.611856,214.7025
2019,01,12,0,1.217644,189.4087
2019,01,12,1,0.9657094,167.1526
2019,01,12,2,1.173594,185.1816
2019,01,12,3,1.272104,192.8494
2019,01,12,4,1.143978,183.23
2019,01,12,5,1.369884,199.9235
2019,01,12,6,1.508368,209.4632
2019,01,12,7,1.731333,221.4208
2019,01,13,0,1.781098,223.6042
2019,01,13,1,1.682527,219.0626
2019,01,13,2,1.644985,217.1634
2019,01,13,3,1.491337,208.5608
2019,01,13,4,1.362015,200.2977
2019,01,13,5,1.396538,202.2223
2019,01,13,6,1.499459,209.2046
2019,01,13,7,1.744048,222.1674
2019,01,14,0,1.802104,224.4683
2019,01,14,1,1.755682,222.3984
2019,01,14,2,1.786218,223.7024
2019,01,14,3,1.719654,220.7077
2019,01,14,4,1.376945,201.0985
2019,01,14,5,1.326294,197.62
2019,01,14,6,1.333739,198.8273
2019,01,14,7,1.627908,216.7511
2019,01,15,0,1.891493,228.7708
2019,01,15,1,1.528464,211.3083
2019,01,15,2,1.440225,205.5395
2019,01,15,3,1.286422,194.5699
2019,01,15,4,1.067498,176.9851
2019,01,15,5,1.290035,194.7435
2019,01,15,6,1.447032,205.1277
2019,01,15,7,1.493674,207.8061
2019,01,16,0,1.285388,194.1112
2019,01,16,1,1.248255,191.7917
2019,01,16,2,1.411959,201.8806
2019,01,16,3,1.266267,192.1102
2019,01,16,4,1.213026,188.6028
2019,01,16,5,1.346537,197.7874
2019,01,16,6,1.420812,203.5113
2019,01,16,7,1.547932,211.3726
2019,01,17,0,1.595733,213.6223
2019,01,17,1,1.28449,194.6851
2019,01,17,2,1.257493,192.3205
2019,01,17,3,1.500717,208.015
2019,01,17,4,1.600052,213.1077
2019,01,17,5,1.540838,210.354
2019,01,17,6,1.503056,209.1131
2019,01,17,7,1.813746,223.7675
2019,01,18,0,1.550927,211.8002
2019,01,18,1,1.668588,218.975
2019,01,18,2,1.496033,208.7789
2019,01,18,3,1.466015,206.4908
2019,01,18,4,1.34921,198.6385
2019,01,18,5,1.582524,212.0104
2019,01,18,6,1.5467,210.6326
2019,01,18,7,1.588461,213.1204
2019,01,19,0,1.577957,212.7654
2019,01,19,1,1.596237,214.9425
2019,01,19,2,1.421801,203.601
2019,01,19,3,1.259111,191.8724
2019,01,19,4,1.114451,180.6264
2019,01,19,5,1.407269,201.8466
2019,01,19,6,1.719915,219.1036
2019,01,19,7,1.718265,220.2502
2019,01,20,0,1.747726,221.3809
2019,01,20,1,1.790136,223.3362
2019,01,20,2,1.780178,223.0018
2019,01,20,3,1.540639,210.9672
2019,01,20,4,1.327363,197.8681
2019,01,20,5,1.3195,197.4189
2019,01,20,6,1.439613,206.0016
2019,01,20,7,1.808704,225.7162
2019,01,21,0,1.686169,220.2046
2019,01,21,1,1.745845,223.2903
2019,01,21,2,1.619776,217.1952
2019,01,21,3,1.406441,204.6234
2019,01,21,4,1.103316,181.5031
2019,01,21,5,1.080287,179.6437
2019,01,21,6,1.124643,183.9586
2019,01,21,7,1.286169,196.1581
2019,01,22,0,1.325151,199.3569
2019,01,22,1,1.270611,196.0516
2019,01,22,2,1.107481,182.6773
2019,01,22,3,1.033386,174.9223
2019,01,22,4,1.122015,182.1835
2019,01,22,5,1.490313,208.4358
2019,01,22,6,1.758406,222.5402
2019,01,22,7,1.661205,217.7654
2019,01,23,0,1.520068,210.3997
2019,01,23,1,1.427737,205.2727
2019,01,23,2,1.355112,199.6186
2019,01,23,3,1.076158,177.8141
2019,01,23,4,0.9843371,169.0658
2019,01,23,5,1.355007,198.7762
2019,01,23,6,1.473124,207.171
2019,01,23,7,1.651323,217.0719
2019,01,24,0,1.378661,201.2887
2019,01,24,1,1.248258,192.3188
2019,01,24,2,0.9701736,167.5427
2019,01,24,3,0.982457,168.1465
2019,01,24,4,1.002505,170.2534
2019,01,24,5,1.273073,192.4734
2019,01,24,6,1.396685,201.872
2019,01,24,7,1.424322,203.6861
2019,01,25,0,0.9680254,167.7766
2019,01,25,1,0.6473944,130.3677
2019,01,25,2,0.8568003,155.6966
2019,01,25,3,0.6820407,134.766
2019,01,25,4,0.6676808,132.6067
2019,01,25,5,0.9640736,166.0676
2019,01,25,6,1.176339,185.0698
2019,01,25,7,1.319267,196.2488
2019,01,26,0,1.42423,203.3148
2019,01,26,1,1.21821,189.4769
2019,01,26,2,1.193315,187.4973
2019,01,26,3,1.200624,187.5301
2019,01,26,4,1.155725,183.3823
2019,01,26,5,1.292989,194.002
2019,01,26,6,1.53958,210.8081
2019,01,26,7,1.755729,222.2756
2019,01,27,0,1.597807,214.8062
2019,01,27,1,1.54302,211.3007
2019,01,27,2,1.316482,196.6479
2019,01,27,3,0.9821922,169.5317
2019,01,27,4,0.9831218,169.2543
2019,01,27,5,1.310598,195.8154
2019,01,27,6,1.38863,201.7698
2019,01,27,7,1.738294,220.6902
2019,01,28,0,1.533404,211.0279
2019,01,28,1,1.451843,206.2133
2019,01,28,2,1.507636,209.8129
2019,01,28,3,1.566747,213.1692
2019,01,28,4,1.585535,213.0035
2019,01,28,5,1.543967,210.1286
2019,01,28,6,1.645453,215.1957
2019,01,28,7,1.80212,223.4023
2019,01,29,0,1.88502,227.9435
2019,01,29,1,1.820274,224.7846
2019,01,29,2,1.66633,218.2617
2019,01,29,3,1.440132,205.6017
2019,01,29,4,1.432388,204.7524
2019,01,29,5,1.553028,211.3459
2019,01,29,6,1.717393,220.5761
2019,01,29,7,1.758293,221.8585
2019,01,30,0,1.743232,221.057
2019,01,30,1,1.716301,220.087
2019,01,30,2,1.697472,219.5633
2019,01,30,3,1.562329,212.4349
2019,01,30,4,1.532019,210.7903
2019,01,30,5,1.626336,215.2067
2019,01,30,6,1.595234,214.4828
2019,01,30,7,1.752483,222.3586
2019,01,31,0,1.777685,223.3594
2019,01,31,1,1.746672,221.6924
2019,01,31,2,1.696942,218.3438
2019,01,31,3,1.533686,209.9312
2019,01,31,4,1.422481,203.0127
2019,01,31,5,1.607141,213.6398
2019,01,31,6,1.795806,222.3538
2019,01,31,7,1.731256,219.694
2020,01,1,0,1.252216,190.9592
2020,01,1,1,1.262556,192.447
2020,01,1,2,1.267425,192.7532
2020,01,1,3,1.383522,200.5344
2020,01,1,4,1.422709,202.5013
2020,01,1,5,1.538096,209.8861
2020,01,1,6,1.76626,221.6267
2020,01,1,7,1.790492,223.2979
