####################################################################################################
# Month: 10Oct                                                                                     #
# Station: NOB                                                                                     #
# Frequency: 345 GHz                                                                               #
# Columns are: year    month   day     segment         tau     Tb (K)                              #
####################################################################################################
year,month,day,segment,tau,Tb
2009,10,1,0,3.405093,272.1241
2009,10,1,1,3.471831,274.0865
2009,10,1,2,4.007331,278.2453
2009,10,1,3,4.218316,278.8138
2009,10,1,4,3.939569,277.1684
2009,10,1,5,3.791295,275.8916
2009,10,1,6,4.343736,278.832
2009,10,1,7,5.408722,281.3165
2009,10,2,0,6.447489,283.1048
2009,10,2,1,7.314477,284.3054
2009,10,2,2,7.058318,284.4429
2009,10,2,3,7.648795,284.8152
2009,10,2,4,6.440744,284.4006
2009,10,2,5,5.884105,282.4347
2009,10,2,6,7.766236,285.7118
2009,10,2,7,5.914765,283.4064
2009,10,3,0,4.103294,277.9055
2009,10,3,1,3.469486,273.5827
2009,10,3,2,3.163717,270.8736
2009,10,3,3,3.131903,269.3196
2009,10,3,4,3.301961,270.6232
2009,10,3,5,3.266152,269.7841
2009,10,3,6,2.516983,257.1355
2009,10,3,7,1.365943,207.869
2009,10,4,0,1.462481,214.0145
2009,10,4,1,1.332897,206.1718
2009,10,4,2,1.645661,226.0021
2009,10,4,3,2.022473,242.5586
2009,10,4,4,1.757263,230.3822
2009,10,4,5,1.380463,206.3173
2009,10,4,6,1.857124,232.4731
2009,10,4,7,2.330435,249.0073
2009,10,5,0,2.455986,252.0205
2009,10,5,1,3.254091,266.2044
2009,10,5,2,3.615,269.9278
2009,10,5,3,3.904141,271.8846
2009,10,5,4,3.97104,271.7942
2009,10,5,5,3.500835,269.2545
2009,10,5,6,4.444343,275.3477
2009,10,5,7,4.83415,275.0978
2009,10,6,0,5.266792,278.0261
2009,10,6,1,4.83642,278.0571
2009,10,6,2,4.927773,276.1905
2009,10,6,3,4.103556,274.6814
2009,10,6,4,3.266149,268.6116
2009,10,6,5,4.470019,276.7082
2009,10,6,6,4.082812,275.1131
2009,10,6,7,4.19396,274.1303
2009,10,7,0,4.318464,274.1723
2009,10,7,1,4.835448,275.1885
2009,10,7,2,4.907291,275.8028
2009,10,7,3,5.369921,276.9046
2009,10,7,4,5.297138,276.7374
2009,10,7,5,5.7433,277.9082
2009,10,7,6,6.198693,283.9208
2009,10,7,7,7.918716,284.4038
2009,10,8,0,7.952547,285.458
2009,10,8,1,5.949873,280.8262
2009,10,8,2,4.589795,273.4824
2009,10,8,3,3.190659,270.9531
2009,10,8,4,2.826439,268.4928
2009,10,8,5,2.084458,248.7844
2009,10,8,6,1.946978,236.0931
2009,10,8,7,1.834779,231.4408
2009,10,9,0,2.131726,242.4539
2009,10,9,1,2.281468,247.3964
2009,10,9,2,2.307541,248.2758
2009,10,9,3,2.653719,255.5146
2009,10,9,4,2.550288,252.7802
2009,10,9,5,3.069765,260.641
2009,10,9,6,3.16504,261.7659
2009,10,9,7,3.260735,262.7965
2009,10,10,0,3.408835,264.0931
2009,10,10,1,2.615509,253.1718
2009,10,10,2,2.846477,257.7331
2009,10,10,3,2.755213,256.2663
2009,10,10,4,2.494279,250.842
2009,10,10,5,2.136448,241.0392
2009,10,10,6,2.078845,239.0542
2009,10,10,7,1.437026,209.0904
2009,10,11,0,1.832687,230.0149
2009,10,11,1,2.021358,238.781
2009,10,11,2,2.006127,239.1928
2009,10,11,3,1.945297,236.6029
2009,10,11,4,1.949109,236.2997
2009,10,11,5,2.211415,245.1994
2009,10,11,6,2.543198,253.5043
2009,10,11,7,2.529802,253.0932
2009,10,12,0,2.529298,253.076
2009,10,12,1,2.416397,251.5001
2009,10,12,2,2.464992,252.9403
2009,10,12,3,2.63491,255.7662
2009,10,12,4,2.778928,257.7327
2009,10,12,5,2.404299,249.092
2009,10,12,6,2.035212,237.5818
2009,10,12,7,2.289609,246.4197
2009,10,13,0,2.248425,245.9258
2009,10,13,1,2.341925,250.2771
2009,10,13,2,2.774088,260.0494
2009,10,13,3,2.6132,256.4778
2009,10,13,4,2.49916,253.5687
2009,10,13,5,1.427241,208.7886
2009,10,13,6,1.340478,200.9325
2009,10,13,7,1.674328,220.8753
2009,10,14,0,1.746483,225.6338
2009,10,14,1,2.052003,239.3924
2009,10,14,2,2.45487,250.7879
2009,10,14,3,2.737729,256.0218
2009,10,14,4,3.059632,260.5284
2009,10,14,5,3.165767,261.6144
2009,10,14,6,2.739203,255.4816
2009,10,14,7,2.088829,240.4712
2009,10,15,0,1.888666,233.5007
2009,10,15,1,1.917101,235.2198
2009,10,15,2,2.168427,244.0598
2009,10,15,3,2.519384,252.3951
2009,10,15,4,2.733016,256.4703
2009,10,15,5,2.299965,246.6348
2009,10,15,6,2.061316,238.7496
2009,10,15,7,1.680892,222.7241
2009,10,16,0,1.759574,226.4783
2009,10,16,1,1.745793,226.5798
2009,10,16,2,2.090087,240.4381
2009,10,16,3,1.996687,238.4665
2009,10,16,4,2.133226,242.721
2009,10,16,5,2.25374,245.8939
2009,10,16,6,2.469422,251.2754
2009,10,16,7,3.185953,263.8993
2009,10,17,0,3.529254,266.5555
2009,10,17,1,3.76923,268.6852
2009,10,17,2,4.02772,271.4128
2009,10,17,3,3.588933,268.7754
2009,10,17,4,3.361342,267.3039
2009,10,17,5,3.223147,266.1366
2009,10,17,6,2.666502,257.7052
2009,10,17,7,1.209091,194.8329
2009,10,18,0,1.646064,222.9855
2009,10,18,1,2.35033,250.2961
2009,10,18,2,2.147265,244.0277
2009,10,18,3,2.014133,238.3802
2009,10,18,4,1.781066,228.7677
2009,10,18,5,1.52363,215.6849
2009,10,18,6,1.310572,201.1263
2009,10,18,7,1.258866,194.188
2009,10,19,0,1.439986,207.4919
2009,10,19,1,1.827444,231.0619
2009,10,19,2,1.826628,231.9158
2009,10,19,3,1.498176,215.1254
2009,10,19,4,1.561431,219.3585
2009,10,19,5,1.941422,237.6846
2009,10,19,6,3.026264,264.2516
2009,10,19,7,2.599346,255.3471
2009,10,20,0,2.650834,254.713
2009,10,20,1,2.948754,260.1735
2009,10,20,2,2.248821,246.2743
2009,10,20,3,1.881861,233.5777
2009,10,20,4,1.227361,196.2603
2009,10,20,5,0.8959614,164.8466
2009,10,20,6,1.054469,180.4425
2009,10,20,7,1.07046,181.38
2009,10,21,0,0.9080621,165.1304
2009,10,21,1,1.47295,212.704
2009,10,21,2,1.690824,224.7864
2009,10,21,3,1.719469,225.3376
2009,10,21,4,1.201639,192.9669
2009,10,21,5,1.579436,219.5538
2009,10,21,6,1.871725,233.2454
2009,10,21,7,2.107389,241.3269
2009,10,22,0,1.705305,224.6081
2009,10,22,1,1.528113,215.8841
2009,10,22,2,1.876755,233.9391
2009,10,22,3,2.349382,249.8533
2009,10,22,4,2.523547,253.4215
2009,10,22,5,1.738103,225.8554
2009,10,22,6,1.33124,200.2729
2009,10,22,7,1.500511,212.4815
2009,10,23,0,1.269769,197.1499
2009,10,23,1,1.230503,195.8227
2009,10,23,2,1.380939,207.3982
2009,10,23,3,1.597134,220.3538
2009,10,23,4,1.563644,218.9701
2009,10,23,5,1.527351,216.2701
2009,10,23,6,1.574292,218.5641
2009,10,23,7,1.776562,228.6392
2009,10,24,0,1.830207,230.0794
2009,10,24,1,2.111851,239.9618
2009,10,24,2,2.862935,257.9637
2009,10,24,3,3.405067,265.3952
2009,10,24,4,4.262835,270.625
2009,10,24,5,3.521213,266.3146
2009,10,24,6,3.037676,261.5894
2009,10,24,7,2.483952,252.176
2009,10,25,0,2.428044,251.228
2009,10,25,1,2.747709,257.9993
2009,10,25,2,3.567892,267.8435
2009,10,25,3,2.963392,261.6634
2009,10,25,4,2.837935,260.5131
2009,10,25,5,2.691664,257.4165
2009,10,25,6,3.398808,266.305
2009,10,25,7,4.166369,270.8109
2009,10,26,0,4.685273,273.8821
2009,10,26,1,4.435224,272.325
2009,10,26,2,4.435477,272.0442
2009,10,26,3,4.45924,271.7138
2009,10,26,4,3.783493,268.3018
2009,10,26,5,3.489922,265.8609
2009,10,26,6,2.720931,255.8934
2009,10,26,7,2.590436,253.1419
2009,10,27,0,3.222546,262.6353
2009,10,27,1,2.123092,241.3007
2009,10,27,2,2.262603,245.0511
2009,10,27,3,1.833396,229.548
2009,10,27,4,1.508627,213.3433
2009,10,27,5,1.583814,218.9262
2009,10,27,6,1.282046,199.9237
2009,10,27,7,1.277269,199.6921
2009,10,28,0,1.479855,213.8139
2009,10,28,1,1.656916,224.2087
2009,10,28,2,1.952727,237.6156
2009,10,28,3,2.287014,247.8069
2009,10,28,4,2.186916,244.0363
2009,10,28,5,1.988728,237.3436
2009,10,28,6,2.391958,249.8236
2009,10,28,7,2.683636,256.0277
2009,10,29,0,2.718983,256.9263
2009,10,29,1,2.68318,256.5225
2009,10,29,2,2.927393,260.5048
2009,10,29,3,2.871668,259.9599
2009,10,29,4,2.742197,257.5911
2009,10,29,5,2.236809,245.6796
2009,10,29,6,1.919245,234.5934
2009,10,29,7,1.36445,205.2041
2009,10,30,0,1.200176,192.6658
2009,10,30,1,1.625121,221.2324
2009,10,30,2,1.87483,233.0884
2009,10,30,3,1.997024,238.2465
2009,10,30,4,1.937984,237.2483
2009,10,30,5,2.067731,241.9602
2009,10,30,6,1.97684,238.52
2009,10,30,7,1.57301,220.0075
2009,10,31,0,1.119499,188.2282
2009,10,31,1,1.546896,218.7767
2009,10,31,2,1.418082,212.1396
2009,10,31,3,1.944757,238.9408
2009,10,31,4,1.70983,228.2295
2009,10,31,5,1.838096,233.9988
2009,10,31,6,2.010884,241.4152
2009,10,31,7,2.480232,255.829
2010,10,1,0,2.318977,252.8336
2010,10,1,1,2.80481,263.8266
2010,10,1,2,2.973526,267.3573
2010,10,1,3,3.293068,271.2756
2010,10,1,4,3.632506,274.1359
2010,10,1,5,3.625688,273.9467
2010,10,1,6,4.057234,276.3317
2010,10,1,7,4.109649,276.4286
2010,10,2,0,4.073167,275.8759
2010,10,2,1,3.242709,270.8147
2010,10,2,2,3.195788,271.3521
2010,10,2,3,3.495145,273.8356
2010,10,2,4,3.767994,275.3082
2010,10,2,5,3.380525,272.2011
2010,10,2,6,3.509281,273.3246
2010,10,2,7,4.074592,277.8541
2010,10,3,0,4.438314,280.5236
2010,10,3,1,5.031446,281.8383
2010,10,3,2,5.145358,281.8938
2010,10,3,3,5.433763,282.3875
2010,10,3,4,5.414773,282.802
2010,10,3,5,6.016401,283.0312
2010,10,3,6,6.412068,283.8025
2010,10,3,7,6.652718,283.6979
2010,10,4,0,7.010062,284.4272
2010,10,4,1,6.281664,283.77
2010,10,4,2,6.141477,282.7785
2010,10,4,3,4.648688,279.6541
2010,10,4,4,3.544082,273.6101
2010,10,4,5,2.487757,258.0244
2010,10,4,6,1.810013,234.9085
2010,10,4,7,1.597817,223.3644
2010,10,5,0,2.223579,248.6501
2010,10,5,1,2.348443,252.657
2010,10,5,2,2.525458,257.3299
2010,10,5,3,3.026745,265.6728
2010,10,5,4,3.908487,272.7435
2010,10,5,5,3.923886,272.9195
2010,10,5,6,3.016806,265.1501
2010,10,5,7,2.789319,261.6263
2010,10,6,0,2.91533,263.1232
2010,10,6,1,2.943523,264.9034
2010,10,6,2,2.949079,265.5971
2010,10,6,3,3.250761,268.9094
2010,10,6,4,3.556197,271.7359
2010,10,6,5,3.299992,269.4195
2010,10,6,6,3.053506,266.0567
2010,10,6,7,2.974207,264.5093
2010,10,7,0,2.690772,259.5744
2010,10,7,1,2.737338,261.6047
2010,10,7,2,2.738359,262.1423
2010,10,7,3,2.949048,265.2199
2010,10,7,4,3.161516,267.6412
2010,10,7,5,3.023064,265.4911
2010,10,7,6,2.7544,260.8163
2010,10,7,7,2.569675,257.0441
2010,10,8,0,2.786023,261.6027
2010,10,8,1,3.699532,272.3382
2010,10,8,2,3.974222,274.8609
2010,10,8,3,3.995332,274.7197
2010,10,8,4,3.674102,272.4404
2010,10,8,5,3.322155,268.4988
2010,10,8,6,4.095992,273.6069
2010,10,8,7,5.220787,277.992
2010,10,9,0,5.563899,279.4028
2010,10,9,1,5.684786,280.2287
2010,10,9,2,5.932098,280.8785
2010,10,9,3,6.073646,281.0854
2010,10,9,4,6.397344,282.5696
2010,10,9,5,6.837036,283.458
2010,10,9,6,5.869535,283.0528
2010,10,9,7,5.855001,282.6989
2010,10,10,0,5.356092,281.3488
2010,10,10,1,4.489654,280.0344
2010,10,10,2,4.173414,278.1684
2010,10,10,3,3.403376,271.809
2010,10,10,4,2.664532,261.3519
2010,10,10,5,2.600611,259.9073
2010,10,10,6,2.79271,262.9802
2010,10,10,7,2.727385,261.6975
2010,10,11,0,2.505899,258.0881
2010,10,11,1,3.358675,272.1845
2010,10,11,2,3.482167,274.2591
2010,10,11,3,3.500186,274.6285
2010,10,11,4,3.092507,270.5162
2010,10,11,5,3.242177,271.499
2010,10,11,6,2.702898,262.7086
2010,10,11,7,2.812585,263.6488
2010,10,12,0,3.226162,268.5208
2010,10,12,1,3.677477,273.1649
2010,10,12,2,4.498782,277.8779
2010,10,12,3,4.393988,277.7119
2010,10,12,4,4.579114,278.0444
2010,10,12,5,4.820519,278.8526
2010,10,12,6,4.678074,278.3332
2010,10,12,7,4.019637,275.7589
2010,10,13,0,3.869552,274.6637
2010,10,13,1,3.478205,272.9672
2010,10,13,2,3.535901,273.5623
2010,10,13,3,3.740848,274.1484
2010,10,13,4,4.046329,275.2649
2010,10,13,5,4.14209,274.8718
2010,10,13,6,3.89835,272.7889
2010,10,13,7,3.106668,265.8759
2010,10,14,0,2.598708,258.2392
2010,10,14,1,2.59988,259.7018
2010,10,14,2,2.856418,265.3047
2010,10,14,3,3.404886,270.7852
2010,10,14,4,3.6323,271.8486
2010,10,14,5,3.70094,271.2754
2010,10,14,6,4.86444,275.7698
2010,10,14,7,4.512917,275.1406
2010,10,15,0,3.674017,270.6727
2010,10,15,1,3.375622,268.4516
2010,10,15,2,3.588629,270.4382
2010,10,15,3,3.523291,269.4169
2010,10,15,4,3.124079,264.6445
2010,10,15,5,1.915584,234.6881
2010,10,15,6,1.241904,197.1139
2010,10,15,7,2.092562,241.9328
2010,10,16,0,1.876213,234.2989
2010,10,16,1,1.812403,232.5423
2010,10,16,2,1.706005,227.8051
2010,10,16,3,1.879883,235.3054
2010,10,16,4,1.920293,237.0197
2010,10,16,5,1.224811,195.9643
2010,10,16,6,0.9776695,172.9679
2010,10,16,7,0.949583,170.1085
2010,10,17,0,0.9150791,165.5983
2010,10,17,1,1.157664,189.7471
2010,10,17,2,1.522949,216.7023
2010,10,17,3,1.889449,235.1921
2010,10,17,4,1.789814,230.6285
2010,10,17,5,1.45917,212.8726
2010,10,17,6,1.42557,210.3287
2010,10,17,7,1.24849,196.9764
2010,10,18,0,0.9864941,173.0163
2010,10,18,1,1.641475,222.4164
2010,10,18,2,2.046788,240.6251
2010,10,18,3,2.434777,252.3064
2010,10,18,4,2.583878,255.6427
2010,10,18,5,2.522399,254.4685
2010,10,18,6,2.336956,249.6431
2010,10,18,7,1.941741,236.2713
2010,10,19,0,2.041493,239.0569
2010,10,19,1,2.2018,243.3994
2010,10,19,2,2.294664,247.6678
2010,10,19,3,2.347906,250.1948
2010,10,19,4,2.572044,256.1366
2010,10,19,5,3.363908,268.218
2010,10,19,6,3.88876,272.1607
2010,10,19,7,3.888406,272.3733
2010,10,20,0,3.571239,269.9269
2010,10,20,1,3.570978,270.2741
2010,10,20,2,3.409085,269.8289
2010,10,20,3,3.48675,270.5506
2010,10,20,4,3.569678,271.3366
2010,10,20,5,3.85623,273.0925
2010,10,20,6,4.439984,274.9234
2010,10,20,7,5.158062,276.5263
2010,10,21,0,4.542244,274.2079
2010,10,21,1,5.159137,276.3492
2010,10,21,2,5.015519,276.7296
2010,10,21,3,4.393459,274.8027
2010,10,21,4,4.15762,273.1464
2010,10,21,5,4.39497,273.9498
2010,10,21,6,4.146491,272.2039
2010,10,21,7,3.849431,269.8175
2010,10,22,0,3.756825,269.1042
2010,10,22,1,2.829602,259.4573
2010,10,22,2,2.311426,249.2452
2010,10,22,3,1.837082,233.5029
2010,10,22,4,1.674629,225.8808
2010,10,22,5,1.652454,224.9424
2010,10,22,6,1.405338,210.3175
2010,10,22,7,1.051872,182.0007
2010,10,23,0,0.603238,128.4559
2010,10,23,1,0.7098201,143.5223
2010,10,23,2,1.551794,220.0796
2010,10,23,3,1.444334,213.3263
2010,10,23,4,0.6593288,134.6237
2010,10,23,5,0.7319474,143.8079
2010,10,23,6,0.9586865,166.1989
2010,10,23,7,1.213013,188.9303
2010,10,24,0,1.703169,217.8589
2010,10,24,1,2.945599,260.7126
2010,10,24,2,4.682173,275.3208
2010,10,24,3,5.634928,278.8158
2010,10,24,4,6.006539,280.6749
2010,10,24,5,6.311805,281.9793
2010,10,24,6,6.456161,283.4453
2010,10,24,7,6.012413,282.7957
2010,10,25,0,5.880283,281.8489
2010,10,25,1,5.592144,281.5158
2010,10,25,2,5.997286,281.1556
2010,10,25,3,5.500012,279.2818
2010,10,25,4,5.106514,278.1262
2010,10,25,5,4.676479,276.4352
2010,10,25,6,4.24506,273.924
2010,10,25,7,3.99414,271.4318
2010,10,26,0,3.566356,267.6313
2010,10,26,1,2.414518,251.3626
2010,10,26,2,1.944776,234.6865
2010,10,26,3,1.938359,233.969
2010,10,26,4,1.474372,207.7851
2010,10,26,5,1.193155,189.2355
2010,10,26,6,1.094565,182.5222
2010,10,26,7,0.954756,169.3633
2010,10,27,0,1.070944,181.2534
2010,10,27,1,1.304601,200.9094
2010,10,27,2,1.575629,218.3478
2010,10,27,3,1.986149,235.3031
2010,10,27,4,1.91846,235.3897
2010,10,27,5,1.781966,226.743
2010,10,27,6,2.410742,248.9811
2010,10,27,7,3.684874,267.0481
2010,10,28,0,5.506011,274.5132
2010,10,28,1,4.416582,272.1576
2010,10,28,2,4.372294,271.4781
2010,10,28,3,4.060644,271.0266
2010,10,28,4,3.443861,267.6341
2010,10,28,5,3.024225,262.4333
2010,10,28,6,2.838219,264.2876
2010,10,28,7,2.747081,261.4994
2010,10,29,0,2.543578,252.5796
2010,10,29,1,2.779207,257.8285
2010,10,29,2,2.875361,262.1355
2010,10,29,3,2.647317,258.8795
2010,10,29,4,2.568743,257.1673
2010,10,29,5,2.76059,257.8055
2010,10,29,6,3.666663,268.9286
2010,10,29,7,4.091381,270.6885
2010,10,30,0,4.176735,271.689
2010,10,30,1,4.191843,278.2593
2010,10,30,2,4.372756,278.6724
2010,10,30,3,3.747993,277.5831
2010,10,30,4,3.470358,271.3284
2010,10,30,5,2.923306,265.299
2010,10,30,6,2.735089,261.2008
2010,10,30,7,2.504814,255.5665
2010,10,31,0,2.723214,260.3095
2010,10,31,1,3.598282,270.6165
2010,10,31,2,3.912934,272.8373
2010,10,31,3,4.852643,275.955
2010,10,31,4,4.509304,273.2395
2010,10,31,5,4.474013,272.6481
2010,10,31,6,4.629267,274.593
2010,10,31,7,4.727105,276.6518
2011,10,1,0,2.877474,266.2138
2011,10,1,1,2.652685,258.8783
2011,10,1,2,2.691897,259.0075
2011,10,1,3,2.982107,262.1672
2011,10,1,4,2.967488,263.1799
2011,10,1,5,3.159693,266.5478
2011,10,1,6,3.144171,265.5585
2011,10,1,7,3.14497,264.6311
2011,10,2,0,2.743177,258.2028
2011,10,2,1,2.248023,247.2282
2011,10,2,2,2.574689,255.2381
2011,10,2,3,3.15133,263.465
2011,10,2,4,3.203764,262.1459
2011,10,2,5,3.465212,264.3287
2011,10,2,6,3.133844,260.3425
2011,10,2,7,2.364247,246.1148
2011,10,3,0,1.730972,223.9442
2011,10,3,1,1.545679,215.5865
2011,10,3,2,1.508784,214.0428
2011,10,3,3,1.61245,219.5352
2011,10,3,4,1.722583,224.783
2011,10,3,5,1.79482,228.2122
2011,10,3,6,2.103752,240.9137
2011,10,3,7,2.449196,251.0715
2011,10,4,0,2.262401,246.2563
2011,10,4,1,2.170566,244.9707
2011,10,4,2,2.320458,250.0804
2011,10,4,3,2.47831,253.8386
2011,10,4,4,2.409437,251.8677
2011,10,4,5,2.779679,260.312
2011,10,4,6,3.787977,272.028
2011,10,4,7,4.060191,273.711
2011,10,5,0,4.380639,275.5065
2011,10,5,1,5.383217,278.0342
2011,10,5,2,5.805861,278.9983
2011,10,5,3,5.899206,279.7029
2011,10,5,4,6.238406,281.8319
2011,10,5,5,6.508858,281.8012
2011,10,5,6,6.513156,281.9425
2011,10,5,7,5.989513,280.5109
2011,10,6,0,4.362533,276.3422
2011,10,6,1,3.193572,268.931
2011,10,6,2,2.935485,265.6626
2011,10,6,3,2.968375,264.8727
2011,10,6,4,2.520682,255.2304
2011,10,6,5,2.568528,255.3837
2011,10,6,6,3.467354,267.9723
2011,10,6,7,1.737631,226.214
2011,10,7,0,2.23583,245.3272
2011,10,7,1,2.08273,241.3812
2011,10,7,2,1.995462,238.508
2011,10,7,3,1.65255,223.2748
2011,10,7,4,1.050383,180.957
2011,10,7,5,0.9408194,169.7991
2011,10,7,6,1.103339,185.317
2011,10,7,7,1.361509,205.5307
2011,10,8,0,1.984216,237.5582
2011,10,8,1,2.165743,244.7135
2011,10,8,2,2.186455,245.3838
2011,10,8,3,2.193344,244.9803
2011,10,8,4,2.200739,244.9409
2011,10,8,5,2.206945,244.9675
2011,10,8,6,2.083827,240.7419
2011,10,8,7,1.698129,224.6716
2011,10,9,0,1.489172,213.7409
2011,10,9,1,1.64034,223.8082
2011,10,9,2,1.882892,236.1673
2011,10,9,3,2.250314,249.0057
2011,10,9,4,2.542525,256.0296
2011,10,9,5,1.785721,230.9733
2011,10,9,6,1.273372,199.9479
2011,10,9,7,1.222985,196.2653
2011,10,10,0,1.965542,238.3889
2011,10,10,1,2.511467,254.9366
2011,10,10,2,2.654445,258.2935
2011,10,10,3,2.752907,259.0757
2011,10,10,4,1.601045,220.0511
2011,10,10,5,1.468103,212.5782
2011,10,10,6,1.328557,202.866
2011,10,10,7,1.756407,227.8775
2011,10,11,0,1.794818,230.5631
2011,10,11,1,1.805389,229.5278
2011,10,11,2,2.418039,250.6454
2011,10,11,3,2.379218,250.377
2011,10,11,4,2.244825,247.1909
2011,10,11,5,2.077588,241.4052
2011,10,11,6,2.150439,243.1733
2011,10,11,7,1.795402,229.723
2011,10,12,0,1.446298,211.6685
2011,10,12,1,1.447133,212.7722
2011,10,12,2,1.557479,219.9926
2011,10,12,3,1.532087,217.9865
2011,10,12,4,1.438319,211.4573
2011,10,12,5,1.40467,207.9256
2011,10,12,6,1.432383,207.6001
2011,10,12,7,1.564244,214.3496
2011,10,13,0,1.65137,218.7928
2011,10,13,1,2.768746,255.6454
2011,10,13,2,2.771949,257.7704
2011,10,13,3,2.612427,255.5491
2011,10,13,4,2.307707,248.8699
2011,10,13,5,1.918442,236.9927
2011,10,13,6,2.18775,247.3608
2011,10,13,7,2.90641,264.2006
2011,10,14,0,3.267703,269.2026
2011,10,14,1,4.540201,277.1928
2011,10,14,2,4.472786,276.025
2011,10,14,3,4.938898,278.6084
2011,10,14,4,5.55903,279.9551
2011,10,14,5,5.968838,281.0668
2011,10,14,6,7.099418,283.8619
2011,10,14,7,7.696914,284.7258
2011,10,15,0,7.641035,283.5632
2011,10,15,1,7.426854,283.623
2011,10,15,2,6.949004,283.2335
2011,10,15,3,5.803652,281.5523
2011,10,15,4,5.771375,281.5466
2011,10,15,5,6.059104,282.5897
2011,10,15,6,6.341022,283.4779
2011,10,15,7,4.428688,275.4637
2011,10,16,0,1.321607,205.429
2011,10,16,1,1.925761,239.37
2011,10,16,2,1.767672,231.475
2011,10,16,3,1.268049,200.4966
2011,10,16,4,1.534034,218.0748
2011,10,16,5,1.775697,230.9096
2011,10,16,6,1.949228,237.7153
2011,10,16,7,1.589293,219.3607
2011,10,17,0,1.914476,234.5088
2011,10,17,1,2.616808,255.2844
2011,10,17,2,3.479597,267.3736
2011,10,17,3,3.513767,266.798
2011,10,17,4,2.732959,256.1949
2011,10,17,5,2.276074,245.7621
2011,10,17,6,2.177113,243.741
2011,10,17,7,2.128144,241.7512
2011,10,18,0,2.059046,239.383
2011,10,18,1,1.958897,237.4672
2011,10,18,2,1.936686,237.6744
2011,10,18,3,2.131649,244.3796
2011,10,18,4,2.198854,246.0731
2011,10,18,5,2.040984,240.8107
2011,10,18,6,2.001427,239.1283
2011,10,18,7,1.213306,194.961
2011,10,19,0,1.011697,176.5606
2011,10,19,1,1.461818,212.7647
2011,10,19,2,2.087819,242.8018
2011,10,19,3,1.84814,233.5782
2011,10,19,4,1.389838,209.2841
2011,10,19,5,0.8992997,166.8695
2011,10,19,6,0.9603499,173.4043
2011,10,19,7,0.9605544,173.4628
2011,10,20,0,1.009955,178.3481
2011,10,20,1,1.224785,198.0529
2011,10,20,2,2.002397,242.1174
2011,10,20,3,2.214631,249.5266
2011,10,20,4,2.216691,249.7013
2011,10,20,5,1.69259,229.1609
2011,10,20,6,1.630585,225.8869
2011,10,20,7,1.672233,227.6081
2011,10,21,0,1.60618,223.8051
2011,10,21,1,2.25662,251.171
2011,10,21,2,3.431868,272.1682
2011,10,21,3,4.989432,279.5017
2011,10,21,4,5.426275,280.0863
2011,10,21,5,5.611108,280.78
2011,10,21,6,5.963807,281.3517
2011,10,21,7,6.441783,282.0894
2011,10,22,0,6.959017,283.6168
2011,10,22,1,6.124797,283.0094
2011,10,22,2,6.324534,283.2985
2011,10,22,3,5.693287,281.8518
2011,10,22,4,5.755571,282.0488
2011,10,22,5,5.963883,281.9481
2011,10,22,6,5.830327,281.1551
2011,10,22,7,3.766292,272.8185
2011,10,23,0,2.813265,263.5409
2011,10,23,1,3.913917,274.8527
2011,10,23,2,4.01415,275.975
2011,10,23,3,3.889996,275.7165
2011,10,23,4,4.099837,276.6557
2011,10,23,5,3.687713,274.2196
2011,10,23,6,3.880393,275.5916
2011,10,23,7,3.808401,274.2979
2011,10,24,0,4.126647,275.5773
2011,10,24,1,4.49725,278.0515
2011,10,24,2,4.60855,278.9217
2011,10,24,3,5.060406,279.2024
2011,10,24,4,5.285477,278.8606
2011,10,24,5,5.505435,279.3165
2011,10,24,6,5.510188,279.0967
2011,10,24,7,4.850738,276.79
2011,10,25,0,5.17548,276.8301
2011,10,25,1,4.782314,276.4275
2011,10,25,2,4.367975,274.1034
2011,10,25,3,3.91306,269.8875
2011,10,25,4,2.60761,253.4259
2011,10,25,5,2.00525,241.7438
2011,10,25,6,1.386661,210.8317
2011,10,25,7,1.191567,195.3651
2011,10,26,0,1.10666,183.2975
2011,10,26,1,1.362755,203.3914
2011,10,26,2,1.331092,202.0461
2011,10,26,3,0.9889709,173.4809
2011,10,26,4,0.808998,154.0481
2011,10,26,5,1.107715,184.7693
2011,10,26,6,1.393149,206.798
2011,10,26,7,0.852453,159.196
2011,10,27,0,0.6514511,133.6834
2011,10,27,1,1.051147,179.9289
2011,10,27,2,1.487768,214.4038
2011,10,27,3,1.780343,230.8451
2011,10,27,4,2.179749,245.7214
2011,10,27,5,1.190778,193.951
2011,10,27,6,0.4554609,104.2002
2011,10,27,7,0.4953595,110.9185
2011,10,28,0,0.6499381,134.2276
2011,10,28,1,1.077497,183.411
2011,10,28,2,1.375542,207.2463
2011,10,28,3,1.671621,224.7805
2011,10,28,4,1.803178,230.8981
2011,10,28,5,1.809621,230.6671
2011,10,28,6,2.170204,243.8985
2011,10,28,7,2.578909,254.4166
2011,10,29,0,2.399194,250.0963
2011,10,29,1,2.439364,252.2415
2011,10,29,2,2.486282,254.4471
2011,10,29,3,2.755105,259.9581
2011,10,29,4,2.884937,261.9102
2011,10,29,5,2.976092,262.9299
2011,10,29,6,3.066451,263.9774
2011,10,29,7,3.453749,267.2813
2011,10,30,0,3.934123,270.9771
2011,10,30,1,4.094163,271.6571
2011,10,30,2,4.647289,273.7882
2011,10,30,3,4.555679,274.357
2011,10,30,4,4.239954,273.3647
2011,10,30,5,4.474273,274.0803
2011,10,30,6,4.454094,272.6757
2011,10,30,7,3.660026,269.3333
2011,10,31,0,3.879011,271.8019
2011,10,31,1,3.012255,263.7314
2011,10,31,2,2.868886,261.3376
2011,10,31,3,2.758084,258.6946
2011,10,31,4,2.564882,255.5113
2011,10,31,5,0.6059519,129.073
2011,10,31,6,0.7508619,148.6987
2011,10,31,7,0.7914388,153.4529
2012,10,1,0,4.545663,280.1959
2012,10,1,1,4.37915,280.6906
2012,10,1,2,4.639552,281.2603
2012,10,1,3,5.271908,281.6323
2012,10,1,4,4.658488,279.7875
2012,10,1,5,4.594694,279.6674
2012,10,1,6,4.864068,280.0098
2012,10,1,7,4.712132,279.1018
2012,10,2,0,4.791978,278.9274
2012,10,2,1,4.090561,277.4493
2012,10,2,2,4.140472,278.0933
2012,10,2,3,4.678291,279.6258
2012,10,2,4,5.383662,281.2853
2012,10,2,5,5.707684,280.7589
2012,10,2,6,4.22072,276.5231
2012,10,2,7,4.155633,275.8574
2012,10,3,0,3.919067,274.6535
2012,10,3,1,3.866159,274.8026
2012,10,3,2,4.102803,276.5799
2012,10,3,3,3.634013,273.8066
2012,10,3,4,3.167721,270.3201
2012,10,3,5,3.894892,275.5112
2012,10,3,6,4.088764,276.5337
2012,10,3,7,3.794726,274.2992
2012,10,4,0,3.207766,268.5853
2012,10,4,1,3.495672,271.9274
2012,10,4,2,3.468714,272.2789
2012,10,4,3,3.265162,270.1249
2012,10,4,4,3.132786,268.3228
2012,10,4,5,3.408964,271.1706
2012,10,4,6,3.042809,266.8762
2012,10,4,7,2.901479,264.3324
2012,10,5,0,2.362625,253.2093
2012,10,5,1,2.096447,246.4076
2012,10,5,2,2.321881,253.2596
2012,10,5,3,2.571156,259.5027
2012,10,5,4,3.672294,273.9958
2012,10,5,5,3.622831,273.2919
2012,10,5,6,3.195925,268.8398
2012,10,5,7,2.796872,262.7767
2012,10,6,0,2.848514,262.6425
2012,10,6,1,3.231444,267.6313
2012,10,6,2,3.499461,269.9646
2012,10,6,3,4.328106,274.1772
2012,10,6,4,4.439765,274.387
2012,10,6,5,4.105672,271.7261
2012,10,6,6,3.386496,267.0315
2012,10,6,7,4.119909,272.4723
2012,10,7,0,3.953542,271.6002
2012,10,7,1,4.137912,272.1979
2012,10,7,2,3.807545,270.2486
2012,10,7,3,3.433997,267.1174
2012,10,7,4,2.982836,262.7564
2012,10,7,5,2.324525,250.2207
2012,10,7,6,1.874003,234.8901
2012,10,7,7,2.144129,245.0384
2012,10,8,0,2.106724,243.8693
2012,10,8,1,2.002603,240.687
2012,10,8,2,2.181602,247.3428
2012,10,8,3,2.367414,251.7177
2012,10,8,4,3.007866,263.782
2012,10,8,5,3.496068,269.3475
2012,10,8,6,3.441137,268.367
2012,10,8,7,2.877682,260.4463
2012,10,9,0,2.572316,254.9109
2012,10,9,1,2.333794,250.7487
2012,10,9,2,2.246442,249.3891
2012,10,9,3,2.290888,250.666
2012,10,9,4,2.221788,248.4195
2012,10,9,5,2.142993,246.2136
2012,10,9,6,2.025896,242.1322
2012,10,9,7,2.290727,250.1597
2012,10,10,0,2.225026,247.6107
2012,10,10,1,2.059426,243.1281
2012,10,10,2,2.224015,248.8509
2012,10,10,3,2.393588,252.4389
2012,10,10,4,2.385338,250.7207
2012,10,10,5,1.86716,231.6574
2012,10,10,6,2.035734,239.4191
2012,10,10,7,3.076878,264.2868
2012,10,11,0,4.172592,272.8442
2012,10,11,1,3.919661,271.6572
2012,10,11,2,3.211755,266.408
2012,10,11,3,2.905748,262.1188
2012,10,11,4,3.089622,264.0687
2012,10,11,5,3.182407,264.4847
2012,10,11,6,2.734261,257.872
2012,10,11,7,1.736713,228.3965
2012,10,12,0,1.098243,185.9526
2012,10,12,1,1.482049,214.765
2012,10,12,2,1.588927,221.1908
2012,10,12,3,1.786655,229.826
2012,10,12,4,1.407638,208.4023
2012,10,12,5,1.140432,188.6436
2012,10,12,6,0.6772715,137.8366
2012,10,12,7,1.002022,175.8963
2012,10,13,0,1.291227,200.969
2012,10,13,1,1.855989,233.3688
2012,10,13,2,2.038642,240.8665
2012,10,13,3,2.157155,244.9651
2012,10,13,4,2.328861,249.6865
2012,10,13,5,2.268874,247.8844
2012,10,13,6,1.73944,227.6985
2012,10,13,7,1.458838,211.2474
2012,10,14,0,1.878278,233.1717
2012,10,14,1,2.432062,251.8994
2012,10,14,2,2.729088,258.7945
2012,10,14,3,3.172689,264.9011
2012,10,14,4,2.958058,261.457
2012,10,14,5,1.836649,231.8458
2012,10,14,6,1.016969,178.2083
2012,10,14,7,0.900513,166.6455
2012,10,15,0,1.150646,190.9315
2012,10,15,1,1.815947,233.5789
2012,10,15,2,2.064983,244.1689
2012,10,15,3,2.17803,247.6739
2012,10,15,4,2.394896,253.1679
2012,10,15,5,2.079568,244.6793
2012,10,15,6,2.595636,257.4858
2012,10,15,7,3.328014,267.1681
2012,10,16,0,1.823031,233.0446
2012,10,16,1,1.750981,231.3523
2012,10,16,2,2.11104,246.6513
2012,10,16,3,2.514854,257.6675
2012,10,16,4,2.311345,252.4432
2012,10,16,5,1.124813,188.1373
2012,10,16,6,1.229214,196.0357
2012,10,16,7,1.74888,229.1449
2012,10,17,0,2.557127,258.0998
2012,10,17,1,4.265913,277.9462
2012,10,17,2,6.504827,282.2734
2012,10,17,3,6.230601,283.4335
2012,10,17,4,6.004025,284.4601
2012,10,17,5,6.298882,281.7983
2012,10,17,6,4.269605,277.098
2012,10,17,7,5.016779,277.7089
2012,10,18,0,5.41021,277.8452
2012,10,18,1,5.452304,278.257
2012,10,18,2,6.043684,278.2988
2012,10,18,3,4.78185,274.5681
2012,10,18,4,4.199512,272.8506
2012,10,18,5,3.623518,277.4227
2012,10,18,6,3.354229,275.0146
2012,10,18,7,1.598829,226.6619
2012,10,19,0,1.332553,208.4236
2012,10,19,1,1.330647,207.377
2012,10,19,2,1.313256,202.7429
2012,10,19,3,1.296784,200.4304
2012,10,19,4,1.525091,215.2722
2012,10,19,5,2.91679,260.587
2012,10,19,6,3.17968,263.4589
2012,10,19,7,3.449368,265.7415
2012,10,20,0,2.779576,257.175
2012,10,20,1,2.349377,248.5135
2012,10,20,2,2.373321,249.2799
2012,10,20,3,2.464944,250.6818
2012,10,20,4,2.495207,250.8247
2012,10,20,5,2.312928,246.5731
2012,10,20,6,1.358123,205.6316
2012,10,20,7,1.215178,195.8865
2012,10,21,0,1.306707,202.8621
2012,10,21,1,1.931998,237.5163
2012,10,21,2,2.037797,242.198
2012,10,21,3,1.76077,230.8207
2012,10,21,4,0.7384039,147.605
2012,10,21,5,0.4815097,109.1115
2012,10,21,6,0.6381669,133.3879
2012,10,21,7,0.7607668,149.1667
2012,10,22,0,0.8605491,160.517
2012,10,22,1,1.5349,219.1661
2012,10,22,2,1.840795,235.1423
2012,10,22,3,2.145244,244.9373
2012,10,22,4,2.234496,247.5572
2012,10,22,5,4.23555,275.1934
2012,10,22,6,5.569718,279.4202
2012,10,22,7,5.367772,278.1039
2012,10,23,0,5.425527,278.5106
2012,10,23,1,4.257565,272.0513
2012,10,23,2,3.948211,268.1101
2012,10,23,3,2.856327,256.9907
2012,10,23,4,2.461236,249.4768
2012,10,23,5,1.742255,227.518
2012,10,23,6,1.199638,194.7284
2012,10,23,7,1.227933,198.3549
2012,10,24,0,1.127486,189.4372
2012,10,24,1,1.437339,209.184
2012,10,24,2,1.582001,218.4016
2012,10,24,3,1.738152,225.9494
2012,10,24,4,2.018325,238.1747
2012,10,24,5,2.209838,244.2381
2012,10,24,6,2.373481,247.7725
2012,10,24,7,2.111245,239.0198
2012,10,25,0,1.787131,226.104
2012,10,25,1,1.834695,230.0717
2012,10,25,2,1.612561,220.7855
2012,10,25,3,1.699351,225.5704
2012,10,25,4,1.883902,233.7483
2012,10,25,5,1.362892,205.8031
2012,10,25,6,0.9653787,171.8994
2012,10,25,7,1.059463,180.8175
2012,10,26,0,1.414108,208.481
2012,10,26,1,1.541716,217.1649
2012,10,26,2,1.748953,228.7139
2012,10,26,3,2.088608,241.9652
2012,10,26,4,2.34987,249.254
2012,10,26,5,2.46054,251.7401
2012,10,26,6,2.662785,255.5026
2012,10,26,7,2.417434,249.9817
2012,10,27,0,2.456395,250.8943
2012,10,27,1,2.26249,246.8379
2012,10,27,2,2.09492,242.8766
2012,10,27,3,2.172718,245.0545
2012,10,27,4,2.243311,246.5934
2012,10,27,5,1.716462,226.1144
2012,10,27,6,2.244257,244.7431
2012,10,27,7,3.277255,263.5465
2012,10,28,0,3.383921,264.9426
2012,10,28,1,3.771154,268.6137
2012,10,28,2,3.685149,268.1081
2012,10,28,3,3.298745,265.8572
2012,10,28,4,3.733627,269.5271
2012,10,28,5,4.027481,271.082
2012,10,28,6,2.663788,255.9362
2012,10,28,7,2.845351,258.8649
2012,10,29,0,2.693517,255.5108
2012,10,29,1,1.843055,230.8266
2012,10,29,2,1.55078,216.7951
2012,10,29,3,0.9357793,168.098
2012,10,29,4,0.8240817,154.3756
2012,10,29,5,1.533662,215.3654
2012,10,29,6,2.013264,237.5714
2012,10,29,7,1.668173,220.9088
2012,10,30,0,1.803323,225.5872
2012,10,30,1,1.795857,225.3965
2012,10,30,2,2.019353,236.4871
2012,10,30,3,2.400024,248.8569
2012,10,30,4,2.534894,252.4185
2012,10,30,5,2.558695,251.9034
2012,10,30,6,2.092036,238.6824
2012,10,30,7,2.174253,240.5135
2012,10,31,0,1.915518,231.0629
2012,10,31,1,1.391502,204.8422
2012,10,31,2,1.53968,213.5324
2012,10,31,3,1.635497,218.8948
2012,10,31,4,1.684019,221.456
2012,10,31,5,1.605078,217.5948
2012,10,31,6,1.866662,230.2142
2012,10,31,7,2.072836,237.8216
2013,10,1,0,5.201094,281.3581
2013,10,1,1,5.387676,282.2362
2013,10,1,2,5.71802,284.1507
2013,10,1,3,5.947765,284.1853
2013,10,1,4,5.839269,284.5686
2013,10,1,5,6.107431,285.2477
2013,10,1,6,6.055437,285.0693
2013,10,1,7,5.820454,284.7227
2013,10,2,0,5.768686,284.0897
2013,10,2,1,5.707043,285.4344
2013,10,2,2,5.68003,285.9652
2013,10,2,3,5.659627,284.3033
2013,10,2,4,4.808676,282.3398
2013,10,2,5,4.519521,281.4495
2013,10,2,6,4.294243,278.1494
2013,10,2,7,4.74177,278.2337
2013,10,3,0,5.09371,278.8007
2013,10,3,1,4.255752,277.5765
2013,10,3,2,4.403707,278.3863
2013,10,3,3,4.301744,277.2131
2013,10,3,4,4.266348,277.4983
2013,10,3,5,4.217266,277.6147
2013,10,3,6,3.789425,275.0058
2013,10,3,7,3.642536,273.04
2013,10,4,0,3.458414,271.0933
2013,10,4,1,3.595325,272.6933
2013,10,4,2,3.370725,271.7153
2013,10,4,3,3.446929,272.54
2013,10,4,4,3.291602,271.6022
2013,10,4,5,3.838126,276.1841
2013,10,4,6,4.416938,279.1848
2013,10,4,7,5.487656,281.814
2013,10,5,0,5.999515,282.7089
2013,10,5,1,6.551235,282.4428
2013,10,5,2,6.606893,283.1153
2013,10,5,3,5.340565,283.8026
2013,10,5,4,4.796736,282.982
2013,10,5,5,4.676315,282.4905
2013,10,5,6,4.37775,281.5536
2013,10,5,7,4.087614,280.4209
2013,10,6,0,4.464007,281.2308
2013,10,6,1,4.227415,281.9125
2013,10,6,2,3.891828,281.2326
2013,10,6,3,4.147173,281.5267
2013,10,6,4,4.411494,281.7493
2013,10,6,5,4.05956,279.6445
2013,10,6,6,2.771866,266.6962
2013,10,6,7,2.200599,252.7212
2013,10,7,0,2.400922,257.9955
2013,10,7,1,2.659992,265.0009
2013,10,7,2,3.192608,274.3597
2013,10,7,3,3.954639,280.2674
2013,10,7,4,4.328022,281.4068
2013,10,7,5,4.262963,280.6101
2013,10,7,6,3.569043,275.5092
2013,10,7,7,2.653554,261.5698
2013,10,8,0,2.388497,255.7728
2013,10,8,1,2.793951,265.2677
2013,10,8,2,3.466678,274.7878
2013,10,8,3,4.118162,279.4861
2013,10,8,4,4.336038,279.7178
2013,10,8,5,5.026148,281.5015
2013,10,8,6,5.654899,282.1558
2013,10,8,7,7.789802,284.5605
2013,10,9,0,5.690797,283.6365
2013,10,9,1,6.501273,285.9261
2013,10,9,2,7.209192,287.3018
2013,10,9,3,5.712947,284.1658
2013,10,9,4,4.950505,282.9643
2013,10,9,5,4.910284,282.8862
2013,10,9,6,4.849453,282.1919
2013,10,9,7,4.818692,281.954
2013,10,10,0,4.822015,281.9254
2013,10,10,1,4.849803,283.9464
2013,10,10,2,5.005263,284.5896
2013,10,10,3,5.070004,284.1806
2013,10,10,4,4.710069,282.3017
2013,10,10,5,4.586981,282.2344
2013,10,10,6,5.68539,284.0963
2013,10,10,7,5.976213,283.9148
2013,10,11,0,4.959413,282.0155
2013,10,11,1,3.73278,277.7005
2013,10,11,2,3.26038,273.5658
2013,10,11,3,4.555568,281.2552
2013,10,11,4,4.381903,281.4261
2013,10,11,5,4.619047,281.4461
2013,10,11,6,2.830305,266.0869
2013,10,11,7,1.890621,239.6192
2013,10,12,0,2.995139,266.7526
2013,10,12,1,2.541197,258.7288
2013,10,12,2,2.093656,244.1072
2013,10,12,3,1.97803,238.0902
2013,10,12,4,1.567695,223.6992
2013,10,12,5,1.437811,216.3768
2013,10,12,6,1.265586,203.0873
2013,10,12,7,1.566387,223.6295
2013,10,13,0,1.892375,239.4006
2013,10,13,1,2.097923,243.7644
2013,10,13,2,1.893572,236.7234
2013,10,13,3,1.785946,231.551
2013,10,13,4,1.949453,239.0292
2013,10,13,5,2.290286,251.1626
2013,10,13,6,2.924887,264.3745
2013,10,13,7,3.240042,267.794
2013,10,14,0,3.324286,268.4868
2013,10,14,1,3.030509,266.9444
2013,10,14,2,2.604159,261.2533
2013,10,14,3,2.57499,260.4158
2013,10,14,4,2.65249,261.756
2013,10,14,5,2.261452,252.7432
2013,10,14,6,1.693823,230.1165
2013,10,14,7,1.909922,239.7683
2013,10,15,0,3.571841,273.4502
2013,10,15,1,5.397532,280.0888
2013,10,15,2,5.511932,279.2067
2013,10,15,3,6.227841,280.1183
2013,10,15,4,7.289996,280.9717
2013,10,15,5,7.567035,280.2314
2013,10,15,6,6.294783,279.0649
2013,10,15,7,6.865361,283.8372
2013,10,16,0,5.981142,278.2004
2013,10,16,1,3.959945,271.0973
2013,10,16,2,2.652229,255.0794
2013,10,16,3,1.91028,233.1571
2013,10,16,4,2.01097,236.6123
2013,10,16,5,1.683147,222.5894
2013,10,16,6,1.207435,192.6535
2013,10,16,7,0.9630342,170.437
2013,10,17,0,1.139703,186.49
2013,10,17,1,1.500638,213.175
2013,10,17,2,1.601373,220.115
2013,10,17,3,1.929389,234.8172
2013,10,17,4,2.372352,247.987
2013,10,17,5,2.71113,255.5322
2013,10,17,6,2.471624,250.0183
2013,10,17,7,2.084268,238.3161
2013,10,18,0,2.076403,237.8575
2013,10,18,1,2.224643,243.6455
2013,10,18,2,2.489178,250.9906
2013,10,18,3,3.059137,260.8011
2013,10,18,4,3.303159,263.8591
2013,10,18,5,2.793266,256.5146
2013,10,18,6,2.747728,255.3169
2013,10,18,7,2.598476,251.889
2013,10,19,0,2.547613,251.786
2013,10,19,1,2.664746,256.3679
2013,10,19,2,2.788442,259.5168
2013,10,19,3,2.900159,260.8551
2013,10,19,4,2.999922,262.0126
2013,10,19,5,3.557576,268.4551
2013,10,19,6,4.130546,272.1533
2013,10,19,7,4.926255,276.0544
2013,10,20,0,4.776658,276.4244
2013,10,20,1,5.148008,277.136
2013,10,20,2,4.979668,277.1546
2013,10,20,3,5.208435,276.6337
2013,10,20,4,4.992555,277.4134
2013,10,20,5,4.469507,275.9838
2013,10,20,6,3.41871,270.4821
2013,10,20,7,2.92541,264.2573
2013,10,21,0,2.469545,256.3789
2013,10,21,1,2.68246,262.082
2013,10,21,2,2.753807,264.1997
2013,10,21,3,3.098554,269.1234
2013,10,21,4,3.751193,274.7203
2013,10,21,5,3.764947,274.6098
2013,10,21,6,3.710585,273.9745
2013,10,21,7,3.793653,274.0094
2013,10,22,0,3.743687,272.8037
2013,10,22,1,3.449153,270.8177
2013,10,22,2,3.59003,272.4961
2013,10,22,3,3.901212,273.5767
2013,10,22,4,4.534032,276.108
2013,10,22,5,4.175703,274.7868
2013,10,22,6,4.11454,274.6314
2013,10,22,7,4.093093,274.2272
2013,10,23,0,3.87378,272.7524
2013,10,23,1,4.071157,274.2118
2013,10,23,2,4.63689,277.0431
2013,10,23,3,5.260979,278.1054
2013,10,23,4,4.998402,278.0948
2013,10,23,5,4.92992,277.9564
2013,10,23,6,5.05636,277.9181
2013,10,23,7,5.163361,277.8002
2013,10,24,0,4.704213,276.8688
2013,10,24,1,4.963099,277.1576
2013,10,24,2,5.008731,277.9625
2013,10,24,3,4.722712,278.5744
2013,10,24,4,5.387505,279.9487
2013,10,24,5,5.384574,280.2671
2013,10,24,6,5.173091,280.6912
2013,10,24,7,5.211382,280.9755
2013,10,25,0,5.33764,280.9506
2013,10,25,1,5.614878,281.8143
2013,10,25,2,6.085682,282.8075
2013,10,25,3,6.868526,281.5425
2013,10,25,4,5.996985,277.6035
2013,10,25,5,5.361158,282.9742
2013,10,25,6,5.390195,282.8597
2013,10,25,7,5.461916,275.2962
2013,10,26,0,4.896578,276.5101
2013,10,26,1,3.816675,272.305
2013,10,26,2,1.860074,238.0205
2013,10,26,3,2.30213,251.6223
2013,10,26,4,2.251418,244.0722
2013,10,26,5,2.429079,247.9391
2013,10,26,6,2.126324,239.0377
2013,10,26,7,1.934005,232.0002
2013,10,27,0,1.654092,219.934
2013,10,27,1,1.554901,215.8249
2013,10,27,2,1.578069,217.6006
2013,10,27,3,1.485673,211.7982
2013,10,27,4,1.054788,180.219
2013,10,27,5,1.492351,213.4741
2013,10,27,6,1.836274,230.7875
2013,10,27,7,1.713023,224.5966
2013,10,28,0,1.485528,212.4677
2013,10,28,1,1.850625,231.8785
2013,10,28,2,1.948057,236.8234
2013,10,28,3,2.051776,240.7092
2013,10,28,4,2.07648,240.8809
2013,10,28,5,1.700646,224.2628
2013,10,28,6,2.123803,241.2735
2013,10,28,7,2.53759,253.322
2013,10,29,0,3.570756,266.6522
2013,10,29,1,3.649931,266.4028
2013,10,29,2,3.704735,268.089
2013,10,29,3,3.735709,269.0955
2013,10,29,4,3.800253,270.3872
2013,10,29,5,3.992589,272.1891
2013,10,29,6,3.46374,267.7476
2013,10,29,7,2.508222,252.8134
2013,10,30,0,1.343062,203.7744
2013,10,30,1,2.274795,247.4779
2013,10,30,2,2.398204,250.4134
2013,10,30,3,2.440372,251.1356
2013,10,30,4,2.621805,254.8729
2013,10,30,5,1.40094,207.2401
2013,10,30,6,1.638293,221.6171
2013,10,30,7,1.998293,237.7234
2013,10,31,0,2.354905,247.6317
2013,10,31,1,2.193507,243.5311
2013,10,31,2,1.946192,235.7224
2013,10,31,3,1.894243,234.7186
2013,10,31,4,2.17379,244.2022
2013,10,31,5,1.778663,229.3443
2013,10,31,6,1.647259,222.5016
2013,10,31,7,1.687126,224.3439
2014,10,1,0,4.038461,277.3713
2014,10,1,1,3.692344,276.7838
2014,10,1,2,3.613348,276.6333
2014,10,1,3,3.818333,277.2129
2014,10,1,4,4.064575,278.0382
2014,10,1,5,3.552592,274.1907
2014,10,1,6,3.218921,270.4799
2014,10,1,7,3.040931,268.6882
2014,10,2,0,3.659908,274.6973
2014,10,2,1,4.070702,278.5779
2014,10,2,2,4.933759,282.0248
2014,10,2,3,5.178754,281.2881
2014,10,2,4,3.496981,272.9548
2014,10,2,5,3.977987,276.7772
2014,10,2,6,4.612556,280.3751
2014,10,2,7,4.714065,280.5945
2014,10,3,0,4.425665,279.7718
2014,10,3,1,4.760707,281.6572
2014,10,3,2,5.313241,283.9019
2014,10,3,3,5.827157,284.5702
2014,10,3,4,4.4761,281.0395
2014,10,3,5,4.037672,278.2753
2014,10,3,6,3.581712,275.0744
2014,10,3,7,3.370041,272.7297
2014,10,4,0,2.785421,264.7817
2014,10,4,1,2.655627,263.6053
2014,10,4,2,2.963702,269.1169
2014,10,4,3,3.598277,274.6429
2014,10,4,4,3.96557,275.9697
2014,10,4,5,3.499008,273.481
2014,10,4,6,4.038082,277.1019
2014,10,4,7,5.766206,281.5127
2014,10,5,0,6.025627,281.6024
2014,10,5,1,5.90618,282.061
2014,10,5,2,6.574893,283.338
2014,10,5,3,6.793157,282.9927
2014,10,5,4,6.848898,282.79
2014,10,5,5,6.927037,283.0671
2014,10,5,6,8.659841,283.6875
2014,10,5,7,7.851107,283.0455
2014,10,6,0,8.613261,284.927
2014,10,6,1,5.719946,288.573
2014,10,6,2,3.976664,282.9381
2014,10,6,3,3.735807,272.3536
2014,10,6,4,2.795047,260.9637
2014,10,6,5,2.508641,254.3424
2014,10,6,6,2.652553,255.9251
2014,10,6,7,2.341528,248.8699
2014,10,7,0,2.138537,244.6341
2014,10,7,1,2.038027,245.4073
2014,10,7,2,2.140187,246.0443
2014,10,7,3,2.372962,252.5554
2014,10,7,4,2.961567,263.3249
2014,10,7,5,3.205577,266.0048
2014,10,7,6,2.712701,257.9729
2014,10,7,7,2.617338,255.4978
2014,10,8,0,2.794326,258.9147
2014,10,8,1,2.414348,252.8308
2014,10,8,2,2.367088,252.5662
2014,10,8,3,2.422891,253.7759
2014,10,8,4,2.194049,247.2303
2014,10,8,5,2.34745,250.8212
2014,10,8,6,2.777667,260.1486
2014,10,8,7,2.885374,262.0806
2014,10,9,0,3.025255,264.3593
2014,10,9,1,3.093889,266.1525
2014,10,9,2,3.735375,272.2471
2014,10,9,3,4.20035,274.7628
2014,10,9,4,3.466295,270.7464
2014,10,9,5,3.184031,268.3039
2014,10,9,6,2.938134,265.0982
2014,10,9,7,2.945678,264.9559
2014,10,10,0,2.870966,263.5538
2014,10,10,1,2.678534,261.1204
2014,10,10,2,2.695258,262.2004
2014,10,10,3,1.731334,231.6441
2014,10,10,4,0.983248,176.7112
2014,10,10,5,0.7766138,152.6777
2014,10,10,6,0.8519091,161.6116
2014,10,10,7,1.001318,177.826
2014,10,11,0,0.9983819,178.043
2014,10,11,1,1.548133,220.401
2014,10,11,2,1.830952,235.1469
2014,10,11,3,1.609059,224.6753
2014,10,11,4,1.417854,213.3138
2014,10,11,5,1.185814,196.7756
2014,10,11,6,1.182934,196.6681
2014,10,11,7,1.2098,198.8059
2014,10,12,0,1.07411,186.0645
2014,10,12,1,1.403793,211.7388
2014,10,12,2,2.29761,251.3528
2014,10,12,3,2.694687,260.912
2014,10,12,4,2.052874,244.1338
2014,10,12,5,1.889596,235.4631
2014,10,12,6,2.676676,257.9761
2014,10,12,7,3.396014,269.9385
2014,10,13,0,3.564871,271.757
2014,10,13,1,5.939239,279.3679
2014,10,13,2,5.759278,279.1223
2014,10,13,3,6.55211,280.4847
2014,10,13,4,7.939393,284.2516
2014,10,13,5,8.518697,286.6638
2014,10,13,6,7.751448,284.2763
2014,10,13,7,3.794474,277.445
2014,10,14,0,3.336761,271.2557
2014,10,14,1,2.918418,266.7839
2014,10,14,2,2.919024,266.2731
2014,10,14,3,3.205904,269.6881
2014,10,14,4,1.907263,233.811
2014,10,14,5,1.666769,222.9688
2014,10,14,6,2.054898,239.3556
2014,10,14,7,2.336917,248.5236
2014,10,15,0,2.468823,251.9571
2014,10,15,1,3.270963,264.3208
2014,10,15,2,3.233658,264.0248
2014,10,15,3,3.265187,264.0693
2014,10,15,4,3.058549,261.6406
2014,10,15,5,3.268651,264.534
2014,10,15,6,2.520187,252.7453
2014,10,15,7,1.96282,236.211
2014,10,16,0,1.995135,236.9349
2014,10,16,1,1.807263,230.1881
2014,10,16,2,1.753913,228.0168
2014,10,16,3,2.003804,236.7852
2014,10,16,4,2.45162,248.2489
2014,10,16,5,1.946394,233.5461
2014,10,16,6,2.243358,244.8649
2014,10,16,7,2.29043,245.8136
2014,10,17,0,2.227489,243.8151
2014,10,17,1,1.630855,220.8993
2014,10,17,2,1.560858,217.4861
2014,10,17,3,1.356867,204.405
2014,10,17,4,1.103659,184.691
2014,10,17,5,1.553759,217.1718
2014,10,17,6,2.015824,238.0875
2014,10,17,7,2.243951,244.6746
2014,10,18,0,2.220411,243.6575
2014,10,18,1,2.006932,237.6043
2014,10,18,2,2.100915,241.0094
2014,10,18,3,1.990875,237.3374
2014,10,18,4,1.764423,227.8942
2014,10,18,5,1.586972,219.0414
2014,10,18,6,1.339401,204.0338
2014,10,18,7,1.16026,190.5121
2014,10,19,0,1.277602,199.8932
2014,10,19,1,1.40632,209.98
2014,10,19,2,1.539797,219.1379
2014,10,19,3,1.676287,226.4526
2014,10,19,4,1.508824,216.8286
2014,10,19,5,1.095124,185.3052
2014,10,19,6,2.047436,241.2063
2014,10,19,7,2.952783,262.2409
2014,10,20,0,3.439872,267.9905
2014,10,20,1,4.273792,273.6503
2014,10,20,2,4.803465,275.6615
2014,10,20,3,4.49061,274.6149
2014,10,20,4,4.801658,276.3371
2014,10,20,5,5.274575,278.4096
2014,10,20,6,5.767415,279.8338
2014,10,20,7,5.181305,278.5962
2014,10,21,0,5.026691,277.8368
2014,10,21,1,5.010903,277.3692
2014,10,21,2,5.013826,278.5386
2014,10,21,3,5.165847,278.8839
2014,10,21,4,5.150949,278.7702
2014,10,21,5,5.305862,278.4201
2014,10,21,6,5.206893,277.912
2014,10,21,7,6.464235,279.771
2014,10,22,0,5.920731,279.4936
2014,10,22,1,5.700119,278.0152
2014,10,22,2,5.136856,276.3811
2014,10,22,3,5.015882,274.6114
2014,10,22,4,4.041434,270.4304
2014,10,22,5,3.413774,265.4339
2014,10,22,6,3.517438,265.1278
2014,10,22,7,3.194942,260.4025
2014,10,23,0,3.066702,259.0233
2014,10,23,1,2.910931,257.8744
2014,10,23,2,2.567996,253.9013
2014,10,23,3,2.437142,251.2451
2014,10,23,4,2.227346,246.395
2014,10,23,5,2.730132,258.6592
2014,10,23,6,3.022717,262.3169
2014,10,23,7,3.41353,265.8107
2014,10,24,0,2.14328,242.7228
2014,10,24,1,2.247952,247.0364
2014,10,24,2,2.332479,249.9891
2014,10,24,3,2.311139,249.6944
2014,10,24,4,1.964781,238.4929
2014,10,24,5,1.173264,192.0224
2014,10,24,6,0.7438326,146.6365
2014,10,24,7,0.7064949,141.5479
2014,10,25,0,0.650922,133.7486
2014,10,25,1,1.184989,193.2597
2014,10,25,2,1.555101,219.8793
2014,10,25,3,1.834572,233.6409
2014,10,25,4,1.231376,196.8765
2014,10,25,5,1.467959,214.7441
2014,10,25,6,2.977027,264.8545
2014,10,25,7,3.664349,271.9768
2014,10,26,0,4.031441,274.3566
2014,10,26,1,4.113633,275.691
2014,10,26,2,4.366974,277.3012
2014,10,26,3,4.285352,276.4302
2014,10,26,4,3.793969,273.4668
2014,10,26,5,3.096212,265.9137
2014,10,26,6,3.377828,267.2852
2014,10,26,7,4.121186,271.6867
2014,10,27,0,3.448202,268.8871
2014,10,27,1,2.89023,261.9522
2014,10,27,2,3.01791,262.9567
2014,10,27,3,2.64093,254.4446
2014,10,27,4,1.140615,186.6897
2014,10,27,5,0.9707294,170.3499
2014,10,27,6,0.8485929,156.841
2014,10,27,7,0.9324411,165.7996
2014,10,28,0,1.092849,185.3881
2014,10,28,1,1.332433,201.2467
2014,10,28,2,1.345974,202.3903
2014,10,28,3,0.9509484,168.8426
2014,10,28,4,0.7512642,146.0743
2014,10,28,5,0.713417,141.0795
2014,10,28,6,0.6567519,133.6494
2014,10,28,7,0.6046644,126.8556
2014,10,29,0,0.5404126,117.7147
2014,10,29,1,0.8379761,158.5728
2014,10,29,2,0.9742646,174.2192
2014,10,29,3,0.9227256,168.7888
2014,10,29,4,0.7068901,142.9995
2014,10,29,5,0.6236671,130.9331
2014,10,29,6,1.02185,178.0489
2014,10,29,7,1.185873,192.1265
2014,10,30,0,1.073691,182.3101
2014,10,30,1,2.145398,244.2315
2014,10,30,2,2.623078,257.0363
2014,10,30,3,2.791059,259.8379
2014,10,30,4,3.085454,264.0939
2014,10,30,5,3.212798,265.207
2014,10,30,6,3.899788,270.782
2014,10,30,7,4.370779,273.4371
2014,10,31,0,4.479177,273.1804
2014,10,31,1,4.306073,272.0639
2014,10,31,2,4.668236,273.3794
2014,10,31,3,4.061228,271.0162
2014,10,31,4,3.798397,268.9398
2014,10,31,5,3.067101,262.5731
2014,10,31,6,2.863478,259.5686
2014,10,31,7,3.431346,265.8643
2015,10,1,0,4.073859,276.9311
2015,10,1,1,6.127107,282.6605
2015,10,1,2,7.074307,283.7232
2015,10,1,3,7.203222,284.7271
2015,10,1,4,6.401023,284.2973
2015,10,1,5,8.243895,286.9138
2015,10,1,6,10.03631,288.2542
2015,10,1,7,4.925946,280.5034
2015,10,2,0,4.504991,278.7554
2015,10,2,1,2.978092,267.2453
2015,10,2,2,2.541397,259.899
2015,10,2,3,2.338469,254.4851
2015,10,2,4,1.249632,201.6238
2015,10,2,5,0.4623963,107.0146
2015,10,2,6,0.6605812,137.5435
2015,10,2,7,0.7771083,151.5117
2015,10,3,0,0.9277622,167.6793
2015,10,3,1,1.96441,240.1621
2015,10,3,2,2.408796,254.6596
2015,10,3,3,1.991352,240.6478
2015,10,3,4,0.9828661,174.1173
2015,10,3,5,1.486832,215.1018
2015,10,3,6,2.369364,253.0326
2015,10,3,7,2.59746,258.0187
2015,10,4,0,3.206538,267.0237
2015,10,4,1,2.99128,265.3367
2015,10,4,2,2.730891,261.5836
2015,10,4,3,2.561765,257.6125
2015,10,4,4,3.209802,267.1003
2015,10,4,5,3.554817,270.7226
2015,10,4,6,3.569144,270.5405
2015,10,4,7,3.806487,271.7609
2015,10,5,0,3.888876,271.5384
2015,10,5,1,3.428601,268.8481
2015,10,5,2,3.470957,269.2308
2015,10,5,3,3.327694,267.3972
2015,10,5,4,3.178423,265.571
2015,10,5,5,3.232836,265.9403
2015,10,5,6,4.102499,271.8534
2015,10,5,7,3.501614,267.4363
2015,10,6,0,2.942058,261.5155
2015,10,6,1,2.969365,262.7584
2015,10,6,2,3.642707,268.8762
2015,10,6,3,3.723345,268.5484
2015,10,6,4,3.358618,265.4369
2015,10,6,5,2.604864,254.5422
2015,10,6,6,2.131276,242.2904
2015,10,6,7,1.533731,215.9798
2015,10,7,0,1.260881,197.7164
2015,10,7,1,1.616658,221.3431
2015,10,7,2,1.735167,227.7557
2015,10,7,3,1.73315,226.8541
2015,10,7,4,2.65944,255.2453
2015,10,7,5,2.914962,259.9533
2015,10,7,6,1.869221,232.6597
2015,10,7,7,1.975983,237.0875
2015,10,8,0,2.228863,245.8309
2015,10,8,1,2.120011,243.3864
2015,10,8,2,2.332768,249.7673
2015,10,8,3,2.317377,252.4683
2015,10,8,4,2.972489,261.0537
2015,10,8,5,3.348393,265.5823
2015,10,8,6,3.141295,263.5664
2015,10,8,7,3.289575,265.3876
2015,10,9,0,2.883528,261.0251
2015,10,9,1,2.871765,262.7531
2015,10,9,2,2.684972,259.431
2015,10,9,3,2.570937,255.8121
2015,10,9,4,1.894335,235.0667
2015,10,9,5,2.62602,256.4248
2015,10,9,6,2.812612,260.2954
2015,10,9,7,2.452633,253.6455
2015,10,10,0,2.008815,240.6623
2015,10,10,1,2.207893,247.0228
2015,10,10,2,2.741145,258.9917
2015,10,10,3,2.307454,248.4347
2015,10,10,4,2.710886,258.4079
2015,10,10,5,4.251531,273.6256
2015,10,10,6,4.644043,274.4552
2015,10,10,7,4.967274,276.0838
2015,10,11,0,5.043305,276.4892
2015,10,11,1,4.118372,271.4177
2015,10,11,2,4.336096,273.3749
2015,10,11,3,3.123817,264.5834
2015,10,11,4,2.697259,256.9445
2015,10,11,5,1.692078,224.9883
2015,10,11,6,1.240293,196.8175
2015,10,11,7,1.074935,182.7951
2015,10,12,0,1.719406,226.3632
2015,10,12,1,2.264096,247.4491
2015,10,12,2,2.531793,253.9289
2015,10,12,3,2.355774,249.7167
2015,10,12,4,2.419959,251.9337
2015,10,12,5,2.760855,259.1503
2015,10,12,6,3.41152,267.3431
2015,10,12,7,2.104613,241.9818
2015,10,13,0,2.165041,249.8849
2015,10,13,1,2.135713,243.2092
2015,10,13,2,2.018435,239.697
2015,10,13,3,1.852709,236.0403
2015,10,13,4,1.58354,223.0696
2015,10,13,5,1.745073,231.8588
2015,10,13,6,1.858903,232.4819
2015,10,13,7,1.38664,207.244
2015,10,14,0,1.019528,177.287
2015,10,14,1,1.552611,218.3692
2015,10,14,2,1.529188,217.4919
2015,10,14,3,1.36154,206.7
2015,10,14,4,1.149975,190.8492
2015,10,14,5,1.09338,185.9409
2015,10,14,6,1.046022,181.3911
2015,10,14,7,0.970903,173.4954
2015,10,15,0,1.18505,193.3684
2015,10,15,1,1.51014,216.8321
2015,10,15,2,1.878228,235.3512
2015,10,15,3,2.118582,244.5455
2015,10,15,4,2.557429,256.254
2015,10,15,5,2.455745,253.2924
2015,10,15,6,1.910425,235.7281
2015,10,15,7,1.360184,205.7151
2015,10,16,0,1.603629,221.6116
2015,10,16,1,2.475511,254.1158
2015,10,16,2,2.72007,259.9126
2015,10,16,3,2.800143,261.2192
2015,10,16,4,2.890355,262.7735
2015,10,16,5,2.808329,261.6694
2015,10,16,6,2.630047,258.8737
2015,10,16,7,2.944822,264.0663
2015,10,17,0,3.467317,269.7942
2015,10,17,1,4.270308,274.4254
2015,10,17,2,4.062151,273.3987
2015,10,17,3,4.259125,273.8791
2015,10,17,4,3.877998,271.8686
2015,10,17,5,3.260476,267.3699
2015,10,17,6,3.225785,267.6293
2015,10,17,7,2.798291,261.3947
2015,10,18,0,2.550066,256.893
2015,10,18,1,2.512888,257.4132
2015,10,18,2,2.586373,259.9071
2015,10,18,3,2.707098,262.3413
2015,10,18,4,2.55667,258.9023
2015,10,18,5,1.853729,236.9305
2015,10,18,6,1.481045,216.428
2015,10,18,7,1.132803,189.405
2015,10,19,0,1.197125,195.3162
2015,10,19,1,1.7935,233.2695
2015,10,19,2,2.297368,252.4
2015,10,19,3,3.049058,267.1534
2015,10,19,4,3.405455,270.4634
2015,10,19,5,3.595913,271.2017
2015,10,19,6,2.755297,259.7357
2015,10,19,7,2.260828,248.4221
2015,10,20,0,2.228161,248.0389
2015,10,20,1,2.368265,253.4879
2015,10,20,2,2.408475,255.6699
2015,10,20,3,2.728662,261.932
2015,10,20,4,2.667608,260.59
2015,10,20,5,2.379056,253.9142
2015,10,20,6,2.516676,256.5068
2015,10,20,7,2.720437,260.5486
2015,10,21,0,2.540511,257.1215
2015,10,21,1,2.491527,256.6542
2015,10,21,2,2.672991,261.2454
2015,10,21,3,2.815419,263.3506
2015,10,21,4,2.673088,260.0749
2015,10,21,5,1.600782,223.0491
2015,10,21,6,1.823226,233.2835
2015,10,21,7,2.208501,248.0714
2015,10,22,0,2.155036,246.2965
2015,10,22,1,2.481446,256.0354
2015,10,22,2,2.64025,260.3959
2015,10,22,3,2.963468,265.572
2015,10,22,4,3.235687,268.457
2015,10,22,5,3.423156,269.6822
2015,10,22,6,3.572443,269.9607
2015,10,22,7,2.750002,259.4192
2015,10,23,0,2.509471,255.1417
2015,10,23,1,2.769589,261.8637
2015,10,23,2,2.873033,264.1451
2015,10,23,3,2.944693,264.693
2015,10,23,4,2.995354,264.4354
2015,10,23,5,2.579165,257.1226
2015,10,23,6,2.798063,261.5545
2015,10,23,7,2.299706,250.8218
2015,10,24,0,2.049038,242.5617
2015,10,24,1,2.372867,252.8189
2015,10,24,2,2.904598,262.7858
2015,10,24,3,3.249657,266.1274
2015,10,24,4,4.327818,273.7374
2015,10,24,5,2.828546,258.0625
2015,10,24,6,0.6636517,134.7213
2015,10,24,7,0.5036599,111.6469
2015,10,25,0,0.6460241,135.6855
2015,10,25,1,0.9035186,167.4178
2015,10,25,2,1.06245,180.0262
2015,10,25,3,0.7341109,143.738
2015,10,25,4,0.4559608,103.0765
2015,10,25,5,0.4323666,99.48459
2015,10,25,6,0.5171639,113.9505
2015,10,25,7,0.619511,129.7874
2015,10,26,0,0.6791697,138.1987
2015,10,26,1,1.33966,204.471
2015,10,26,2,1.745268,228.9679
2015,10,26,3,2.277871,248.1916
2015,10,26,4,1.762983,226.6387
2015,10,26,5,1.18157,187.573
2015,10,26,6,1.190246,189.6639
2015,10,26,7,1.069898,179.586
2015,10,27,0,0.7759256,149.0295
2015,10,27,1,1.494114,214.6257
2015,10,27,2,3.260819,266.9049
2015,10,27,3,3.125313,265.4962
2015,10,27,4,4.239147,273.7771
2015,10,27,5,4.098584,274.4881
2015,10,27,6,4.53298,276.8847
2015,10,27,7,3.353038,268.6863
2015,10,28,0,2.367293,250.8128
2015,10,28,1,2.353677,250.65
2015,10,28,2,2.285781,249.114
2015,10,28,3,2.173849,245.1329
2015,10,28,4,2.121466,242.4487
2015,10,28,5,2.490827,251.4246
2015,10,28,6,2.139849,241.7971
2015,10,28,7,1.839966,230.1876
2015,10,29,0,1.449425,209.314
2015,10,29,1,1.858979,231.3263
2015,10,29,2,2.295371,246.6334
2015,10,29,3,2.635899,253.9552
2015,10,29,4,2.529084,250.6214
2015,10,29,5,2.524785,249.9638
2015,10,29,6,2.18165,241.0801
2015,10,29,7,1.413611,205.642
2015,10,30,0,1.886509,230.1942
2015,10,30,1,2.114208,239.0359
2015,10,30,2,1.92952,232.854
2015,10,30,3,2.131513,239.7511
2015,10,30,4,1.918505,231.6592
2015,10,30,5,1.497792,210.7299
2015,10,30,6,1.257228,196.4821
2015,10,30,7,0.8431628,157.6551
2015,10,31,0,0.7664509,147.0112
2015,10,31,1,1.128116,184.5146
2015,10,31,2,1.403119,205.368
2015,10,31,3,1.402494,204.6561
2015,10,31,4,1.229719,192.4306
2015,10,31,5,0.6954954,138.8152
2015,10,31,6,0.4888859,109.0
2015,10,31,7,0.3992314,93.47499
2016,10,1,0,8.040896,285.4194
2016,10,1,1,7.783425,285.5148
2016,10,1,2,7.773256,286.1569
2016,10,1,3,7.630812,285.9438
2016,10,1,4,6.89944,285.3196
2016,10,1,5,6.826883,285.1898
2016,10,1,6,7.145272,285.257
2016,10,1,7,6.549205,284.5564
2016,10,2,0,6.342173,284.9164
2016,10,2,1,6.293819,286.213
2016,10,2,2,6.649854,287.1109
2016,10,2,3,7.157736,286.8638
2016,10,2,4,6.743389,286.4996
2016,10,2,5,6.704136,286.3321
2016,10,2,6,7.574144,286.7469
2016,10,2,7,7.684314,286.513
2016,10,3,0,6.684888,285.239
2016,10,3,1,7.085657,284.7621
2016,10,3,2,6.960767,284.5317
2016,10,3,3,6.757662,284.9974
2016,10,3,4,5.075385,283.9609
2016,10,3,5,4.244312,281.2748
2016,10,3,6,4.391441,281.53
2016,10,3,7,3.189018,273.6134
2016,10,4,0,1.791851,236.7575
2016,10,4,1,0.7336115,146.5182
2016,10,4,2,0.9342672,172.3845
2016,10,4,3,1.269242,205.4252
2016,10,4,4,1.121223,192.2431
2016,10,4,5,1.741476,230.9948
2016,10,4,6,2.436838,255.9815
2016,10,4,7,2.726853,262.9887
2016,10,5,0,3.158864,270.8749
2016,10,5,1,5.698969,283.2152
2016,10,5,2,5.167371,283.697
2016,10,5,3,6.423595,286.3189
2016,10,5,4,6.387655,286.4469
2016,10,5,5,6.262001,287.8457
2016,10,5,6,3.618412,283.4072
2016,10,5,7,2.61518,269.7817
2016,10,6,0,1.414166,215.1586
2016,10,6,1,2.51708,259.5731
2016,10,6,2,2.868972,266.1845
2016,10,6,3,2.730949,263.3422
2016,10,6,4,2.461711,256.886
2016,10,6,5,2.017053,242.5895
2016,10,6,6,1.36323,208.679
2016,10,6,7,1.317856,205.1725
2016,10,7,0,2.379508,254.0286
2016,10,7,1,2.845955,263.9543
2016,10,7,2,3.58534,274.078
2016,10,7,3,4.075224,276.6939
2016,10,7,4,4.473407,277.7609
2016,10,7,5,5.152167,280.8312
2016,10,7,6,5.155833,281.4388
2016,10,7,7,6.144121,283.709
2016,10,8,0,7.042923,284.661
2016,10,8,1,6.877011,284.6628
2016,10,8,2,7.296143,285.0046
2016,10,8,3,7.759841,286.6379
2016,10,8,4,8.012716,286.2377
2016,10,8,5,7.98703,285.4512
2016,10,8,6,7.556542,284.5238
2016,10,8,7,7.809018,285.2621
2016,10,9,0,9.162655,283.7806
2016,10,9,1,4.23722,276.1556
2016,10,9,2,2.371262,259.196
2016,10,9,3,1.786614,237.2025
2016,10,9,4,1.284295,203.6639
2016,10,9,5,2.47062,256.5395
2016,10,9,6,3.411234,270.6425
2016,10,9,7,3.369872,268.9896
2016,10,10,0,3.711072,270.8176
2016,10,10,1,3.435279,269.7959
2016,10,10,2,3.753297,272.99
2016,10,10,3,4.144211,273.1194
2016,10,10,4,4.990576,275.3846
2016,10,10,5,4.857688,275.1569
2016,10,10,6,4.470047,274.0332
2016,10,10,7,3.872519,271.2214
2016,10,11,0,3.117999,264.2976
2016,10,11,1,2.945571,262.6527
2016,10,11,2,3.169632,265.4941
2016,10,11,3,3.285373,266.2302
2016,10,11,4,2.882787,260.9445
2016,10,11,5,2.445418,252.2942
2016,10,11,6,1.638478,222.2417
2016,10,11,7,0.9121045,163.3559
2016,10,12,0,1.088859,183.3465
2016,10,12,1,1.773711,228.6126
2016,10,12,2,2.650914,256.3299
2016,10,12,3,3.13216,263.0073
2016,10,12,4,2.667896,255.9882
2016,10,12,5,2.945512,260.8696
2016,10,12,6,2.873789,259.5721
2016,10,12,7,3.380913,265.3463
2016,10,13,0,3.175607,262.7021
2016,10,13,1,2.80845,258.3729
2016,10,13,2,2.922254,259.5125
2016,10,13,3,2.852071,258.1144
2016,10,13,4,2.480901,251.0477
2016,10,13,5,1.999708,236.7163
2016,10,13,6,1.401835,206.241
2016,10,13,7,0.8575923,158.2337
2016,10,14,0,0.8887577,162.4063
2016,10,14,1,1.062342,181.1155
2016,10,14,2,1.248232,197.9501
2016,10,14,3,1.386204,208.2413
2016,10,14,4,1.445261,211.6762
2016,10,14,5,1.444,211.2911
2016,10,14,6,1.355602,205.209
2016,10,14,7,1.290747,200.235
2016,10,15,0,1.404108,208.2359
2016,10,15,1,1.500605,215.2735
2016,10,15,2,1.655786,224.6512
2016,10,15,3,1.784531,231.0887
2016,10,15,4,1.827372,232.8482
2016,10,15,5,1.591656,221.0416
2016,10,15,6,1.042721,180.5908
2016,10,15,7,0.8405133,158.7864
2016,10,16,0,0.7248618,144.1363
2016,10,16,1,1.337325,204.8074
2016,10,16,2,1.962519,239.0872
2016,10,16,3,2.903708,261.6191
2016,10,16,4,2.963007,261.7157
2016,10,16,5,3.912214,270.87
2016,10,16,6,4.788227,276.0084
2016,10,16,7,4.860454,276.7577
2016,10,17,0,4.505396,278.3075
2016,10,17,1,4.378662,278.438
2016,10,17,2,4.384387,278.5975
2016,10,17,3,3.391057,273.2074
2016,10,17,4,2.810219,266.4801
2016,10,17,5,2.776252,265.405
2016,10,17,6,2.983612,267.9811
2016,10,17,7,2.67174,262.0058
2016,10,18,0,2.863624,265.2567
2016,10,18,1,3.706937,274.0265
2016,10,18,2,3.880682,275.7169
2016,10,18,3,4.139995,276.8741
2016,10,18,4,4.144908,276.3229
2016,10,18,5,4.857644,278.797
2016,10,18,6,4.600838,278.1647
2016,10,18,7,4.512697,277.2239
2016,10,19,0,3.850136,273.8926
2016,10,19,1,3.644344,272.8346
2016,10,19,2,3.54281,272.2232
2016,10,19,3,3.736908,273.1309
2016,10,19,4,3.062423,266.0134
2016,10,19,5,3.545034,272.1831
2016,10,19,6,3.551589,272.2884
2016,10,19,7,2.805313,262.3256
2016,10,20,0,0.7790524,153.1971
2016,10,20,1,1.700769,228.9807
2016,10,20,2,1.823517,234.958
2016,10,20,3,1.431024,213.8134
2016,10,20,4,0.8254676,158.5259
2016,10,20,5,0.7569374,148.9401
2016,10,20,6,0.7558261,149.0912
2016,10,20,7,0.7600521,149.4896
2016,10,21,0,1.50203,216.8344
2016,10,21,1,2.458347,254.572
2016,10,21,2,2.740679,260.7098
2016,10,21,3,2.849456,262.4711
2016,10,21,4,2.943046,263.3929
2016,10,21,5,2.296023,249.5803
2016,10,21,6,1.37029,206.0163
2016,10,21,7,1.338058,202.7873
2016,10,22,0,1.421995,208.3331
2016,10,22,1,3.273908,266.5223
2016,10,22,2,3.840608,271.4482
2016,10,22,3,3.320268,267.709
2016,10,22,4,2.737874,260.008
2016,10,22,5,2.453509,254.1415
2016,10,22,6,2.262649,248.4616
2016,10,22,7,2.710261,258.7152
2016,10,23,0,3.425357,267.3298
2016,10,23,1,4.444584,272.9043
2016,10,23,2,3.809271,269.583
2016,10,23,3,3.399506,265.2196
2016,10,23,4,3.838266,270.1397
2016,10,23,5,4.128431,271.6716
2016,10,23,6,3.362593,264.7215
2016,10,23,7,1.970316,235.89
2016,10,24,0,1.278504,199.4507
2016,10,24,1,1.150585,189.3601
2016,10,24,2,1.173762,191.564
2016,10,24,3,1.160221,190.4119
2016,10,24,4,1.028442,178.2132
2016,10,24,5,1.095872,185.0094
2016,10,24,6,1.776105,228.9062
2016,10,24,7,0.7454753,146.3486
2016,10,25,0,4.429118,273.7525
2016,10,25,1,4.302165,272.4031
2016,10,25,2,4.2873,273.3109
2016,10,25,3,4.447249,275.0875
2016,10,25,4,4.697048,277.4561
2016,10,25,5,4.118136,276.0717
2016,10,25,6,3.962387,276.8195
2016,10,25,7,3.5305,273.4837
2016,10,26,0,1.873444,238.4582
2016,10,26,1,3.216049,270.4229
2016,10,26,2,3.502862,273.0814
2016,10,26,3,4.997167,278.6105
2016,10,26,4,5.278539,277.7317
2016,10,26,5,2.700755,258.11
2016,10,26,6,1.648715,223.2447
2016,10,26,7,1.675854,225.1231
2016,10,27,0,0.9167605,166.0821
2016,10,27,1,1.352955,204.5089
2016,10,27,2,1.156599,189.4897
2016,10,27,3,0.8191865,154.1633
2016,10,27,4,0.8285347,156.0534
2016,10,27,5,1.425223,210.342
2016,10,27,6,3.034133,263.1346
2016,10,27,7,3.263764,265.8656
2016,10,28,0,4.379734,272.6507
2016,10,28,1,4.99201,275.7625
2016,10,28,2,5.927111,278.8042
2016,10,28,3,5.990874,280.9531
2016,10,28,4,6.758033,283.9128
2016,10,28,5,5.758117,281.8651
2016,10,28,6,4.427312,276.9318
2016,10,28,7,3.960097,276.9424
2016,10,29,0,3.077909,268.8629
2016,10,29,1,3.090989,267.6127
2016,10,29,2,2.720541,258.8788
2016,10,29,3,2.728995,254.9807
2016,10,29,4,3.737618,267.3451
2016,10,29,5,3.591423,265.7296
2016,10,29,6,3.342109,262.9528
2016,10,29,7,3.249381,262.8811
2016,10,30,0,3.230994,262.9749
2016,10,30,1,2.60675,253.28
2016,10,30,2,1.922396,234.4261
2016,10,30,3,1.70783,225.0362
2016,10,30,4,1.477704,212.4974
2016,10,30,5,0.7937562,152.2222
2016,10,30,6,0.4855769,106.1997
2016,10,30,7,0.518263,110.0315
2016,10,31,0,0.6222808,125.0171
2016,10,31,1,1.791315,225.703
2016,10,31,2,2.165012,239.6076
2016,10,31,3,1.92333,229.9844
2016,10,31,4,1.791165,224.2455
2016,10,31,5,2.20965,240.298
2016,10,31,6,3.066056,258.5912
2016,10,31,7,3.561723,266.1705
2017,10,1,0,1.507308,218.5626
2017,10,1,1,2.216485,250.692
2017,10,1,2,2.56922,259.8166
2017,10,1,3,2.492651,257.3979
2017,10,1,4,1.932762,239.9394
2017,10,1,5,2.840471,264.2823
2017,10,1,6,3.342186,269.9233
2017,10,1,7,3.605269,270.8524
2017,10,2,0,3.706061,271.4193
2017,10,2,1,4.779328,276.8875
2017,10,2,2,4.953204,277.5888
2017,10,2,3,5.051282,278.5764
2017,10,2,4,5.491759,281.6181
2017,10,2,5,5.350987,282.5499
2017,10,2,6,5.76355,282.8583
2017,10,2,7,6.452546,284.4209
2017,10,3,0,7.513878,284.8057
2017,10,3,1,6.309409,283.0706
2017,10,3,2,4.534028,280.0554
2017,10,3,3,4.184848,277.0398
2017,10,3,4,3.594509,272.4178
2017,10,3,5,3.42602,269.3775
2017,10,3,6,3.479072,267.7797
2017,10,3,7,3.434534,265.6221
2017,10,4,0,3.154653,262.3005
2017,10,4,1,2.097017,242.5459
2017,10,4,2,1.984921,239.4734
2017,10,4,3,2.14022,243.8702
2017,10,4,4,2.529654,253.5041
2017,10,4,5,3.379623,267.0234
2017,10,4,6,3.316549,266.6627
2017,10,4,7,2.747989,258.5792
2017,10,5,0,2.409778,251.1182
2017,10,5,1,2.25039,248.154
2017,10,5,2,2.305217,251.1531
2017,10,5,3,2.804013,262.2494
2017,10,5,4,2.968497,264.9355
2017,10,5,5,2.441251,254.2217
2017,10,5,6,2.367479,250.9871
2017,10,5,7,2.552023,254.0999
2017,10,6,0,2.766243,257.8305
2017,10,6,1,3.552648,267.4473
2017,10,6,2,4.416459,275.9426
2017,10,6,3,4.907693,275.4619
2017,10,6,4,5.521603,278.484
2017,10,6,5,5.972764,279.8576
2017,10,6,6,6.414375,281.3568
2017,10,6,7,6.527483,281.1719
2017,10,7,0,5.831326,280.2988
2017,10,7,1,4.739607,280.3456
2017,10,7,2,5.503988,282.8586
2017,10,7,3,5.850914,283.1774
2017,10,7,4,5.680649,282.2399
2017,10,7,5,4.425702,279.4543
2017,10,7,6,3.677958,276.7153
2017,10,7,7,3.799511,276.8487
2017,10,8,0,3.769425,276.0855
2017,10,8,1,3.403241,274.6125
2017,10,8,2,3.443909,276.0188
2017,10,8,3,3.612657,277.2776
2017,10,8,4,3.796402,277.7228
2017,10,8,5,3.680123,276.5916
2017,10,8,6,3.575076,274.5617
2017,10,8,7,3.599662,274.1016
2017,10,9,0,3.756374,274.6235
2017,10,9,1,4.279114,278.208
2017,10,9,2,4.70122,280.7024
2017,10,9,3,4.898962,281.1265
2017,10,9,4,4.872279,280.468
2017,10,9,5,4.369081,278.6768
2017,10,9,6,4.796562,280.0823
2017,10,9,7,5.106221,280.5926
2017,10,10,0,4.570604,279.9971
2017,10,10,1,4.964284,281.6468
2017,10,10,2,5.288531,283.2532
2017,10,10,3,5.222846,283.0883
2017,10,10,4,4.722311,281.9774
2017,10,10,5,4.715088,281.7589
2017,10,10,6,4.300635,280.8099
2017,10,10,7,4.083694,279.4069
2017,10,11,0,3.61918,276.7196
2017,10,11,1,4.160722,280.2466
2017,10,11,2,4.433163,281.384
2017,10,11,3,4.421856,280.2327
2017,10,11,4,3.090817,270.319
2017,10,11,5,3.70849,275.9099
2017,10,11,6,4.780121,279.8504
2017,10,11,7,4.898528,280.2364
2017,10,12,0,5.027949,279.9514
2017,10,12,1,4.646857,279.5513
2017,10,12,2,4.495144,280.5053
2017,10,12,3,4.891255,280.6263
2017,10,12,4,4.620034,279.9544
2017,10,12,5,4.841194,280.682
2017,10,12,6,5.766024,281.51
2017,10,12,7,5.96094,279.9029
2017,10,13,0,5.859353,279.3677
2017,10,13,1,6.082653,279.9796
2017,10,13,2,5.928926,280.2604
2017,10,13,3,5.112089,279.1291
2017,10,13,4,4.687572,278.1199
2017,10,13,5,4.984919,278.9966
2017,10,13,6,5.452133,279.3005
2017,10,13,7,5.217529,278.7917
2017,10,14,0,4.615927,277.401
2017,10,14,1,5.039123,276.9647
2017,10,14,2,4.72201,276.3031
2017,10,14,3,3.889676,272.8944
2017,10,14,4,4.163761,273.9694
2017,10,14,5,4.027685,272.6757
2017,10,14,6,4.790432,275.5945
2017,10,14,7,4.999144,275.2197
2017,10,15,0,4.231094,271.4965
2017,10,15,1,4.789478,276.2226
2017,10,15,2,5.4263,278.2555
2017,10,15,3,4.944352,276.9919
2017,10,15,4,4.88697,274.5226
2017,10,15,5,5.057857,275.3557
2017,10,15,6,5.288916,276.4802
2017,10,15,7,5.267051,276.7777
2017,10,16,0,5.371154,277.2216
2017,10,16,1,5.682396,277.1413
2017,10,16,2,5.727089,277.1284
2017,10,16,3,5.672489,276.5094
2017,10,16,4,4.840567,274.7252
2017,10,16,5,4.585159,274.9677
2017,10,16,6,4.80317,274.1766
2017,10,16,7,3.80868,269.0935
2017,10,17,0,2.78528,257.6476
2017,10,17,1,2.476068,253.0656
2017,10,17,2,2.096059,243.9241
2017,10,17,3,2.124316,243.9778
2017,10,17,4,2.016392,239.4625
2017,10,17,5,1.654716,223.3144
2017,10,17,6,1.570751,218.5794
2017,10,17,7,1.304169,200.9251
2017,10,18,0,1.282605,199.1155
2017,10,18,1,2.115642,242.4388
2017,10,18,2,2.714958,258.1674
2017,10,18,3,3.937087,270.6198
2017,10,18,4,4.995828,274.4328
2017,10,18,5,4.821527,272.9293
2017,10,18,6,4.695694,272.2924
2017,10,18,7,4.487573,271.2053
2017,10,19,0,4.360592,271.8216
2017,10,19,1,4.760892,273.3888
2017,10,19,2,4.989836,274.0322
2017,10,19,3,4.39648,272.7832
2017,10,19,4,4.112271,272.2908
2017,10,19,5,4.512297,274.2773
2017,10,19,6,4.471937,274.4095
2017,10,19,7,4.293178,274.4513
2017,10,20,0,4.068168,274.1986
2017,10,20,1,4.476675,276.2615
2017,10,20,2,4.105387,276.3608
2017,10,20,3,4.215773,276.7725
2017,10,20,4,4.029851,275.9564
2017,10,20,5,4.167735,276.7327
2017,10,20,6,4.653139,278.5794
2017,10,20,7,5.171347,279.5843
2017,10,21,0,5.86504,280.4528
2017,10,21,1,5.781628,280.3139
2017,10,21,2,5.747052,280.0234
2017,10,21,3,5.7579,279.7869
2017,10,21,4,5.803491,280.3703
2017,10,21,5,6.023808,280.4507
2017,10,21,6,5.808549,279.5775
2017,10,21,7,5.745582,278.7705
2017,10,22,0,6.131026,279.3065
2017,10,22,1,6.777911,279.6231
2017,10,22,2,6.894353,282.437
2017,10,22,3,6.852329,290.8025
2017,10,22,4,6.735065,289.5737
2017,10,22,5,7.443405,289.5623
2017,10,22,6,7.283237,290.4847
2017,10,22,7,6.235124,276.2116
2017,10,23,0,3.034389,265.4927
2017,10,23,1,2.429311,249.9695
2017,10,23,2,2.098277,240.4243
2017,10,23,3,2.205315,247.3091
2017,10,23,4,1.413144,212.0996
2017,10,23,5,1.289604,198.4905
2017,10,23,6,1.489924,211.4567
2017,10,23,7,1.685248,221.8449
2017,10,24,0,2.275019,245.8888
2017,10,24,1,2.871186,259.3359
2017,10,24,2,2.930686,260.6342
2017,10,24,3,3.127258,262.6381
2017,10,24,4,3.066956,261.8645
2017,10,24,5,3.047441,262.0625
2017,10,24,6,3.433293,265.8879
2017,10,24,7,3.362486,264.8358
2017,10,25,0,3.680806,266.6127
2017,10,25,1,3.713546,265.9567
2017,10,25,2,3.41105,263.9858
2017,10,25,3,2.920508,259.1622
2017,10,25,4,2.328702,248.8427
2017,10,25,5,0.7825532,152.2588
2017,10,25,6,0.4612583,104.4411
2017,10,25,7,0.5273387,114.6786
2017,10,26,0,0.5143504,114.1921
2017,10,26,1,0.7413107,147.9065
2017,10,26,2,1.092419,186.8164
2017,10,26,3,1.412951,211.9353
2017,10,26,4,1.560818,220.4917
2017,10,26,5,1.154106,190.2985
2017,10,26,6,0.7558016,146.3823
2017,10,26,7,0.9876973,172.4837
2017,10,27,0,0.9914229,174.3272
2017,10,27,1,1.341935,205.2166
2017,10,27,2,1.721292,228.5333
2017,10,27,3,2.084289,243.9783
2017,10,27,4,2.150092,245.532
2017,10,27,5,1.733557,226.9008
2017,10,27,6,1.827918,228.1179
2017,10,27,7,2.328318,245.5704
2017,10,28,0,2.909311,258.4168
2017,10,28,1,3.825663,268.7332
2017,10,28,2,4.535469,273.1411
2017,10,28,3,4.665066,274.4952
2017,10,28,4,4.667004,276.9145
2017,10,28,5,5.513303,279.265
2017,10,28,6,5.651379,278.8438
2017,10,28,7,5.402446,279.892
2017,10,29,0,6.178601,279.361
2017,10,29,1,6.32528,279.8618
2017,10,29,2,6.186531,280.8233
2017,10,29,3,6.798373,282.3965
2017,10,29,4,3.986397,276.3028
2017,10,29,5,3.228111,267.0524
2017,10,29,6,2.427481,249.3695
2017,10,29,7,2.046031,236.5138
2017,10,30,0,1.336247,199.6793
2017,10,30,1,1.230237,191.649
2017,10,30,2,1.233786,191.9876
2017,10,30,3,1.108073,181.6963
2017,10,30,4,1.119257,185.8005
2017,10,30,5,1.054528,183.1244
2017,10,30,6,1.053688,184.3776
2017,10,30,7,1.269373,201.7877
2017,10,31,0,1.304132,203.3009
2017,10,31,1,1.43732,207.9835
2017,10,31,2,1.457774,210.301
2017,10,31,3,1.346302,203.6951
2017,10,31,4,1.033924,178.8818
2017,10,31,5,0.8325055,157.5016
2017,10,31,6,0.7470836,146.1265
2017,10,31,7,0.6230839,127.377
2018,10,1,0,4.156034,285.6989
2018,10,1,1,3.220625,277.2568
2018,10,1,2,2.742739,268.2753
2018,10,1,3,2.791404,267.3585
2018,10,1,4,3.278614,273.8723
2018,10,1,5,2.645047,261.1152
2018,10,1,6,2.363479,253.0191
2018,10,1,7,2.740553,262.6846
2018,10,2,0,2.611064,261.2728
2018,10,2,1,2.694911,259.3303
2018,10,2,2,2.926608,263.9803
2018,10,2,3,3.156413,266.9063
2018,10,2,4,3.638554,271.1602
2018,10,2,5,3.675448,271.2691
2018,10,2,6,2.887846,262.3439
2018,10,2,7,2.17631,245.715
2018,10,3,0,2.063265,242.2789
2018,10,3,1,2.633902,259.3856
2018,10,3,2,3.225374,268.8739
2018,10,3,3,3.651753,273.0208
2018,10,3,4,3.407547,271.0451
2018,10,3,5,2.81209,262.8991
2018,10,3,6,2.766013,261.6241
2018,10,3,7,2.596743,257.6522
2018,10,4,0,2.689486,259.3559
2018,10,4,1,3.754864,273.5589
2018,10,4,2,5.102671,279.3027
2018,10,4,3,5.639604,281.5968
2018,10,4,4,5.768867,282.1815
2018,10,4,5,5.747668,282.9186
2018,10,4,6,5.776308,283.1225
2018,10,4,7,5.826995,283.059
2018,10,5,0,5.379472,282.5516
2018,10,5,1,5.132497,281.5399
2018,10,5,2,4.971796,281.9948
2018,10,5,3,5.660229,283.3635
2018,10,5,4,5.630162,283.8803
2018,10,5,5,4.87408,282.9204
2018,10,5,6,4.604438,282.3489
2018,10,5,7,4.005533,280.2704
2018,10,6,0,5.243126,284.5109
2018,10,6,1,5.664756,285.722
2018,10,6,2,5.501788,285.6082
2018,10,6,3,5.549988,285.5507
2018,10,6,4,5.420237,285.4192
2018,10,6,5,5.015778,283.7425
2018,10,6,6,5.233297,284.7329
2018,10,6,7,4.584947,281.7565
2018,10,7,0,4.010706,286.4072
2018,10,7,1,4.180009,280.0718
2018,10,7,2,4.03327,279.9211
2018,10,7,3,3.746981,277.7227
2018,10,7,4,3.129298,272.4551
2018,10,7,5,2.667709,265.0978
2018,10,7,6,2.611742,263.0022
2018,10,7,7,2.729702,264.3658
2018,10,8,0,3.020291,267.8065
2018,10,8,1,2.814248,265.8758
2018,10,8,2,2.895899,267.5697
2018,10,8,3,3.306374,272.2155
2018,10,8,4,3.609739,273.9535
2018,10,8,5,3.568622,272.6619
2018,10,8,6,3.204526,268.5966
2018,10,8,7,2.838425,262.9124
2018,10,9,0,2.871068,263.1367
2018,10,9,1,2.816584,263.8486
2018,10,9,2,3.16545,269.5965
2018,10,9,3,3.824059,275.3022
2018,10,9,4,4.214395,276.6345
2018,10,9,5,3.908355,274.5431
2018,10,9,6,3.04472,265.6709
2018,10,9,7,3.039277,265.3131
2018,10,10,0,3.565407,271.8006
2018,10,10,1,4.373165,277.8103
2018,10,10,2,5.356924,281.0707
2018,10,10,3,6.059961,281.6681
2018,10,10,4,5.972667,281.7023
2018,10,10,5,5.561248,281.2291
2018,10,10,6,5.722756,281.6077
2018,10,10,7,6.069399,281.8552
2018,10,11,0,5.680877,281.5482
2018,10,11,1,5.74555,281.6497
2018,10,11,2,5.899544,282.0316
2018,10,11,3,6.468834,281.8832
2018,10,11,4,5.799893,280.1374
2018,10,11,5,5.384648,279.1658
2018,10,11,6,5.05398,276.8388
2018,10,11,7,4.470179,273.9208
2018,10,12,0,3.376567,267.3929
2018,10,12,1,2.320379,249.6741
2018,10,12,2,2.153503,244.9135
2018,10,12,3,2.30478,249.5002
2018,10,12,4,3.141995,265.0502
2018,10,12,5,3.141952,265.0663
2018,10,12,6,2.867226,261.3862
2018,10,12,7,2.867399,261.6341
2018,10,13,0,3.396649,267.6186
2018,10,13,1,3.806446,270.4965
2018,10,13,2,3.529848,269.1296
2018,10,13,3,3.185159,266.3231
2018,10,13,4,3.251911,267.2252
2018,10,13,5,3.555359,269.3269
2018,10,13,6,3.932636,271.7267
2018,10,13,7,3.916341,270.7746
2018,10,14,0,3.906433,270.4361
2018,10,14,1,3.573563,268.781
2018,10,14,2,2.955753,262.5077
2018,10,14,3,2.976717,262.422
2018,10,14,4,2.957211,261.9074
2018,10,14,5,3.014228,262.2078
2018,10,14,6,2.883495,259.6294
2018,10,14,7,3.072248,260.6765
2018,10,15,0,3.480258,265.1616
2018,10,15,1,3.459461,265.3191
2018,10,15,2,3.525913,266.5833
2018,10,15,3,3.022615,261.859
2018,10,15,4,2.333195,249.2827
2018,10,15,5,2.179187,245.1605
2018,10,15,6,2.261107,247.5369
2018,10,15,7,1.890386,234.1355
2018,10,16,0,1.577956,218.1362
2018,10,16,1,2.023411,238.9885
2018,10,16,2,2.274191,246.8944
2018,10,16,3,2.737366,257.424
2018,10,16,4,3.328584,265.6489
2018,10,16,5,4.068075,270.9769
2018,10,16,6,3.657664,267.9413
2018,10,16,7,3.422258,265.5939
2018,10,17,0,3.374027,264.9782
2018,10,17,1,3.206787,263.5988
2018,10,17,2,3.539527,266.7852
2018,10,17,3,3.771023,268.472
2018,10,17,4,3.900196,269.3079
2018,10,17,5,4.173599,270.9449
2018,10,17,6,4.051255,270.4626
2018,10,17,7,3.649755,268.3233
2018,10,18,0,3.365488,265.9714
2018,10,18,1,3.404624,266.3714
2018,10,18,2,3.543671,267.732
2018,10,18,3,3.688787,268.8212
2018,10,18,4,3.516417,267.4015
2018,10,18,5,3.279828,264.9318
2018,10,18,6,3.287777,264.3985
2018,10,18,7,3.006587,260.6134
2018,10,19,0,2.966313,259.9704
2018,10,19,1,3.230104,263.6737
2018,10,19,2,3.344555,265.1103
2018,10,19,3,3.637785,267.5509
2018,10,19,4,2.924874,259.2748
2018,10,19,5,2.282821,245.9732
2018,10,19,6,2.337017,247.1246
2018,10,19,7,2.446618,249.1588
2018,10,20,0,2.833886,256.5527
2018,10,20,1,3.201481,261.4789
2018,10,20,2,3.533109,264.2279
2018,10,20,3,3.030309,258.7054
2018,10,20,4,2.123571,239.3974
2018,10,20,5,1.393363,205.7364
2018,10,20,6,0.7011803,139.7806
2018,10,20,7,0.4970556,109.3451
2018,10,21,0,0.5932822,124.5347
2018,10,21,1,1.139132,187.7939
2018,10,21,2,1.483719,213.6045
2018,10,21,3,1.6595,223.5352
2018,10,21,4,1.597889,220.2294
2018,10,21,5,1.541234,216.9882
2018,10,21,6,1.466745,212.2742
2018,10,21,7,1.263031,198.1083
2018,10,22,0,0.9906208,174.1538
2018,10,22,1,1.28015,199.8131
2018,10,22,2,1.433152,210.8433
2018,10,22,3,1.721502,226.7248
2018,10,22,4,1.945836,235.6816
2018,10,22,5,1.881451,231.7826
2018,10,22,6,1.421922,206.4019
2018,10,22,7,1.240877,193.7879
2018,10,23,0,1.426087,206.5878
2018,10,23,1,2.151514,240.6942
2018,10,23,2,2.651681,254.6131
2018,10,23,3,2.672543,255.4669
2018,10,23,4,2.768911,257.7093
2018,10,23,5,3.050999,262.2851
2018,10,23,6,3.425733,265.1885
2018,10,23,7,3.110592,263.6342
2018,10,24,0,3.526769,268.1828
2018,10,24,1,3.268782,266.4023
2018,10,24,2,2.591172,256.8369
2018,10,24,3,2.514188,254.5508
2018,10,24,4,2.351895,250.2641
2018,10,24,5,2.261102,248.0553
2018,10,24,6,2.247058,247.5748
2018,10,24,7,2.277352,247.9748
2018,10,25,0,2.332102,249.165
2018,10,25,1,2.142939,244.2715
2018,10,25,2,1.947539,238.5464
2018,10,25,3,2.004758,240.6515
2018,10,25,4,2.188409,246.1388
2018,10,25,5,2.25879,248.2889
2018,10,25,6,2.629894,256.7161
2018,10,25,7,2.055506,241.169
2018,10,26,0,2.145145,244.0309
2018,10,26,1,2.42948,252.5455
2018,10,26,2,2.884951,261.5024
2018,10,26,3,3.438933,267.3398
2018,10,26,4,3.74879,269.3383
2018,10,26,5,3.858976,271.277
2018,10,26,6,4.527485,274.7443
2018,10,26,7,4.756272,276.0124
2018,10,27,0,5.814193,279.8109
2018,10,27,1,3.417956,268.4521
2018,10,27,2,2.148244,244.8915
2018,10,27,3,1.710324,225.7961
2018,10,27,4,1.760216,227.7789
2018,10,27,5,1.735002,226.3798
2018,10,27,6,1.927827,234.3898
2018,10,27,7,1.842419,230.3958
2018,10,28,0,1.700782,223.6051
2018,10,28,1,1.788338,228.9287
2018,10,28,2,1.719944,226.4684
2018,10,28,3,1.623069,221.0723
2018,10,28,4,1.218109,194.6251
2018,10,28,5,1.273822,198.7694
2018,10,28,6,1.306204,201.1413
2018,10,28,7,1.380682,206.8815
2018,10,29,0,2.569956,254.0998
2018,10,29,1,2.993088,261.3961
2018,10,29,2,2.526756,253.241
2018,10,29,3,2.343899,248.1295
2018,10,29,4,1.817304,229.4092
2018,10,29,5,1.610515,219.1791
2018,10,29,6,2.060251,238.0302
2018,10,29,7,2.665636,254.3129
2018,10,30,0,2.197843,242.0885
2018,10,30,1,1.919877,233.0868
2018,10,30,2,1.762482,226.0875
2018,10,30,3,1.738499,224.0299
2018,10,30,4,1.534932,213.2617
2018,10,30,5,1.442864,207.8622
2018,10,30,6,1.818982,227.0616
2018,10,30,7,1.78894,228.4382
2018,10,31,0,2.137494,238.1908
2018,10,31,1,1.712939,222.0831
2018,10,31,2,1.562482,214.7024
2018,10,31,3,1.467747,208.9522
2018,10,31,4,1.42039,205.1922
2018,10,31,5,1.177414,187.9991
2018,10,31,6,1.100879,181.8953
2018,10,31,7,1.030428,175.6082
2019,10,1,0,3.923757,277.2753
2019,10,1,1,3.630379,276.2765
2019,10,1,2,3.400245,275.0558
2019,10,1,3,3.396427,274.9295
2019,10,1,4,3.943479,278.6235
2019,10,1,5,4.090093,278.5998
2019,10,1,6,3.998947,277.7437
2019,10,1,7,4.137644,278.1041
2019,10,2,0,4.528575,279.392
2019,10,2,1,5.089323,280.9623
2019,10,2,2,6.133239,282.576
2019,10,2,3,6.282196,282.4061
2019,10,2,4,6.261644,282.3365
2019,10,2,5,5.979144,282.4075
2019,10,2,6,5.384617,282.132
2019,10,2,7,4.498261,279.7496
2019,10,3,0,4.416408,279.0503
2019,10,3,1,4.900046,280.6647
2019,10,3,2,4.752855,280.6394
2019,10,3,3,4.307758,278.7924
2019,10,3,4,4.097798,278.7129
2019,10,3,5,4.827793,281.3631
2019,10,3,6,6.147735,283.8906
2019,10,3,7,6.327743,284.9102
2019,10,4,0,4.962628,280.7766
2019,10,4,1,5.344561,281.7204
2019,10,4,2,4.270299,278.8713
2019,10,4,3,4.196967,278.7905
2019,10,4,4,3.821377,283.7999
2019,10,4,5,3.818123,283.966
2019,10,4,6,3.226098,271.8505
2019,10,4,7,2.770746,265.4126
2019,10,5,0,2.617649,262.0321
2019,10,5,1,3.150874,271.4468
2019,10,5,2,3.148119,272.4518
2019,10,5,3,3.712576,277.0098
2019,10,5,4,4.443574,278.8712
2019,10,5,5,5.607449,280.426
2019,10,5,6,5.32565,279.2342
2019,10,5,7,4.075058,274.806
2019,10,6,0,3.839355,273.0655
2019,10,6,1,3.387763,270.183
2019,10,6,2,3.507585,271.2903
2019,10,6,3,3.755705,273.2915
2019,10,6,4,4.180959,275.8491
2019,10,6,5,4.277705,277.0128
2019,10,6,6,3.719066,273.6915
2019,10,6,7,2.871632,263.9515
2019,10,7,0,3.018872,265.4419
2019,10,7,1,3.250691,269.313
2019,10,7,2,4.181152,276.3936
2019,10,7,3,5.081611,278.6976
2019,10,7,4,5.226253,279.3793
2019,10,7,5,5.359388,280.5652
2019,10,7,6,6.039023,282.2381
2019,10,7,7,5.77885,282.223
2019,10,8,0,5.583109,281.7784
2019,10,8,1,6.847473,282.9287
2019,10,8,2,6.584471,283.0301
2019,10,8,3,4.611265,278.0853
2019,10,8,4,3.352101,269.0417
2019,10,8,5,2.97477,263.5242
2019,10,8,6,1.453547,213.8145
2019,10,8,7,0.4948607,111.9936
2019,10,9,0,0.6260117,132.3704
2019,10,9,1,1.430799,213.1648
2019,10,9,2,1.963013,242.0239
2019,10,9,3,2.756239,264.1381
2019,10,9,4,2.715163,262.2004
2019,10,9,5,2.220181,250.3789
2019,10,9,6,1.425874,213.753
2019,10,9,7,1.25974,202.0746
2019,10,10,0,1.628985,227.2087
2019,10,10,1,2.46941,258.9241
2019,10,10,2,3.254045,273.2873
2019,10,10,3,4.258166,279.8382
2019,10,10,4,5.130973,282.1056
2019,10,10,5,5.539201,283.1489
2019,10,10,6,5.711166,284.1173
2019,10,10,7,5.64482,284.1652
2019,10,11,0,6.367505,284.966
2019,10,11,1,6.66096,284.9888
2019,10,11,2,7.696471,285.6837
2019,10,11,3,6.990064,284.8281
2019,10,11,4,6.916649,285.0006
2019,10,11,5,7.577202,284.5163
2019,10,11,6,7.766279,285.5061
2019,10,11,7,7.594844,285.2053
2019,10,12,0,8.186866,285.3871
2019,10,12,1,9.202073,288.2353
2019,10,12,2,9.961031,289.433
2019,10,12,3,10.38596,289.4944
2019,10,12,4,7.87493,293.5263
2019,10,12,5,6.162517,284.7902
2019,10,12,6,4.952192,286.7296
2019,10,12,7,3.863779,282.7153
2019,10,13,0,3.120385,277.1951
2019,10,13,1,1.7544,232.5222
2019,10,13,2,1.969978,241.4893
2019,10,13,3,2.114956,246.4158
2019,10,13,4,2.838479,264.2292
2019,10,13,5,2.699418,261.4433
2019,10,13,6,2.8729,264.363
2019,10,13,7,3.566714,272.6258
2019,10,14,0,4.326597,277.4591
2019,10,14,1,5.012262,279.4318
2019,10,14,2,5.541358,280.9538
2019,10,14,3,5.658123,280.6498
2019,10,14,4,4.83145,278.8184
2019,10,14,5,4.642621,277.0718
2019,10,14,6,4.8141,275.9791
2019,10,14,7,4.06393,272.0573
2019,10,15,0,3.999943,271.2312
2019,10,15,1,4.263874,272.243
2019,10,15,2,3.36988,267.0595
2019,10,15,3,3.43273,267.9415
2019,10,15,4,3.668497,270.0821
2019,10,15,5,3.390255,267.9286
2019,10,15,6,2.773769,259.3617
2019,10,15,7,3.028695,262.6831
2019,10,16,0,2.517889,253.7341
2019,10,16,1,2.099085,243.8965
2019,10,16,2,2.18981,247.5143
2019,10,16,3,2.318083,250.6723
2019,10,16,4,2.443427,253.3604
2019,10,16,5,1.898129,235.6036
2019,10,16,6,1.7764,230.0039
2019,10,16,7,1.790386,231.5075
2019,10,17,0,2.780349,260.6235
2019,10,17,1,3.253628,267.7672
2019,10,17,2,4.239941,274.3758
2019,10,17,3,4.940169,276.6015
2019,10,17,4,5.075002,276.5373
2019,10,17,5,4.364557,275.3449
2019,10,17,6,4.422038,276.4845
2019,10,17,7,4.518395,277.0975
2019,10,18,0,4.618086,277.4426
2019,10,18,1,4.985148,278.4425
2019,10,18,2,5.521409,279.0462
2019,10,18,3,5.243562,278.5716
2019,10,18,4,5.572208,279.5556
2019,10,18,5,6.102513,281.4848
2019,10,18,6,6.294892,282.1269
2019,10,18,7,6.72997,284.2266
2019,10,19,0,6.975774,284.8221
2019,10,19,1,6.714959,284.7844
2019,10,19,2,6.366715,284.7862
2019,10,19,3,7.604543,284.7191
2019,10,19,4,6.66423,283.3888
2019,10,19,5,5.363599,281.1082
2019,10,19,6,4.487336,278.9656
2019,10,19,7,3.475289,272.7352
2019,10,20,0,2.89778,265.3056
2019,10,20,1,2.720939,262.1674
2019,10,20,2,2.430707,257.0504
2019,10,20,3,2.865864,265.84
2019,10,20,4,3.428294,272.3961
2019,10,20,5,3.630796,273.7875
2019,10,20,6,3.55454,272.6255
2019,10,20,7,3.083773,267.5584
2019,10,21,0,2.78036,263.3128
2019,10,21,1,3.238999,269.3032
2019,10,21,2,4.231012,275.8579
2019,10,21,3,4.313686,275.8613
2019,10,21,4,4.283521,273.7492
2019,10,21,5,4.523303,273.1188
2019,10,21,6,4.416336,272.9877
2019,10,21,7,5.288307,282.0156
2019,10,22,0,4.762908,273.0814
2019,10,22,1,3.915564,271.955
2019,10,22,2,2.974384,265.1465
2019,10,22,3,2.578147,258.4393
2019,10,22,4,2.671131,260.0965
2019,10,22,5,2.556545,257.5337
2019,10,22,6,2.203742,248.6572
2019,10,22,7,1.992685,241.3676
2019,10,23,0,2.001622,241.4532
2019,10,23,1,2.383693,253.9443
2019,10,23,2,2.769431,263.085
2019,10,23,3,3.424674,271.067
2019,10,23,4,4.432104,277.1144
2019,10,23,5,4.639962,277.2199
2019,10,23,6,4.501955,276.3791
2019,10,23,7,4.254939,275.0489
2019,10,24,0,4.223825,274.0943
2019,10,24,1,4.921888,276.1284
2019,10,24,2,5.813384,277.1709
2019,10,24,3,5.364866,276.0083
2019,10,24,4,4.717924,273.8522
2019,10,24,5,4.591818,273.0786
2019,10,24,6,6.494843,277.0184
2019,10,24,7,5.210004,276.8882
2019,10,25,0,5.746731,277.69
2019,10,25,1,5.835481,278.9419
2019,10,25,2,5.879732,279.199
2019,10,25,3,6.397432,278.273
2019,10,25,4,5.313611,277.097
2019,10,25,5,3.178441,267.6874
2019,10,25,6,2.882757,264.9654
2019,10,25,7,2.864635,264.5666
2019,10,26,0,3.149619,267.5066
2019,10,26,1,4.107481,274.2217
2019,10,26,2,4.374696,275.2897
2019,10,26,3,4.086327,273.7342
2019,10,26,4,3.414436,269.16
2019,10,26,5,3.123308,265.3512
2019,10,26,6,3.287934,266.0758
2019,10,26,7,3.637827,268.475
2019,10,27,0,3.575541,267.5733
2019,10,27,1,3.248899,264.5181
2019,10,27,2,2.90727,260.5494
2019,10,27,3,2.744951,257.8239
2019,10,27,4,2.584461,254.3743
2019,10,27,5,2.497825,252.1493
2019,10,27,6,2.051019,239.835
2019,10,27,7,1.744006,227.5349
2019,10,28,0,1.768955,228.7236
2019,10,28,1,1.686414,226.1528
2019,10,28,2,1.789924,231.8248
2019,10,28,3,2.199844,246.734
2019,10,28,4,2.184182,245.4443
2019,10,28,5,1.300474,200.9071
2019,10,28,6,1.659599,221.7733
2019,10,28,7,3.251606,264.6389
2019,10,29,0,4.093512,270.6908
2019,10,29,1,4.509891,272.5171
2019,10,29,2,4.47649,273.4508
2019,10,29,3,3.770097,271.0567
2019,10,29,4,2.851782,261.8252
2019,10,29,5,1.90992,236.3922
2019,10,29,6,2.415215,252.1281
2019,10,29,7,3.229671,265.5823
2019,10,30,0,2.972383,261.9584
2019,10,30,1,2.419813,252.9878
2019,10,30,2,2.382516,252.6629
2019,10,30,3,2.363712,252.0757
2019,10,30,4,2.416459,252.8347
2019,10,30,5,2.180048,246.4992
2019,10,30,6,1.706864,227.466
2019,10,30,7,1.501458,215.5288
2019,10,31,0,1.542286,217.9892
2019,10,31,1,1.962263,238.8788
2019,10,31,2,2.315621,251.2619
2019,10,31,3,2.532465,255.7707
2019,10,31,4,1.87299,234.8469
2019,10,31,5,0.8870402,164.3875
2019,10,31,6,0.9426921,170.4683
2019,10,31,7,0.7262611,145.1878
