####################################################################################################
# Month: 08Aug                                                                                     #
# Station: JELM                                                                                    #
# Frequency: 345 GHz                                                                               #
# Columns are: year    month   day     segment         tau     Tb (K)                              #
####################################################################################################
year,month,day,segment,tau,Tb
2009,08,1,0,2.312491,247.2098
2009,08,1,1,2.354334,247.5658
2009,08,1,2,2.219278,243.8505
2009,08,1,3,1.232986,196.0512
2009,08,1,4,0.6529053,134.3335
2009,08,1,5,0.7083774,141.5824
2009,08,1,6,1.058418,181.4607
2009,08,1,7,1.143101,189.8076
2009,08,2,0,1.141918,189.8337
2009,08,2,1,1.225213,196.9912
2009,08,2,2,1.365058,207.7742
2009,08,2,3,1.364604,207.775
2009,08,2,4,1.281108,201.5063
2009,08,2,5,1.103178,187.0998
2009,08,2,6,1.125529,189.3652
2009,08,2,7,1.089707,185.9879
2009,08,3,0,0.9718194,174.3225
2009,08,3,1,1.015655,177.6658
2009,08,3,2,1.52814,216.8105
2009,08,3,3,1.845035,233.5044
2009,08,3,4,1.846032,233.6597
2009,08,3,5,1.517416,217.6384
2009,08,3,6,1.767627,230.3889
2009,08,3,7,1.749435,229.8123
2009,08,4,0,1.537548,218.0217
2009,08,4,1,1.559549,218.1046
2009,08,4,2,1.592664,219.9406
2009,08,4,3,1.53931,217.3245
2009,08,4,4,1.353849,205.4108
2009,08,4,5,1.138515,188.4849
2009,08,4,6,1.545449,217.7483
2009,08,4,7,1.996358,239.7102
2009,08,5,0,2.220508,247.9687
2009,08,5,1,1.901338,236.3823
2009,08,5,2,1.354487,205.7667
2009,08,5,3,1.251519,198.7318
2009,08,5,4,1.206095,194.3398
2009,08,5,5,1.074082,181.7533
2009,08,5,6,1.612559,220.8108
2009,08,5,7,2.024843,240.6321
2009,08,6,0,2.176217,246.4994
2009,08,6,1,2.888534,261.0949
2009,08,6,2,2.397513,252.139
2009,08,6,3,1.998896,239.8418
2009,08,6,4,2.135352,243.8678
2009,08,6,5,2.611472,256.1039
2009,08,6,6,3.161227,263.291
2009,08,6,7,2.495635,252.9157
2009,08,7,0,2.942895,261.5648
2009,08,7,1,2.617125,256.9602
2009,08,7,2,2.399336,252.2396
2009,08,7,3,1.531679,217.7352
2009,08,7,4,0.946074,170.5695
2009,08,7,5,0.7046092,141.7013
2009,08,7,6,0.9668294,171.7031
2009,08,7,7,1.152458,188.5032
2009,08,8,0,1.317549,201.3453
2009,08,8,1,1.544824,215.6839
2009,08,8,2,1.168791,188.8869
2009,08,8,3,0.7094806,140.518
2009,08,8,4,0.6034905,126.2197
2009,08,8,5,0.7166208,140.8762
2009,08,8,6,0.8922705,161.4421
2009,08,8,7,0.9783631,170.3836
2009,08,9,0,1.213265,191.0346
2009,08,9,1,1.30937,198.1753
2009,08,9,2,0.9692234,169.9356
2009,08,9,3,0.9311525,165.1265
2009,08,9,4,1.063283,177.6765
2009,08,9,5,0.7247447,142.5934
2009,08,9,6,0.7053706,140.1173
2009,08,9,7,0.7920978,150.9476
2009,08,10,0,0.8782692,160.7018
2009,08,10,1,0.9048343,163.5854
2009,08,10,2,0.8777572,160.4623
2009,08,10,3,0.7971886,150.9238
2009,08,10,4,0.72298,141.743
2009,08,10,5,0.7620306,146.6377
2009,08,10,6,0.9507544,168.0557
2009,08,10,7,1.049488,178.5427
2009,08,11,0,1.043255,178.5118
2009,08,11,1,0.9723677,171.8264
2009,08,11,2,0.9705987,171.4995
2009,08,11,3,0.9500128,169.5294
2009,08,11,4,0.9237576,166.9062
2009,08,11,5,0.9666461,171.4798
2009,08,11,6,1.122088,186.6388
2009,08,11,7,1.292224,200.9218
2009,08,12,0,1.270983,199.4696
2009,08,12,1,1.198967,193.6976
2009,08,12,2,1.326799,203.2985
2009,08,12,3,1.370931,206.4859
2009,08,12,4,1.320747,202.7067
2009,08,12,5,1.347239,204.2373
2009,08,12,6,1.328918,203.9887
2009,08,12,7,1.296591,202.5625
2009,08,13,0,1.147966,191.0921
2009,08,13,1,1.125167,188.2213
2009,08,13,2,1.343746,204.3277
2009,08,13,3,1.765956,228.8621
2009,08,13,4,2.2815,246.7517
2009,08,13,5,1.941996,236.044
2009,08,13,6,1.915572,236.1905
2009,08,13,7,2.008192,239.9969
2009,08,14,0,2.306415,249.1858
2009,08,14,1,2.420316,252.1039
2009,08,14,2,3.089802,263.646
2009,08,14,3,2.886926,260.817
2009,08,14,4,2.938296,260.229
2009,08,14,5,2.705445,256.1428
2009,08,14,6,3.283556,264.7454
2009,08,14,7,3.540753,267.4802
2009,08,15,0,2.495507,252.6192
2009,08,15,1,1.905386,235.5236
2009,08,15,2,2.441756,251.0174
2009,08,15,3,2.038016,239.6662
2009,08,15,4,2.166893,243.7833
2009,08,15,5,2.397184,250.0952
2009,08,15,6,2.522099,251.9937
2009,08,15,7,1.563676,217.4812
2009,08,16,0,1.849512,229.8755
2009,08,16,1,1.895499,231.5757
2009,08,16,2,1.007467,174.9341
2009,08,16,3,0.4941001,109.4102
2009,08,16,4,0.4112997,94.34048
2009,08,16,5,0.4559584,101.2993
2009,08,16,6,0.8059192,151.0702
2009,08,16,7,1.216191,190.0197
2009,08,17,0,1.430546,204.4119
2009,08,17,1,1.445619,205.6074
2009,08,17,2,1.164831,186.3997
2009,08,17,3,1.073826,178.561
2009,08,17,4,1.060352,177.2049
2009,08,17,5,1.059754,176.9395
2009,08,17,6,1.207712,189.9447
2009,08,17,7,1.45911,207.6296
2009,08,18,0,1.610103,215.8395
2009,08,18,1,1.317271,198.6722
2009,08,18,2,1.212588,191.3335
2009,08,18,3,1.262325,194.7061
2009,08,18,4,1.159335,186.7492
2009,08,18,5,1.239901,192.7609
2009,08,18,6,1.358123,201.798
2009,08,18,7,1.390175,204.1867
2009,08,19,0,1.234412,193.3817
2009,08,19,1,1.02579,174.3716
2009,08,19,2,1.285059,194.1722
2009,08,19,3,1.598811,215.8258
2009,08,19,4,1.595612,216.244
2009,08,19,5,1.517138,211.7829
2009,08,19,6,1.580708,215.9818
2009,08,19,7,1.509914,213.1712
2009,08,20,0,1.404915,207.1753
2009,08,20,1,1.312619,200.7297
2009,08,20,2,1.388869,205.9233
2009,08,20,3,1.259063,196.9836
2009,08,20,4,0.6422813,132.564
2009,08,20,5,0.3398463,82.60961
2009,08,20,6,0.5598529,120.1756
2009,08,20,7,0.7246185,144.3004
2009,08,21,0,0.777517,151.7502
2009,08,21,1,0.7076465,142.8779
2009,08,21,2,0.7373109,146.6803
2009,08,21,3,0.9893806,175.5585
2009,08,21,4,1.064052,182.5794
2009,08,21,5,0.9686365,172.777
2009,08,21,6,1.010597,177.0955
2009,08,21,7,1.135241,189.2104
2009,08,22,0,1.275031,200.9843
2009,08,22,1,1.294956,202.7762
2009,08,22,2,1.131379,189.967
2009,08,22,3,1.001088,177.5662
2009,08,22,4,0.8298322,158.5768
2009,08,22,5,0.7859405,152.9803
2009,08,22,6,0.9959357,176.694
2009,08,22,7,1.216205,196.3982
2009,08,23,0,1.320277,203.979
2009,08,23,1,1.294199,202.1706
2009,08,23,2,1.384779,208.479
2009,08,23,3,1.657629,225.6206
2009,08,23,4,1.924019,237.9069
2009,08,23,5,2.07584,243.1117
2009,08,23,6,2.599128,256.7551
2009,08,23,7,3.263045,266.3098
2009,08,24,0,2.782572,259.7284
2009,08,24,1,2.620439,256.455
2009,08,24,2,2.020003,239.565
2009,08,24,3,1.209357,195.3427
2009,08,24,4,1.183237,192.8873
2009,08,24,5,1.157387,189.0753
2009,08,24,6,1.832352,230.4857
2009,08,24,7,2.652741,254.5355
2009,08,25,0,2.528782,251.6937
2009,08,25,1,2.121608,240.8222
2009,08,25,2,2.031002,238.2926
2009,08,25,3,1.942785,235.1395
2009,08,25,4,1.682608,223.101
2009,08,25,5,1.573546,216.9356
2009,08,25,6,2.262097,244.7133
2009,08,25,7,2.628091,254.0158
2009,08,26,0,2.59216,253.4585
2009,08,26,1,1.958898,235.7167
2009,08,26,2,1.903636,233.31
2009,08,26,3,1.974039,235.9783
2009,08,26,4,2.02069,237.4175
2009,08,26,5,1.863495,230.8162
2009,08,26,6,2.200788,242.3998
2009,08,26,7,2.48876,250.6483
2009,08,27,0,2.312171,246.8915
2009,08,27,1,1.818424,230.2427
2009,08,27,2,1.422202,209.478
2009,08,27,3,1.180105,192.1697
2009,08,27,4,1.098744,184.7335
2009,08,27,5,1.090556,183.9354
2009,08,27,6,1.220105,195.0006
2009,08,27,7,1.216732,194.9966
2009,08,28,0,1.110807,186.0237
2009,08,28,1,1.118052,186.6496
2009,08,28,2,1.423949,209.3746
2009,08,28,3,1.508021,214.5117
2009,08,28,4,1.399915,207.5637
2009,08,28,5,1.410525,208.2024
2009,08,28,6,1.41189,208.4596
2009,08,28,7,1.518027,215.2946
2009,08,29,0,1.508959,214.6488
2009,08,29,1,1.194868,192.9676
2009,08,29,2,1.020477,177.8731
2009,08,29,3,1.229556,194.9588
2009,08,29,4,1.392489,206.2784
2009,08,29,5,1.518988,213.8619
2009,08,29,6,1.852896,230.8219
2009,08,29,7,2.451276,250.1099
2009,08,30,0,2.307542,247.0295
2009,08,30,1,1.764704,228.2559
2009,08,30,2,1.583082,218.7818
2009,08,30,3,1.648188,221.7749
2009,08,30,4,1.665934,222.3562
2009,08,30,5,1.598829,218.8876
2009,08,30,6,1.772667,228.1845
2009,08,30,7,2.317507,247.2257
2009,08,31,0,1.945358,235.8225
2009,08,31,1,1.564756,219.0696
2009,08,31,2,1.415157,208.4147
2009,08,31,3,1.513231,214.6725
2009,08,31,4,1.705213,225.3528
2009,08,31,5,1.409092,207.9834
2009,08,31,6,1.473041,212.5563
2009,08,31,7,1.74198,227.1985
2010,08,1,0,3.367224,270.0058
2010,08,1,1,3.306894,268.8591
2010,08,1,2,2.876761,262.9922
2010,08,1,3,2.737672,260.28
2010,08,1,4,2.783257,260.7667
2010,08,1,5,3.085025,264.5551
2010,08,1,6,3.90587,272.5748
2010,08,1,7,4.456046,275.53
2010,08,2,0,3.798499,271.3269
2010,08,2,1,3.434976,267.0205
2010,08,2,2,2.738307,259.4192
2010,08,2,3,2.371318,251.1257
2010,08,2,4,2.247722,246.3268
2010,08,2,5,2.337297,247.5008
2010,08,2,6,2.536538,252.8054
2010,08,2,7,2.296991,247.1606
2010,08,3,0,2.040876,239.3102
2010,08,3,1,1.828199,230.9676
2010,08,3,2,2.071959,241.0762
2010,08,3,3,2.179141,245.2139
2010,08,3,4,2.301361,248.0263
2010,08,3,5,2.152013,243.433
2010,08,3,6,2.534585,254.4025
2010,08,3,7,2.829532,260.3613
2010,08,4,0,2.148176,245.2474
2010,08,4,1,2.228091,248.2754
2010,08,4,2,3.328482,266.8215
2010,08,4,3,2.782907,259.2515
2010,08,4,4,1.814185,232.7668
2010,08,4,5,1.771945,229.1397
2010,08,4,6,1.857207,231.2907
2010,08,4,7,2.599804,254.8747
2010,08,5,0,2.52397,253.6762
2010,08,5,1,1.749657,228.4868
2010,08,5,2,2.174923,244.0952
2010,08,5,3,2.091239,241.7573
2010,08,5,4,2.271989,247.2661
2010,08,5,5,2.50113,252.3338
2010,08,5,6,2.941809,260.1928
2010,08,5,7,3.287011,264.8077
2010,08,6,0,3.172269,264.3078
2010,08,6,1,2.632139,256.496
2010,08,6,2,2.190494,245.8398
2010,08,6,3,1.850659,233.5009
2010,08,6,4,1.562974,218.599
2010,08,6,5,1.787819,230.1378
2010,08,6,6,2.265602,247.755
2010,08,6,7,2.726697,258.69
2010,08,7,0,2.463443,253.5014
2010,08,7,1,1.471369,215.0707
2010,08,7,2,1.482324,214.8439
2010,08,7,3,1.541541,217.3602
2010,08,7,4,1.837417,232.3661
2010,08,7,5,1.390877,206.0018
2010,08,7,6,1.802005,230.29
2010,08,7,7,2.34312,249.0275
2010,08,8,0,2.505811,252.6734
2010,08,8,1,2.610252,254.3559
2010,08,8,2,2.606113,254.728
2010,08,8,3,3.120195,262.5951
2010,08,8,4,3.13494,262.8264
2010,08,8,5,2.414501,250.2178
2010,08,8,6,2.456981,252.0078
2010,08,8,7,2.471368,252.9997
2010,08,9,0,2.311795,249.1935
2010,08,9,1,1.941496,237.2063
2010,08,9,2,1.826587,232.1595
2010,08,9,3,2.070587,241.1513
2010,08,9,4,2.228196,245.6662
2010,08,9,5,2.269525,246.412
2010,08,9,6,2.47862,252.5137
2010,08,9,7,2.759592,259.129
2010,08,10,0,2.555994,254.2543
2010,08,10,1,1.64199,222.2381
2010,08,10,2,0.901116,165.3531
2010,08,10,3,0.7709426,150.3134
2010,08,10,4,1.094948,184.0814
2010,08,10,5,1.104631,184.6947
2010,08,10,6,1.108467,185.2722
2010,08,10,7,1.177365,191.4443
2010,08,11,0,1.336035,203.2624
2010,08,11,1,1.583034,218.6546
2010,08,11,2,1.581438,219.4228
2010,08,11,3,1.345847,204.8482
2010,08,11,4,1.095837,185.099
2010,08,11,5,1.007591,176.7053
2010,08,11,6,1.335682,203.6779
2010,08,11,7,1.37925,206.8939
2010,08,12,0,1.806227,230.5216
2010,08,12,1,1.738125,228.1095
2010,08,12,2,1.644164,223.9374
2010,08,12,3,1.613487,222.1803
2010,08,12,4,1.69948,226.1201
2010,08,12,5,1.297152,201.5314
2010,08,12,6,1.401991,208.8221
2010,08,12,7,1.44145,210.9187
2010,08,13,0,1.427432,209.4088
2010,08,13,1,1.237901,194.3257
2010,08,13,2,1.378498,204.0663
2010,08,13,3,0.759557,148.1848
2010,08,13,4,0.4813241,108.1019
2010,08,13,5,0.5209762,114.4983
2010,08,13,6,0.7206519,143.556
2010,08,13,7,0.831061,157.9294
2010,08,14,0,1.007685,177.201
2010,08,14,1,1.070751,182.8255
2010,08,14,2,1.161655,190.5017
2010,08,14,3,1.159692,190.1058
2010,08,14,4,1.0879,183.5546
2010,08,14,5,1.054426,179.8964
2010,08,14,6,1.303122,200.4739
2010,08,14,7,1.596727,219.2956
2010,08,15,0,1.633412,221.9355
2010,08,15,1,1.614993,220.7447
2010,08,15,2,1.45104,211.5359
2010,08,15,3,1.126747,187.6067
2010,08,15,4,1.044618,179.9031
2010,08,15,5,1.082866,183.5946
2010,08,15,6,1.182048,192.9295
2010,08,15,7,1.339922,205.3982
2010,08,16,0,1.516933,216.9718
2010,08,16,1,1.483075,215.0278
2010,08,16,2,1.102902,186.9223
2010,08,16,3,0.9539879,171.3507
2010,08,16,4,1.480767,210.7902
2010,08,16,5,1.965579,236.1216
2010,08,16,6,1.956702,236.6575
2010,08,16,7,2.648105,255.3965
2010,08,17,0,2.580681,254.1084
2010,08,17,1,2.053609,239.5402
2010,08,17,2,1.747147,226.636
2010,08,17,3,1.581751,217.6002
2010,08,17,4,1.295257,200.0083
2010,08,17,5,1.376665,205.1773
2010,08,17,6,1.536878,215.2019
2010,08,17,7,1.275641,199.324
2010,08,18,0,1.191786,192.9783
2010,08,18,1,1.078516,182.809
2010,08,18,2,1.25352,197.4127
2010,08,18,3,1.271788,198.816
2010,08,18,4,1.013899,177.2607
2010,08,18,5,0.6812703,138.4925
2010,08,18,6,1.021392,177.813
2010,08,18,7,1.779748,230.3528
2010,08,19,0,2.173216,245.9071
2010,08,19,1,2.154865,245.2727
2010,08,19,2,2.409547,251.1139
2010,08,19,3,2.248546,246.0139
2010,08,19,4,2.411449,249.2526
2010,08,19,5,2.934321,258.7371
2010,08,19,6,3.082788,262.18
2010,08,19,7,3.268394,264.5581
2010,08,20,0,2.484103,251.6356
2010,08,20,1,1.679235,223.1875
2010,08,20,2,2.169663,241.9464
2010,08,20,3,2.204063,242.1567
2010,08,20,4,1.655188,220.8041
2010,08,20,5,1.14685,188.065
2010,08,20,6,1.226007,195.3186
2010,08,20,7,1.353702,205.7497
2010,08,21,0,1.207157,195.1425
2010,08,21,1,0.9032595,166.5823
2010,08,21,2,0.7610072,149.9584
2010,08,21,3,0.8032908,155.0045
2010,08,21,4,0.9095588,167.3004
2010,08,21,5,0.888963,165.3736
2010,08,21,6,1.024501,179.2992
2010,08,21,7,1.247957,198.9386
2010,08,22,0,1.328933,205.1085
2010,08,22,1,1.280581,201.3651
2010,08,22,2,1.006777,178.2874
2010,08,22,3,0.8681266,164.0905
2010,08,22,4,0.9982791,178.1726
2010,08,22,5,0.9213443,170.1503
2010,08,22,6,1.420338,212.4448
2010,08,22,7,2.413708,253.4828
2010,08,23,0,3.509693,270.2834
2010,08,23,1,3.512313,269.8264
2010,08,23,2,2.923247,263.1153
2010,08,23,3,3.483054,269.9774
2010,08,23,4,2.682349,258.3543
2010,08,23,5,1.689979,226.1992
2010,08,23,6,1.869714,233.8801
2010,08,23,7,1.50111,215.492
2010,08,24,0,1.069536,182.3786
2010,08,24,1,0.7171173,143.2544
2010,08,24,2,0.6442988,133.3889
2010,08,24,3,0.7436917,146.8726
2010,08,24,4,0.8270319,157.381
2010,08,24,5,0.737681,146.4907
2010,08,24,6,1.014767,177.808
2010,08,24,7,1.239057,198.0788
2010,08,25,0,1.153768,191.0441
2010,08,25,1,0.8502349,161.1471
2010,08,25,2,0.5670566,123.306
2010,08,25,3,0.4094395,96.56587
2010,08,25,4,0.4147729,97.12514
2010,08,25,5,0.4861307,109.2871
2010,08,25,6,0.6480021,134.2411
2010,08,25,7,0.7887373,153.0407
2010,08,26,0,0.874299,163.1993
2010,08,26,1,0.8701338,163.1426
2010,08,26,2,0.6827598,140.1545
2010,08,26,3,0.560511,122.4335
2010,08,26,4,0.6876208,141.1695
2010,08,26,5,0.8383184,160.2963
2010,08,26,6,1.092231,186.6454
2010,08,26,7,1.348077,206.9057
2010,08,27,0,1.517304,217.452
2010,08,27,1,1.546546,219.245
2010,08,27,2,1.407115,210.6335
2010,08,27,3,1.178397,193.125
2010,08,27,4,0.9184145,167.5772
2010,08,27,5,1.008239,176.2326
2010,08,27,6,1.233705,196.9334
2010,08,27,7,1.53466,217.4665
2010,08,28,0,2.104879,243.0263
2010,08,28,1,2.406059,251.3029
2010,08,28,2,2.817362,259.447
2010,08,28,3,2.250305,246.5355
2010,08,28,4,1.761546,228.4263
2010,08,28,5,1.92089,234.8361
2010,08,28,6,2.709997,256.3826
2010,08,28,7,3.06374,262.3251
2010,08,29,0,2.943226,260.7026
2010,08,29,1,1.925058,235.6696
2010,08,29,2,0.8588812,161.8112
2010,08,29,3,0.9200022,168.3341
2010,08,29,4,0.9066168,166.2014
2010,08,29,5,0.928631,168.13
2010,08,29,6,1.536702,215.2517
2010,08,29,7,1.561773,216.905
2010,08,30,0,1.428762,209.351
2010,08,30,1,1.316,201.8116
2010,08,30,2,1.338606,203.3261
2010,08,30,3,1.400997,207.6654
2010,08,30,4,1.821149,229.1654
2010,08,30,5,1.525925,212.5172
2010,08,30,6,1.495131,211.1531
2010,08,30,7,1.312562,198.7584
2010,08,31,0,1.110103,183.2386
2010,08,31,1,0.9165032,165.0222
2010,08,31,2,0.9636277,169.8236
2010,08,31,3,1.095291,182.039
2010,08,31,4,1.224133,191.8468
2010,08,31,5,1.230663,191.579
2010,08,31,6,1.123115,183.6122
2010,08,31,7,1.075524,180.1052
2011,08,1,0,4.643615,279.6867
2011,08,1,1,4.199482,277.2957
2011,08,1,2,3.680116,274.4546
2011,08,1,3,3.32754,272.0656
2011,08,1,4,3.349275,272.3406
2011,08,1,5,3.467656,272.9935
2011,08,1,6,4.140676,277.8995
2011,08,1,7,4.56617,279.6728
2011,08,2,0,3.793911,275.8252
2011,08,2,1,3.245751,270.6014
2011,08,2,2,3.072001,268.2301
2011,08,2,3,2.642873,260.8565
2011,08,2,4,2.556313,258.7182
2011,08,2,5,2.596435,258.3526
2011,08,2,6,2.872583,264.106
2011,08,2,7,3.41465,271.5472
2011,08,3,0,3.746638,274.0474
2011,08,3,1,3.359293,270.38
2011,08,3,2,3.223982,269.2303
2011,08,3,3,2.818038,263.89
2011,08,3,4,2.487721,256.3538
2011,08,3,5,2.440316,254.4495
2011,08,3,6,2.605059,258.8639
2011,08,3,7,3.085651,267.0981
2011,08,4,0,3.051041,266.2144
2011,08,4,1,2.834404,262.5984
2011,08,4,2,2.969668,264.2643
2011,08,4,3,2.470208,255.7515
2011,08,4,4,2.304112,249.4303
2011,08,4,5,2.478614,252.8947
2011,08,4,6,2.335675,250.224
2011,08,4,7,2.692961,258.0914
2011,08,5,0,2.775314,259.6126
2011,08,5,1,2.41183,252.8211
2011,08,5,2,2.139253,244.9863
2011,08,5,3,1.940825,237.614
2011,08,5,4,1.981425,238.3118
2011,08,5,5,1.437149,211.8175
2011,08,5,6,1.45713,213.7086
2011,08,5,7,1.920265,236.701
2011,08,6,0,1.988091,239.7526
2011,08,6,1,1.699569,227.1447
2011,08,6,2,1.628678,222.201
2011,08,6,3,1.529272,216.3628
2011,08,6,4,1.571449,218.1899
2011,08,6,5,1.411176,208.4925
2011,08,6,6,1.359714,205.9007
2011,08,6,7,1.521638,216.8677
2011,08,7,0,1.684795,225.618
2011,08,7,1,1.671833,224.7236
2011,08,7,2,1.298443,201.6031
2011,08,7,3,0.8394279,159.0924
2011,08,7,4,0.7688245,150.1528
2011,08,7,5,0.6980867,140.9445
2011,08,7,6,0.8445788,159.1973
2011,08,7,7,0.9897072,175.1356
2011,08,8,0,0.9111263,167.2118
2011,08,8,1,0.7258688,144.8894
2011,08,8,2,0.9726706,172.6208
2011,08,8,3,1.429199,210.0207
2011,08,8,4,1.075646,182.9779
2011,08,8,5,1.192775,193.3403
2011,08,8,6,1.306059,202.3944
2011,08,8,7,1.648772,223.6303
2011,08,9,0,1.58021,220.0712
2011,08,9,1,1.421193,209.9148
2011,08,9,2,1.449596,211.6499
2011,08,9,3,1.38476,207.3858
2011,08,9,4,1.258158,198.3141
2011,08,9,5,1.152378,189.6404
2011,08,9,6,1.308348,202.395
2011,08,9,7,1.346561,205.6531
2011,08,10,0,1.262795,199.2429
2011,08,10,1,1.501614,214.3139
2011,08,10,2,1.723847,227.0317
2011,08,10,3,1.378717,207.5694
2011,08,10,4,1.131763,187.7246
2011,08,10,5,1.223525,195.162
2011,08,10,6,1.428149,210.6155
2011,08,10,7,1.428644,211.2221
2011,08,11,0,1.410635,209.6741
2011,08,11,1,1.601851,219.9724
2011,08,11,2,1.454407,211.6445
2011,08,11,3,1.310185,202.1654
2011,08,11,4,1.234547,195.8892
2011,08,11,5,1.127826,186.6711
2011,08,11,6,1.237241,196.3785
2011,08,11,7,1.303119,202.0082
2011,08,12,0,1.285514,200.5223
2011,08,12,1,1.379347,206.5037
2011,08,12,2,1.279126,199.1046
2011,08,12,3,0.9957591,175.5807
2011,08,12,4,0.8011982,154.58
2011,08,12,5,0.9022417,165.817
2011,08,12,6,1.336776,204.5285
2011,08,12,7,1.440227,212.2829
2011,08,13,0,1.432542,211.927
2011,08,13,1,1.616102,221.9871
2011,08,13,2,1.341271,204.8793
2011,08,13,3,1.091761,185.2987
2011,08,13,4,0.6638862,137.7187
2011,08,13,5,0.5400785,119.2347
2011,08,13,6,0.8254677,158.5489
2011,08,13,7,1.119822,189.2281
2011,08,14,0,1.321949,205.6504
2011,08,14,1,1.267774,202.1775
2011,08,14,2,1.19548,196.6885
2011,08,14,3,1.269994,200.472
2011,08,14,4,1.541404,215.9034
2011,08,14,5,1.980495,237.4315
2011,08,14,6,2.562032,255.0249
2011,08,14,7,3.41605,268.1293
2011,08,15,0,3.242442,266.2033
2011,08,15,1,2.781716,259.7111
2011,08,15,2,2.247027,247.836
2011,08,15,3,1.666076,225.3026
2011,08,15,4,1.349242,205.992
2011,08,15,5,1.29141,201.3664
2011,08,15,6,1.949665,237.8232
2011,08,15,7,2.587999,256.7521
2011,08,16,0,2.150753,246.3019
2011,08,16,1,1.907662,237.6588
2011,08,16,2,2.117658,245.2904
2011,08,16,3,2.874114,261.5523
2011,08,16,4,2.794095,258.9157
2011,08,16,5,2.367428,249.5258
2011,08,16,6,2.414105,251.1156
2011,08,16,7,2.38247,251.4618
2011,08,17,0,2.583646,256.2588
2011,08,17,1,1.975005,238.85
2011,08,17,2,1.241998,198.2634
2011,08,17,3,1.073897,183.4312
2011,08,17,4,1.434306,209.9562
2011,08,17,5,1.571376,218.1501
2011,08,17,6,1.696786,225.2733
2011,08,17,7,1.685194,225.8686
2011,08,18,0,1.488533,215.3747
2011,08,18,1,1.148617,190.1599
2011,08,18,2,1.209854,194.6213
2011,08,18,3,0.8870916,165.0287
2011,08,18,4,0.557249,120.9771
2011,08,18,5,0.6674386,136.6627
2011,08,18,6,0.7560697,148.4815
2011,08,18,7,0.8764411,162.9919
2011,08,19,0,0.8728959,163.0131
2011,08,19,1,0.760001,149.7535
2011,08,19,2,0.9306611,168.6274
2011,08,19,3,1.19699,192.8337
2011,08,19,4,1.387894,206.6607
2011,08,19,5,1.757803,226.868
2011,08,19,6,2.412407,250.7302
2011,08,19,7,3.183723,265.5044
2011,08,20,0,2.513755,255.39
2011,08,20,1,2.025474,239.9983
2011,08,20,2,1.896012,235.1615
2011,08,20,3,1.453663,213.1324
2011,08,20,4,1.287914,200.8337
2011,08,20,5,1.31038,202.1126
2011,08,20,6,1.675755,225.2004
2011,08,20,7,2.311594,249.4733
2011,08,21,0,2.231388,247.66
2011,08,21,1,1.876543,235.5375
2011,08,21,2,1.863789,235.3366
2011,08,21,3,1.804137,232.329
2011,08,21,4,1.719463,228.1705
2011,08,21,5,1.779789,230.852
2011,08,21,6,2.29323,249.6416
2011,08,21,7,3.02558,264.2873
2011,08,22,0,2.716242,259.5663
2011,08,22,1,2.186799,247.169
2011,08,22,2,2.072278,243.4171
2011,08,22,3,2.215304,247.8033
2011,08,22,4,2.155243,245.6941
2011,08,22,5,2.022667,241.1385
2011,08,22,6,2.261131,248.9964
2011,08,22,7,2.536983,256.6353
2011,08,23,0,2.450984,255.0068
2011,08,23,1,2.271591,250.071
2011,08,23,2,2.093844,243.9745
2011,08,23,3,1.95133,238.2376
2011,08,23,4,1.967229,238.3008
2011,08,23,5,1.648132,222.6654
2011,08,23,6,1.339067,204.0965
2011,08,23,7,1.333432,204.9105
2011,08,24,0,1.420131,211.4559
2011,08,24,1,1.53271,218.4345
2011,08,24,2,1.716065,228.2821
2011,08,24,3,1.735673,229.3683
2011,08,24,4,1.612767,223.1765
2011,08,24,5,1.587312,221.7448
2011,08,24,6,1.73536,229.4907
2011,08,24,7,2.248111,248.8042
2011,08,25,0,2.43987,254.1516
2011,08,25,1,2.164986,247.2636
2011,08,25,2,2.055355,244.2002
2011,08,25,3,2.026841,243.1652
2011,08,25,4,1.854644,235.8941
2011,08,25,5,1.726063,229.3264
2011,08,25,6,2.161485,247.0342
2011,08,25,7,2.732515,261.4281
2011,08,26,0,2.852464,263.2804
2011,08,26,1,2.664994,259.5522
2011,08,26,2,2.899677,262.9684
2011,08,26,3,2.975059,264.2363
2011,08,26,4,2.896783,263.0551
2011,08,26,5,2.915333,263.0027
2011,08,26,6,3.324011,268.8485
2011,08,26,7,3.831727,273.2468
2011,08,27,0,3.504577,270.6827
2011,08,27,1,2.74208,262.1585
2011,08,27,2,2.348074,253.4404
2011,08,27,3,2.267373,250.782
2011,08,27,4,2.22643,249.0879
2011,08,27,5,2.237673,248.9262
2011,08,27,6,2.55662,257.5038
2011,08,27,7,2.845399,264.0035
2011,08,28,0,2.913943,265.4734
2011,08,28,1,2.694577,261.5258
2011,08,28,2,2.616143,259.6035
2011,08,28,3,2.660444,260.0443
2011,08,28,4,2.559799,257.6817
2011,08,28,5,2.584522,257.6213
2011,08,28,6,3.088699,266.2534
2011,08,28,7,3.779191,273.0176
2011,08,29,0,3.619269,271.0816
2011,08,29,1,3.426929,269.3662
2011,08,29,2,3.601724,270.6155
2011,08,29,3,3.49454,269.3641
2011,08,29,4,3.157896,266.0489
2011,08,29,5,2.808356,260.4468
2011,08,29,6,3.255028,267.0265
2011,08,29,7,3.164659,266.6553
2011,08,30,0,2.668482,259.1399
2011,08,30,1,2.179395,246.8382
2011,08,30,2,1.707748,227.984
2011,08,30,3,1.48321,215.1803
2011,08,30,4,1.11804,187.5245
2011,08,30,5,0.981894,174.3323
2011,08,30,6,1.275821,200.7386
2011,08,30,7,1.798347,232.6637
2011,08,31,0,2.39647,253.1169
2011,08,31,1,2.149695,246.9028
2011,08,31,2,1.964023,239.7859
2011,08,31,3,1.967896,239.0748
2011,08,31,4,2.517362,254.6444
2011,08,31,5,1.894073,236.6209
2011,08,31,6,1.69592,228.3261
2011,08,31,7,2.330518,252.4603
2012,08,1,0,2.393455,252.6994
2012,08,1,1,1.954443,239.4907
2012,08,1,2,2.296219,250.1648
2012,08,1,3,2.169975,246.3838
2012,08,1,4,1.856115,234.8837
2012,08,1,5,2.051636,241.5201
2012,08,1,6,2.861178,260.608
2012,08,1,7,3.109734,264.1405
2012,08,2,0,3.073558,263.8781
2012,08,2,1,2.659752,256.9107
2012,08,2,2,2.050291,241.1965
2012,08,2,3,2.341429,249.7611
2012,08,2,4,2.858806,259.7443
2012,08,2,5,2.137129,240.6942
2012,08,2,6,1.67215,222.7647
2012,08,2,7,1.45524,212.4714
2012,08,3,0,1.168525,191.9981
2012,08,3,1,1.118958,187.6463
2012,08,3,2,1.678806,224.7541
2012,08,3,3,1.911535,235.0273
2012,08,3,4,1.056708,181.398
2012,08,3,5,0.4849658,109.594
2012,08,3,6,0.6787766,138.2073
2012,08,3,7,0.8046572,154.5373
2012,08,4,0,0.8791629,162.2023
2012,08,4,1,0.9800967,172.087
2012,08,4,2,1.117226,185.4718
2012,08,4,3,1.148147,188.4289
2012,08,4,4,1.168451,189.846
2012,08,4,5,0.8757439,162.1921
2012,08,4,6,0.8708338,161.6115
2012,08,4,7,0.9762691,172.8155
2012,08,5,0,1.08599,183.3667
2012,08,5,1,1.108435,185.7692
2012,08,5,2,0.9063815,166.8601
2012,08,5,3,0.8144517,156.4315
2012,08,5,4,0.9630859,172.5928
2012,08,5,5,1.030066,179.1234
2012,08,5,6,1.094872,185.0953
2012,08,5,7,1.285222,200.5247
2012,08,6,0,1.476277,212.8745
2012,08,6,1,1.45443,211.3316
2012,08,6,2,1.732819,228.3767
2012,08,6,3,2.011463,241.195
2012,08,6,4,2.212354,246.6048
2012,08,6,5,2.011424,238.722
2012,08,6,6,2.239505,246.8976
2012,08,6,7,2.737507,258.7137
2012,08,7,0,3.020868,263.1536
2012,08,7,1,2.432384,253.168
2012,08,7,2,1.978193,239.6219
2012,08,7,3,1.856357,234.4073
2012,08,7,4,1.567914,219.6645
2012,08,7,5,1.258621,198.9119
2012,08,7,6,1.177844,192.8294
2012,08,7,7,1.225828,195.9951
2012,08,8,0,1.11249,186.2269
2012,08,8,1,0.8626686,161.9252
2012,08,8,2,0.8198816,157.0174
2012,08,8,3,1.04672,180.3803
2012,08,8,4,1.19612,193.3021
2012,08,8,5,1.168544,191.1234
2012,08,8,6,1.162564,191.0027
2012,08,8,7,1.268439,200.0174
2012,08,9,0,1.503822,215.952
2012,08,9,1,1.647175,223.4941
2012,08,9,2,1.541806,217.5394
2012,08,9,3,1.415441,210.1921
2012,08,9,4,1.400915,209.496
2012,08,9,5,1.461161,213.0507
2012,08,9,6,1.652193,224.1091
2012,08,9,7,2.275289,248.0214
2012,08,10,0,2.097658,242.6218
2012,08,10,1,1.694908,227.0032
2012,08,10,2,1.808764,232.3032
2012,08,10,3,2.031783,241.5202
2012,08,10,4,2.74036,258.7092
2012,08,10,5,2.627983,256.2095
2012,08,10,6,2.747397,259.5738
2012,08,10,7,3.449285,269.2387
2012,08,11,0,3.41031,268.597
2012,08,11,1,2.437117,254.1956
2012,08,11,2,2.285366,248.7784
2012,08,11,3,2.346501,249.9103
2012,08,11,4,2.142817,243.6537
2012,08,11,5,2.178608,244.1445
2012,08,11,6,2.648366,255.3969
2012,08,11,7,2.404587,249.5858
2012,08,12,0,1.837531,230.8857
2012,08,12,1,1.282255,200.0722
2012,08,12,2,1.11395,186.6731
2012,08,12,3,0.8370627,158.6799
2012,08,12,4,0.7395295,146.3368
2012,08,12,5,0.7514364,147.5647
2012,08,12,6,0.9140443,166.4926
2012,08,12,7,1.103962,185.4245
2012,08,13,0,1.23743,196.4602
2012,08,13,1,1.27698,199.9162
2012,08,13,2,1.144575,189.9902
2012,08,13,3,0.9528631,172.1105
2012,08,13,4,0.8846994,162.214
2012,08,13,5,1.429148,206.1462
2012,08,13,6,2.207795,242.2779
2012,08,13,7,2.13882,240.1322
2012,08,14,0,1.440889,208.247
2012,08,14,1,0.9038132,164.7712
2012,08,14,2,0.9111766,165.9361
2012,08,14,3,0.9267989,167.3165
2012,08,14,4,0.9118109,165.9436
2012,08,14,5,0.7633045,148.9711
2012,08,14,6,0.8753737,162.5701
2012,08,14,7,1.081615,183.3382
2012,08,15,0,1.16206,190.4844
2012,08,15,1,1.070779,182.5094
2012,08,15,2,1.129922,188.0494
2012,08,15,3,1.097496,185.0333
2012,08,15,4,0.9496063,170.3162
2012,08,15,5,1.030752,178.8114
2012,08,15,6,1.193646,193.496
2012,08,15,7,1.289207,200.9411
2012,08,16,0,1.332226,203.5171
2012,08,16,1,1.399046,207.6792
2012,08,16,2,1.704199,225.4801
2012,08,16,3,1.682949,225.2507
2012,08,16,4,1.616371,221.8841
2012,08,16,5,1.504332,215.4794
2012,08,16,6,1.689646,225.6027
2012,08,16,7,2.032743,240.5885
2012,08,17,0,1.817792,232.6092
2012,08,17,1,1.493968,215.6214
2012,08,17,2,1.407329,209.8736
2012,08,17,3,1.159647,191.129
2012,08,17,4,0.8568024,160.767
2012,08,17,5,0.931838,169.1115
2012,08,17,6,1.207284,194.6664
2012,08,17,7,1.42003,210.4511
2012,08,18,0,1.505104,215.7619
2012,08,18,1,1.496208,214.8417
2012,08,18,2,1.464996,212.5605
2012,08,18,3,1.565273,218.2131
2012,08,18,4,1.418963,209.382
2012,08,18,5,1.069623,181.8395
2012,08,18,6,0.8604103,160.3792
2012,08,18,7,0.8402113,158.3315
2012,08,19,0,0.7376483,146.0105
2012,08,19,1,0.6144278,129.1956
2012,08,19,2,0.7914493,152.1448
2012,08,19,3,0.8830353,163.0517
2012,08,19,4,0.8581657,160.6384
2012,08,19,5,0.7441238,146.7795
2012,08,19,6,0.7274983,144.7158
2012,08,19,7,0.7978171,153.5387
2012,08,20,0,0.8965813,164.2298
2012,08,20,1,0.9606019,170.2168
2012,08,20,2,1.151684,187.2384
2012,08,20,3,1.428782,207.7987
2012,08,20,4,1.671272,221.139
2012,08,20,5,1.684695,221.9537
2012,08,20,6,1.936105,233.4096
2012,08,20,7,2.098965,240.6027
2012,08,21,0,2.455477,249.8684
2012,08,21,1,1.940646,235.4041
2012,08,21,2,1.910928,234.6389
2012,08,21,3,1.91757,235.1543
2012,08,21,4,1.828246,230.8279
2012,08,21,5,1.713281,225.5094
2012,08,21,6,1.837213,231.6647
2012,08,21,7,1.973724,237.7656
2012,08,22,0,2.050611,240.9444
2012,08,22,1,1.768205,229.8527
2012,08,22,2,1.527733,217.6152
2012,08,22,3,1.863979,233.8872
2012,08,22,4,2.340835,248.5151
2012,08,22,5,2.203674,243.6338
2012,08,22,6,2.168106,243.3074
2012,08,22,7,2.823162,258.5671
2012,08,23,0,2.867332,259.1488
2012,08,23,1,2.856578,259.1442
2012,08,23,2,3.002242,261.4009
2012,08,23,3,3.307049,264.8861
2012,08,23,4,3.070069,262.3279
2012,08,23,5,2.542171,253.3886
2012,08,23,6,2.725684,257.2864
2012,08,23,7,2.882309,260.9245
2012,08,24,0,2.76991,259.7596
2012,08,24,1,2.281334,249.2904
2012,08,24,2,1.706318,227.3728
2012,08,24,3,1.301535,202.6639
2012,08,24,4,1.153597,190.4137
2012,08,24,5,0.9819074,174.5167
2012,08,24,6,1.116085,187.4865
2012,08,24,7,1.296702,202.2554
2012,08,25,0,1.442969,211.9294
2012,08,25,1,1.380547,207.9379
2012,08,25,2,0.9172109,167.7691
2012,08,25,3,0.5074146,113.9402
2012,08,25,4,0.4193324,98.57209
2012,08,25,5,0.3707761,89.42233
2012,08,25,6,0.5037213,112.7576
2012,08,25,7,0.6785285,138.6967
2012,08,26,0,0.7553081,148.6334
2012,08,26,1,0.7353483,146.3081
2012,08,26,2,0.921487,167.4333
2012,08,26,3,1.201281,193.1237
2012,08,26,4,1.361635,205.0069
2012,08,26,5,1.407812,208.3612
2012,08,26,6,1.542793,217.0078
2012,08,26,7,2.016041,238.5637
2012,08,27,0,1.996136,238.5312
2012,08,27,1,1.951101,236.6777
2012,08,27,2,1.842613,232.2476
2012,08,27,3,1.996819,238.7383
2012,08,27,4,2.081909,242.3881
2012,08,27,5,2.047291,241.7361
2012,08,27,6,2.319231,250.7591
2012,08,27,7,2.887459,262.7731
2012,08,28,0,2.792804,261.7897
2012,08,28,1,2.298787,251.2968
2012,08,28,2,2.218549,248.9273
2012,08,28,3,2.19443,247.9231
2012,08,28,4,2.251449,249.0411
2012,08,28,5,2.407596,252.4472
2012,08,28,6,2.753071,260.0101
2012,08,28,7,3.057841,265.4686
2012,08,29,0,2.716583,260.8152
2012,08,29,1,2.454315,255.4824
2012,08,29,2,2.196981,248.5273
2012,08,29,3,2.247318,249.7901
2012,08,29,4,2.462957,255.0481
2012,08,29,5,2.553713,256.436
2012,08,29,6,2.904777,262.8144
2012,08,29,7,2.881791,263.1159
2012,08,30,0,2.486088,256.249
2012,08,30,1,2.159049,247.3287
2012,08,30,2,2.149664,246.7079
2012,08,30,3,2.14916,246.2766
2012,08,30,4,2.137137,245.2965
2012,08,30,5,2.037972,241.0284
2012,08,30,6,2.125109,243.8096
2012,08,30,7,2.725081,258.8457
2012,08,31,0,2.764798,258.1864
2012,08,31,1,2.403557,251.2942
2012,08,31,2,2.475903,252.9183
2012,08,31,3,2.579721,255.0585
2012,08,31,4,2.298412,247.6733
2012,08,31,5,1.919433,234.8085
2012,08,31,6,1.878129,234.5223
2012,08,31,7,2.327679,250.1823
2013,08,1,0,2.530413,253.8391
2013,08,1,1,2.181215,245.5531
2013,08,1,2,1.882218,235.3745
2013,08,1,3,1.581437,220.6171
2013,08,1,4,1.550085,218.0724
2013,08,1,5,1.681273,225.0701
2013,08,1,6,2.310079,248.9264
2013,08,1,7,2.877049,261.6206
2013,08,2,0,2.984794,263.4428
2013,08,2,1,2.21035,247.4745
2013,08,2,2,1.566054,220.2514
2013,08,2,3,1.541201,219.0937
2013,08,2,4,1.383506,209.5658
2013,08,2,5,1.017045,179.0596
2013,08,2,6,1.432103,212.1053
2013,08,2,7,1.698172,227.6547
2013,08,3,0,1.792116,231.7524
2013,08,3,1,1.760337,229.6886
2013,08,3,2,1.771736,230.218
2013,08,3,3,1.709899,227.917
2013,08,3,4,1.68987,225.9105
2013,08,3,5,1.715348,225.8172
2013,08,3,6,2.187805,245.8095
2013,08,3,7,2.609857,256.5478
2013,08,4,0,2.664967,257.6961
2013,08,4,1,2.273849,248.4871
2013,08,4,2,1.898016,235.4413
2013,08,4,3,1.546894,217.9519
2013,08,4,4,1.56639,218.6288
2013,08,4,5,1.808505,230.6691
2013,08,4,6,2.345949,249.2653
2013,08,4,7,2.630921,256.5493
2013,08,5,0,2.795321,260.0281
2013,08,5,1,2.500477,253.6494
2013,08,5,2,2.183523,244.3949
2013,08,5,3,1.952997,236.4277
2013,08,5,4,1.986059,236.5401
2013,08,5,5,2.146244,241.335
2013,08,5,6,2.522814,252.3033
2013,08,5,7,2.849138,259.4417
2013,08,6,0,2.780377,258.8487
2013,08,6,1,2.619469,255.8243
2013,08,6,2,1.998681,238.1674
2013,08,6,3,1.645502,222.7431
2013,08,6,4,1.689131,224.1588
2013,08,6,5,1.558336,216.8565
2013,08,6,6,2.02433,239.6264
2013,08,6,7,2.436346,252.3777
2013,08,7,0,2.214608,246.5542
2013,08,7,1,1.613666,221.7785
2013,08,7,2,1.458852,212.6971
2013,08,7,3,1.650114,223.7079
2013,08,7,4,1.741941,228.1432
2013,08,7,5,1.80893,231.542
2013,08,7,6,2.095816,242.322
2013,08,7,7,2.563302,254.5539
2013,08,8,0,2.553298,254.4248
2013,08,8,1,2.172996,244.4215
2013,08,8,2,1.575445,218.7918
2013,08,8,3,1.532105,215.7891
2013,08,8,4,1.905654,234.2066
2013,08,8,5,1.93206,235.2864
2013,08,8,6,2.37926,248.8469
2013,08,8,7,2.736367,256.1849
2013,08,9,0,2.441107,249.9012
2013,08,9,1,1.843915,230.6106
2013,08,9,2,1.719,225.0058
2013,08,9,3,1.92706,233.847
2013,08,9,4,2.121853,240.5759
2013,08,9,5,2.024355,237.2796
2013,08,9,6,2.453446,249.8841
2013,08,9,7,2.814116,257.3527
2013,08,10,0,2.71303,255.4304
2013,08,10,1,1.844896,231.6277
2013,08,10,2,1.696724,225.032
2013,08,10,3,1.751729,227.7846
2013,08,10,4,1.643154,222.8098
2013,08,10,5,1.694326,224.855
2013,08,10,6,1.862337,233.0705
2013,08,10,7,2.246021,246.8155
2013,08,11,0,2.449395,252.1799
2013,08,11,1,2.339043,248.3529
2013,08,11,2,1.853027,233.106
2013,08,11,3,1.727644,227.9935
2013,08,11,4,1.760095,229.5598
2013,08,11,5,1.811642,231.3578
2013,08,11,6,2.264401,247.0427
2013,08,11,7,2.450533,252.0685
2013,08,12,0,2.179786,245.1429
2013,08,12,1,1.793917,230.8761
2013,08,12,2,1.91656,235.793
2013,08,12,3,2.027695,240.1416
2013,08,12,4,1.903971,234.8253
2013,08,12,5,2.001942,238.3945
2013,08,12,6,2.319754,248.3521
2013,08,12,7,2.729465,257.8897
2013,08,13,0,2.783675,259.1534
2013,08,13,1,2.411426,251.9298
2013,08,13,2,2.315607,249.3109
2013,08,13,3,2.040491,240.9659
2013,08,13,4,2.005211,239.2603
2013,08,13,5,2.178625,244.5241
2013,08,13,6,2.542508,253.8501
2013,08,13,7,3.037612,262.8904
2013,08,14,0,3.038719,262.9352
2013,08,14,1,2.124943,244.9503
2013,08,14,2,1.804677,231.988
2013,08,14,3,1.624593,222.6214
2013,08,14,4,1.695142,225.7145
2013,08,14,5,1.668708,223.8933
2013,08,14,6,1.776946,229.3273
2013,08,14,7,1.75989,228.8569
2013,08,15,0,1.471872,213.4733
2013,08,15,1,1.372276,206.0152
2013,08,15,2,1.517498,214.7161
2013,08,15,3,1.564769,218.0783
2013,08,15,4,1.372243,207.1645
2013,08,15,5,1.153966,190.5505
2013,08,15,6,1.287658,201.4109
2013,08,15,7,1.384977,208.5328
2013,08,16,0,1.439112,211.695
2013,08,16,1,1.361258,206.6965
2013,08,16,2,1.370797,207.485
2013,08,16,3,1.466907,213.4039
2013,08,16,4,1.352197,205.5618
2013,08,16,5,1.217582,195.444
2013,08,16,6,1.332789,204.3094
2013,08,16,7,1.524796,217.258
2013,08,17,0,1.618413,222.6322
2013,08,17,1,1.51854,217.3296
2013,08,17,2,1.36905,208.6261
2013,08,17,3,1.1383,189.7715
2013,08,17,4,1.149246,189.6874
2013,08,17,5,1.22096,195.5119
2013,08,17,6,1.244533,197.2539
2013,08,17,7,1.332036,204.1052
2013,08,18,0,1.45816,212.6887
2013,08,18,1,1.510539,215.7992
2013,08,18,2,1.557807,218.6051
2013,08,18,3,1.591289,220.9797
2013,08,18,4,1.653749,224.2073
2013,08,18,5,1.887821,234.5811
2013,08,18,6,2.230384,247.5407
2013,08,18,7,2.48883,255.3325
2013,08,19,0,2.390355,253.3707
2013,08,19,1,2.088071,244.5304
2013,08,19,2,1.828893,234.544
2013,08,19,3,1.786932,232.3936
2013,08,19,4,1.648727,225.4738
2013,08,19,5,1.521835,218.82
2013,08,19,6,1.616149,223.6856
2013,08,19,7,1.592431,222.6442
2013,08,20,0,1.692474,227.5836
2013,08,20,1,1.606539,223.1939
2013,08,20,2,1.398069,210.8219
2013,08,20,3,1.348807,206.7456
2013,08,20,4,1.579051,220.9297
2013,08,20,5,1.740197,228.9012
2013,08,20,6,1.923594,237.3877
2013,08,20,7,2.518086,255.9374
2013,08,21,0,3.331215,267.8748
2013,08,21,1,3.014977,263.7815
2013,08,21,2,2.616928,257.9556
2013,08,21,3,2.757917,261.5878
2013,08,21,4,2.442726,254.9772
2013,08,21,5,2.137092,245.2601
2013,08,21,6,2.88079,262.0286
2013,08,21,7,3.018209,264.6826
2013,08,22,0,2.938534,263.7406
2013,08,22,1,2.714856,260.1271
2013,08,22,2,2.373225,252.6552
2013,08,22,3,2.152816,245.9892
2013,08,22,4,2.202798,246.9498
2013,08,22,5,2.166622,245.4812
2013,08,22,6,2.602125,256.6808
2013,08,22,7,3.44048,268.92
2013,08,23,0,3.34693,267.5217
2013,08,23,1,2.686122,258.3504
2013,08,23,2,2.421302,252.5214
2013,08,23,3,2.24817,247.5738
2013,08,23,4,2.180031,245.9309
2013,08,23,5,2.145572,244.9068
2013,08,23,6,2.569595,256.3897
2013,08,23,7,2.891492,262.3003
2013,08,24,0,3.04903,264.578
2013,08,24,1,3.256616,265.8858
2013,08,24,2,2.83021,258.7121
2013,08,24,3,2.070193,241.6844
2013,08,24,4,1.655098,223.9462
2013,08,24,5,1.834596,231.4986
2013,08,24,6,2.320516,248.1482
2013,08,24,7,2.891297,260.2707
2013,08,25,0,3.070896,262.3431
2013,08,25,1,2.572546,253.9924
2013,08,25,2,2.473943,251.8778
2013,08,25,3,2.5506,253.7616
2013,08,25,4,2.591285,254.8169
2013,08,25,5,2.181434,244.7516
2013,08,25,6,2.600896,255.3078
2013,08,25,7,3.165576,264.1795
2013,08,26,0,3.392373,266.7332
2013,08,26,1,3.142177,264.5367
2013,08,26,2,3.089595,264.2087
2013,08,26,3,2.75834,259.1407
2013,08,26,4,2.55164,255.648
2013,08,26,5,2.298211,249.5133
2013,08,26,6,2.8146,260.7047
2013,08,26,7,3.5267,269.6599
2013,08,27,0,3.447978,268.7223
2013,08,27,1,2.979391,263.0669
2013,08,27,2,2.776033,259.3799
2013,08,27,3,2.598877,256.5649
2013,08,27,4,2.469705,253.6101
2013,08,27,5,2.303226,249.282
2013,08,27,6,2.570009,255.8782
2013,08,27,7,2.751134,260.005
2013,08,28,0,3.372626,268.2872
2013,08,28,1,3.371333,267.6513
2013,08,28,2,3.111681,265.412
2013,08,28,3,2.60086,257.8051
2013,08,28,4,2.546903,256.5169
2013,08,28,5,2.70909,259.3004
2013,08,28,6,2.732107,259.7765
2013,08,28,7,2.998296,264.4907
2013,08,29,0,3.560319,270.4426
2013,08,29,1,3.11625,264.7754
2013,08,29,2,2.487591,253.9401
2013,08,29,3,1.861216,235.1847
2013,08,29,4,1.635366,224.2086
2013,08,29,5,1.733643,228.247
2013,08,29,6,2.324119,250.3251
2013,08,29,7,2.817165,261.7554
2013,08,30,0,3.03888,265.0798
2013,08,30,1,2.489457,255.9064
2013,08,30,2,2.228452,249.6162
2013,08,30,3,2.395918,253.9636
2013,08,30,4,2.346211,252.4586
2013,08,30,5,2.333857,251.8347
2013,08,30,6,2.967391,264.5333
2013,08,30,7,3.770694,272.8612
2013,08,31,0,3.604366,271.6551
2013,08,31,1,3.031886,266.6312
2013,08,31,2,3.048012,266.6527
2013,08,31,3,3.370995,269.6993
2013,08,31,4,2.729989,260.0375
2013,08,31,5,2.138979,244.6297
2013,08,31,6,1.953493,238.2141
2013,08,31,7,2.017003,240.7933
2014,08,1,0,1.467755,211.8668
2014,08,1,1,1.265665,197.823
2014,08,1,2,1.066285,181.1157
2014,08,1,3,1.051642,179.6211
2014,08,1,4,0.9391313,168.0248
2014,08,1,5,0.834396,156.2547
2014,08,1,6,1.117414,185.1421
2014,08,1,7,1.409993,208.0936
2014,08,2,0,1.583789,218.8528
2014,08,2,1,1.187815,191.9554
2014,08,2,2,0.9892188,173.0382
2014,08,2,3,1.010534,174.8328
2014,08,2,4,0.9815497,171.9524
2014,08,2,5,1.028948,176.6806
2014,08,2,6,1.310976,200.8556
2014,08,2,7,1.608183,220.363
2014,08,3,0,1.779752,229.6082
2014,08,3,1,1.637592,223.0432
2014,08,3,2,1.709273,226.4962
2014,08,3,3,1.840604,232.4962
2014,08,3,4,1.696203,225.8761
2014,08,3,5,1.644667,223.0551
2014,08,3,6,2.041766,240.1887
2014,08,3,7,2.629745,256.7944
2014,08,4,0,2.970518,262.6086
2014,08,4,1,2.795121,259.7265
2014,08,4,2,2.638109,256.8746
2014,08,4,3,2.409339,251.8305
2014,08,4,4,2.200485,245.353
2014,08,4,5,2.143495,243.1684
2014,08,4,6,2.87388,258.9534
2014,08,4,7,3.050709,262.2549
2014,08,5,0,3.033482,262.5785
2014,08,5,1,2.635452,256.2968
2014,08,5,2,2.480329,253.2027
2014,08,5,3,2.508181,253.1865
2014,08,5,4,2.435302,250.5361
2014,08,5,5,2.052479,239.0274
2014,08,5,6,2.311979,247.7001
2014,08,5,7,2.949303,260.4594
2014,08,6,0,2.94048,260.0432
2014,08,6,1,2.42266,250.175
2014,08,6,2,2.04098,240.0565
2014,08,6,3,1.988762,238.6351
2014,08,6,4,1.886262,234.2972
2014,08,6,5,1.418989,209.8449
2014,08,6,6,1.462866,212.8488
2014,08,6,7,1.535372,217.3204
2014,08,7,0,1.658703,223.8762
2014,08,7,1,1.589819,219.9702
2014,08,7,2,1.668792,224.119
2014,08,7,3,1.752522,228.132
2014,08,7,4,1.637672,222.5324
2014,08,7,5,1.66093,223.4854
2014,08,7,6,2.141647,242.0519
2014,08,7,7,2.321878,247.3232
2014,08,8,0,2.207386,244.4232
2014,08,8,1,1.842068,231.6247
2014,08,8,2,1.503217,214.5427
2014,08,8,3,1.782969,227.9078
2014,08,8,4,1.597192,218.4538
2014,08,8,5,1.698638,223.0172
2014,08,8,6,2.167458,241.9353
2014,08,8,7,2.488909,251.208
2014,08,9,0,2.567006,253.5401
2014,08,9,1,2.295231,247.3845
2014,08,9,2,2.326828,248.42
2014,08,9,3,2.195055,244.7974
2014,08,9,4,1.676551,223.5574
2014,08,9,5,1.153061,188.2154
2014,08,9,6,1.426557,209.1237
2014,08,9,7,1.934318,234.8581
2014,08,10,0,2.194703,243.9552
2014,08,10,1,1.990732,237.4095
2014,08,10,2,1.760217,227.9623
2014,08,10,3,1.698352,224.8032
2014,08,10,4,1.557003,216.6027
2014,08,10,5,1.415757,207.351
2014,08,10,6,1.621044,219.8793
2014,08,10,7,1.827201,229.8478
2014,08,11,0,1.62798,221.0876
2014,08,11,1,1.350112,204.6541
2014,08,11,2,1.185139,192.4097
2014,08,11,3,0.8780699,163.1215
2014,08,11,4,0.6924563,140.0276
2014,08,11,5,0.631119,131.3962
2014,08,11,6,0.9594325,171.3529
2014,08,11,7,1.25335,197.8074
2014,08,12,0,1.464578,213.0072
2014,08,12,1,1.46215,213.3225
2014,08,12,2,1.277235,200.8104
2014,08,12,3,1.100186,186.2153
2014,08,12,4,1.076627,183.6001
2014,08,12,5,1.184094,192.5342
2014,08,12,6,1.471176,213.4112
2014,08,12,7,1.886473,234.963
2014,08,13,0,2.371163,250.5928
2014,08,13,1,2.38069,250.546
2014,08,13,2,2.497266,253.4188
2014,08,13,3,2.394931,251.2236
2014,08,13,4,2.45462,252.1024
2014,08,13,5,2.310432,248.7328
2014,08,13,6,2.805103,259.9789
2014,08,13,7,3.541669,269.2119
2014,08,14,0,3.628779,269.5636
2014,08,14,1,3.022046,262.4242
2014,08,14,2,3.03856,262.9333
2014,08,14,3,2.948882,262.5916
2014,08,14,4,3.06595,263.5861
2014,08,14,5,3.260117,265.4612
2014,08,14,6,3.853716,270.806
2014,08,14,7,3.803313,270.5869
2014,08,15,0,2.815517,259.9578
2014,08,15,1,2.192678,245.7646
2014,08,15,2,1.907515,235.3548
2014,08,15,3,1.65782,224.2305
2014,08,15,4,1.388934,208.2114
2014,08,15,5,1.755452,228.2495
2014,08,15,6,2.503576,252.744
2014,08,15,7,2.617547,255.4148
2014,08,16,0,2.388842,250.5628
2014,08,16,1,1.850902,233.3058
2014,08,16,2,1.685326,225.858
2014,08,16,3,1.616563,221.9606
2014,08,16,4,1.50367,214.7146
2014,08,16,5,1.217397,194.5714
2014,08,16,6,1.214358,194.8626
2014,08,16,7,1.295569,201.6798
2014,08,17,0,1.344345,205.4976
2014,08,17,1,1.359088,206.4343
2014,08,17,2,1.458415,212.7421
2014,08,17,3,1.486432,214.0514
2014,08,17,4,1.334709,203.5938
2014,08,17,5,1.247677,196.8643
2014,08,17,6,1.092835,184.4095
2014,08,17,7,1.197986,193.0605
2014,08,18,0,1.285155,199.9808
2014,08,18,1,1.244842,196.6265
2014,08,18,2,1.548334,215.2862
2014,08,18,3,1.489517,211.4596
2014,08,18,4,1.263362,196.7392
2014,08,18,5,1.186978,191.6811
2014,08,18,6,1.410294,207.7881
2014,08,18,7,2.078256,239.5101
2014,08,19,0,2.280884,247.0622
2014,08,19,1,2.108956,242.3327
2014,08,19,2,2.048551,239.2287
2014,08,19,3,1.534905,216.742
2014,08,19,4,1.348681,204.874
2014,08,19,5,1.456101,211.3146
2014,08,19,6,2.032017,238.4529
2014,08,19,7,2.540581,252.9752
2014,08,20,0,2.40474,250.2047
2014,08,20,1,2.300238,248.035
2014,08,20,2,2.768173,257.8134
2014,08,20,3,2.736662,257.669
2014,08,20,4,2.867491,260.4029
2014,08,20,5,2.972218,260.5832
2014,08,20,6,2.809596,258.5998
2014,08,20,7,2.568513,254.6545
2014,08,21,0,2.613514,255.285
2014,08,21,1,2.118908,241.9048
2014,08,21,2,1.711071,225.2175
2014,08,21,3,1.480072,212.2381
2014,08,21,4,1.641324,221.307
2014,08,21,5,1.53961,215.6472
2014,08,21,6,2.129435,241.3753
2014,08,21,7,2.714655,255.9854
2014,08,22,0,2.554701,252.5839
2014,08,22,1,2.139698,241.8301
2014,08,22,2,2.09449,240.4195
2014,08,22,3,2.048435,238.7342
2014,08,22,4,2.240034,243.9057
2014,08,22,5,2.581882,250.9325
2014,08,22,6,2.464524,249.8766
2014,08,22,7,2.969974,260.4002
2014,08,23,0,3.18366,263.2653
2014,08,23,1,2.596132,254.1629
2014,08,23,2,2.460973,250.5172
2014,08,23,3,1.92559,233.814
2014,08,23,4,1.594342,218.8721
2014,08,23,5,2.133318,241.2911
2014,08,23,6,2.166067,240.7503
2014,08,23,7,1.896085,230.2529
2014,08,24,0,1.270019,195.8229
2014,08,24,1,0.8932648,162.3821
2014,08,24,2,0.7329307,143.6592
2014,08,24,3,0.7363267,143.5802
2014,08,24,4,0.6437214,131.3708
2014,08,24,5,0.7025901,139.6697
2014,08,24,6,0.9697102,170.2518
2014,08,24,7,1.105428,183.293
2014,08,25,0,1.423286,208.1079
2014,08,25,1,1.65446,221.8234
2014,08,25,2,1.842827,230.9007
2014,08,25,3,2.262474,244.8931
2014,08,25,4,2.695459,254.6449
2014,08,25,5,2.08258,239.3448
2014,08,25,6,1.963941,235.6985
2014,08,25,7,2.330315,248.1137
2014,08,26,0,2.801218,257.8149
2014,08,26,1,2.156193,243.1449
2014,08,26,2,1.376147,206.8308
2014,08,26,3,1.813841,230.6604
2014,08,26,4,2.495472,252.8558
2014,08,26,5,2.598164,254.4387
2014,08,26,6,3.151077,262.0492
2014,08,26,7,2.396391,249.1578
2014,08,27,0,2.291724,246.6549
2014,08,27,1,2.541317,252.3035
2014,08,27,2,2.335014,248.2518
2014,08,27,3,2.476544,252.4503
2014,08,27,4,2.526162,253.2973
2014,08,27,5,2.690462,256.5609
2014,08,27,6,2.975715,261.2337
2014,08,27,7,2.582915,254.0766
2014,08,28,0,2.599198,253.1792
2014,08,28,1,2.161201,241.1316
2014,08,28,2,1.876449,231.0321
2014,08,28,3,1.856183,230.2727
2014,08,28,4,1.665132,221.4624
2014,08,28,5,2.04543,237.1981
2014,08,28,6,2.802957,255.2439
2014,08,28,7,2.340829,247.139
2014,08,29,0,1.898181,234.512
2014,08,29,1,1.453782,212.0123
2014,08,29,2,1.197167,193.9539
2014,08,29,3,1.524685,216.1012
2014,08,29,4,1.656145,222.7905
2014,08,29,5,1.80407,229.481
2014,08,29,6,2.03248,238.7264
2014,08,29,7,2.098915,241.5223
2014,08,30,0,1.91477,235.224
2014,08,30,1,1.736761,227.4322
2014,08,30,2,1.710233,226.2354
2014,08,30,3,1.696431,226.1236
2014,08,30,4,1.842072,232.2248
2014,08,30,5,1.790988,230.0
2014,08,30,6,1.818738,231.7514
2014,08,30,7,2.352173,250.0391
2014,08,31,0,2.889631,259.6428
2014,08,31,1,1.77789,229.607
2014,08,31,2,1.724077,227.0864
2014,08,31,3,2.798105,258.3381
2014,08,31,4,2.431162,251.2508
2014,08,31,5,2.604431,252.8312
2014,08,31,6,1.90308,232.1342
2014,08,31,7,1.962957,234.7897
2015,08,1,0,2.138893,245.3002
2015,08,1,1,1.987607,240.3858
2015,08,1,2,1.702031,228.0561
2015,08,1,3,1.312002,203.0153
2015,08,1,4,1.117011,186.1402
2015,08,1,5,1.128299,186.9898
2015,08,1,6,1.525971,217.1531
2015,08,1,7,1.969006,238.6793
2015,08,2,0,2.446215,253.2991
2015,08,2,1,2.504417,254.6989
2015,08,2,2,2.212301,248.1687
2015,08,2,3,2.046996,243.1572
2015,08,2,4,1.942308,238.9595
2015,08,2,5,1.855299,235.1625
2015,08,2,6,2.018305,241.5979
2015,08,2,7,2.384474,253.2264
2015,08,3,0,2.608487,258.2196
2015,08,3,1,2.651956,258.948
2015,08,3,2,2.394841,252.4943
2015,08,3,3,1.959815,237.6822
2015,08,3,4,1.649752,223.082
2015,08,3,5,1.608785,219.717
2015,08,3,6,2.023678,238.2998
2015,08,3,7,2.332781,248.2914
2015,08,4,0,2.566452,255.1799
2015,08,4,1,3.179937,264.4908
2015,08,4,2,2.089234,241.527
2015,08,4,3,2.173954,242.3322
2015,08,4,4,1.778869,228.0589
2015,08,4,5,1.918431,234.4079
2015,08,4,6,2.009102,238.6716
2015,08,4,7,1.862471,234.0993
2015,08,5,0,1.588057,221.1378
2015,08,5,1,1.328804,204.4211
2015,08,5,2,1.788239,230.0465
2015,08,5,3,1.728137,227.7358
2015,08,5,4,1.654863,223.9756
2015,08,5,5,1.77219,229.8272
2015,08,5,6,2.464424,253.2237
2015,08,5,7,2.750753,260.3542
2015,08,6,0,2.424076,253.4437
2015,08,6,1,2.030029,241.8245
2015,08,6,2,2.37213,251.4708
2015,08,6,3,2.428906,252.8252
2015,08,6,4,1.77064,230.1745
2015,08,6,5,1.335132,204.6482
2015,08,6,6,1.352767,205.8174
2015,08,6,7,1.380483,208.2885
2015,08,7,0,1.306027,202.1511
2015,08,7,1,1.544591,216.1655
2015,08,7,2,1.682005,224.3521
2015,08,7,3,1.619313,221.1161
2015,08,7,4,1.529072,214.8326
2015,08,7,5,1.422138,207.8294
2015,08,7,6,1.85804,230.4836
2015,08,7,7,2.416317,249.3409
2015,08,8,0,2.655706,254.8164
2015,08,8,1,2.375597,248.8234
2015,08,8,2,2.025592,238.6024
2015,08,8,3,2.379365,249.2571
2015,08,8,4,2.226016,244.8481
2015,08,8,5,1.33658,203.1515
2015,08,8,6,1.322538,202.6404
2015,08,8,7,1.596819,220.1528
2015,08,9,0,1.565434,218.4175
2015,08,9,1,1.434813,210.2124
2015,08,9,2,1.453432,211.2784
2015,08,9,3,1.657441,222.4161
2015,08,9,4,1.467326,211.7601
2015,08,9,5,1.020061,177.133
2015,08,9,6,1.368654,205.2653
2015,08,9,7,1.561158,217.5021
2015,08,10,0,1.542836,216.7026
2015,08,10,1,1.407232,208.2515
2015,08,10,2,1.455651,211.4805
2015,08,10,3,1.397141,208.3205
2015,08,10,4,1.211845,194.538
2015,08,10,5,1.350227,204.3193
2015,08,10,6,1.639951,222.3208
2015,08,10,7,2.097103,242.4934
2015,08,11,0,2.395737,252.0962
2015,08,11,1,1.898253,236.6584
2015,08,11,2,1.409198,210.3568
2015,08,11,3,1.515383,216.0874
2015,08,11,4,1.34857,204.3748
2015,08,11,5,1.32521,202.2159
2015,08,11,6,2.086033,241.9201
2015,08,11,7,2.966516,262.2444
2015,08,12,0,3.448958,267.2511
2015,08,12,1,2.896881,260.2893
2015,08,12,2,2.45166,252.9218
2015,08,12,3,2.334385,249.9988
2015,08,12,4,2.290543,248.4019
2015,08,12,5,2.138362,243.0962
2015,08,12,6,2.698519,257.7002
2015,08,12,7,3.427358,268.3444
2015,08,13,0,3.283156,266.8821
2015,08,13,1,2.707821,258.7999
2015,08,13,2,2.288341,248.868
2015,08,13,3,2.301567,248.6893
2015,08,13,4,2.614884,255.7895
2015,08,13,5,2.667349,257.1169
2015,08,13,6,3.205645,265.7886
2015,08,13,7,3.334805,267.9507
2015,08,14,0,3.265481,267.3284
2015,08,14,1,2.691856,258.9919
2015,08,14,2,2.266618,249.2171
2015,08,14,3,1.877683,236.0632
2015,08,14,4,1.811105,233.0764
2015,08,14,5,1.876319,235.9452
2015,08,14,6,2.333447,251.0876
2015,08,14,7,3.082548,265.7738
2015,08,15,0,3.251739,268.0973
2015,08,15,1,2.575822,258.1173
2015,08,15,2,2.367673,252.9917
2015,08,15,3,2.203042,248.0371
2015,08,15,4,1.647999,225.2917
2015,08,15,5,1.624647,223.3079
2015,08,15,6,2.411505,252.3891
2015,08,15,7,3.028211,264.4307
2015,08,16,0,3.306372,267.8481
2015,08,16,1,3.020866,264.1279
2015,08,16,2,2.471025,254.16
2015,08,16,3,2.645627,256.9078
2015,08,16,4,1.828969,232.5914
2015,08,16,5,1.398466,208.6914
2015,08,16,6,1.990344,238.3603
2015,08,16,7,3.009874,262.3217
2015,08,17,0,3.10331,264.2708
2015,08,17,1,2.356889,247.9889
2015,08,17,2,1.352451,204.2147
2015,08,17,3,1.178801,191.8189
2015,08,17,4,0.6377983,132.1095
2015,08,17,5,0.4778368,108.1207
2015,08,17,6,1.095826,183.9932
2015,08,17,7,1.600492,220.0305
2015,08,18,0,2.008535,238.2874
2015,08,18,1,1.785172,227.7026
2015,08,18,2,1.098897,183.2762
2015,08,18,3,0.7062824,140.6369
2015,08,18,4,0.6550111,132.6639
2015,08,18,5,0.9465985,166.3762
2015,08,18,6,1.296836,196.0308
2015,08,18,7,1.437119,204.7818
2015,08,19,0,1.45729,206.06
2015,08,19,1,1.764321,222.1285
2015,08,19,2,1.62177,214.4543
2015,08,19,3,0.8090563,149.8888
2015,08,19,4,0.5083083,110.0968
2015,08,19,5,0.4283115,96.77521
2015,08,19,6,0.5838715,121.3184
2015,08,19,7,0.7601603,145.5714
2015,08,20,0,1.017976,174.4541
2015,08,20,1,1.330874,201.1344
2015,08,20,2,1.590912,218.2034
2015,08,20,3,1.546355,215.8996
2015,08,20,4,1.303749,200.4304
2015,08,20,5,1.255704,196.8005
2015,08,20,6,1.455491,210.5822
2015,08,20,7,1.469853,212.2112
2015,08,21,0,1.155928,189.4306
2015,08,21,1,0.9500353,169.7214
2015,08,21,2,1.070715,181.2471
2015,08,21,3,0.8585742,160.2632
2015,08,21,4,0.384866,91.09839
2015,08,21,5,0.6457349,131.9344
2015,08,21,6,0.9816088,172.675
2015,08,21,7,1.018859,176.6387
2015,08,22,0,1.088042,183.4988
2015,08,22,1,2.024937,237.9132
2015,08,22,2,1.499226,212.9079
2015,08,22,3,1.191746,191.5823
2015,08,22,4,1.429281,208.729
2015,08,22,5,1.261487,198.2028
2015,08,22,6,1.074373,182.139
2015,08,22,7,1.151674,188.4145
2015,08,23,0,0.9780433,171.9074
2015,08,23,1,0.890093,162.4413
2015,08,23,2,0.8397158,157.1676
2015,08,23,3,0.8050199,153.1473
2015,08,23,4,0.7402571,145.4921
2015,08,23,5,0.6173186,128.8504
2015,08,23,6,0.6415864,131.8453
2015,08,23,7,0.7964866,151.6679
2015,08,24,0,0.7867402,150.2587
2015,08,24,1,0.7181486,142.3629
2015,08,24,2,0.8407283,157.7818
2015,08,24,3,1.381045,206.2123
2015,08,24,4,1.31676,201.0149
2015,08,24,5,0.8550874,159.5941
2015,08,24,6,0.8614362,160.1054
2015,08,24,7,0.9368411,168.2778
2015,08,25,0,0.8746417,161.3709
2015,08,25,1,0.925185,166.3238
2015,08,25,2,1.189434,190.3036
2015,08,25,3,1.478925,210.6969
2015,08,25,4,1.332457,202.2977
2015,08,25,5,1.24705,196.7099
2015,08,25,6,1.215864,195.0435
2015,08,25,7,1.419779,209.5829
2015,08,26,0,1.760422,227.809
2015,08,26,1,1.652806,222.7061
2015,08,26,2,1.699916,225.6862
2015,08,26,3,1.905175,235.6818
2015,08,26,4,1.949784,237.7182
2015,08,26,5,2.020321,240.0429
2015,08,26,6,2.326547,249.3684
2015,08,26,7,3.193094,264.97
2015,08,27,0,3.356934,266.3358
2015,08,27,1,3.13974,264.0394
2015,08,27,2,3.144474,263.9809
2015,08,27,3,3.252137,264.9853
2015,08,27,4,3.210296,263.9021
2015,08,27,5,3.106415,262.6955
2015,08,27,6,3.45212,267.1698
2015,08,27,7,3.394446,266.9704
2015,08,28,0,2.64625,255.9659
2015,08,28,1,1.990296,237.9223
2015,08,28,2,2.015024,238.4562
2015,08,28,3,2.096478,240.7742
2015,08,28,4,1.53445,215.6672
2015,08,28,5,1.433237,209.0284
2015,08,28,6,1.708203,225.0392
2015,08,28,7,1.78408,229.7097
2015,08,29,0,1.79098,230.1228
2015,08,29,1,1.613219,221.3166
2015,08,29,2,1.507804,215.8706
2015,08,29,3,1.350544,206.2898
2015,08,29,4,1.166215,192.2611
2015,08,29,5,1.088268,185.3519
2015,08,29,6,1.185237,194.0955
2015,08,29,7,1.388495,209.7075
2015,08,30,0,1.570334,221.011
2015,08,30,1,1.494565,216.7441
2015,08,30,2,1.399144,211.141
2015,08,30,3,1.285678,203.1222
2015,08,30,4,1.193957,195.5725
2015,08,30,5,1.320851,204.4658
2015,08,30,6,1.763112,230.6618
2015,08,30,7,2.11188,243.9003
2015,08,31,0,2.324494,250.2186
2015,08,31,1,2.449779,252.791
2015,08,31,2,2.350438,249.8541
2015,08,31,3,2.300665,247.3536
2015,08,31,4,2.296087,246.4361
2015,08,31,5,2.213399,243.7644
2015,08,31,6,2.334542,247.3539
2015,08,31,7,2.4608,250.0281
2016,08,1,0,2.452152,253.6827
2016,08,1,1,2.265609,248.6975
2016,08,1,2,2.068818,242.4687
2016,08,1,3,1.733508,228.66
2016,08,1,4,1.585324,220.1436
2016,08,1,5,1.15689,190.2304
2016,08,1,6,1.444344,212.5958
2016,08,1,7,1.742097,228.8522
2016,08,2,0,1.733299,228.1834
2016,08,2,1,1.540952,217.9908
2016,08,2,2,1.55943,219.5404
2016,08,2,3,1.750971,229.7325
2016,08,2,4,1.729867,229.0248
2016,08,2,5,1.930741,237.1988
2016,08,2,6,2.421101,253.2566
2016,08,2,7,2.633082,258.5889
2016,08,3,0,1.87205,236.4964
2016,08,3,1,1.474362,217.018
2016,08,3,2,1.449704,215.7281
2016,08,3,3,1.506644,218.959
2016,08,3,4,1.731792,230.964
2016,08,3,5,1.732368,231.2993
2016,08,3,6,2.112119,246.6894
2016,08,3,7,2.692605,261.1915
2016,08,4,0,2.761482,262.8039
2016,08,4,1,2.784228,262.6503
2016,08,4,2,2.739955,260.7902
2016,08,4,3,2.157905,244.5244
2016,08,4,4,1.771396,229.2018
2016,08,4,5,1.650035,222.1291
2016,08,4,6,1.972288,235.323
2016,08,4,7,2.28183,245.9447
2016,08,5,0,2.305972,247.5683
2016,08,5,1,2.155815,243.5075
2016,08,5,2,2.050719,240.9179
2016,08,5,3,1.837576,232.6606
2016,08,5,4,1.61878,221.4609
2016,08,5,5,1.51701,215.039
2016,08,5,6,1.745611,228.1002
2016,08,5,7,2.1583,245.3033
2016,08,6,0,2.413962,252.5419
2016,08,6,1,2.220875,246.7243
2016,08,6,2,2.034651,239.7581
2016,08,6,3,2.453155,252.874
2016,08,6,4,2.961124,263.1544
2016,08,6,5,3.157854,265.5943
2016,08,6,6,4.043324,272.7566
2016,08,6,7,3.978527,272.076
2016,08,7,0,2.866796,261.53
2016,08,7,1,2.434359,254.0002
2016,08,7,2,2.485301,255.4286
2016,08,7,3,2.505232,255.4746
2016,08,7,4,2.515144,255.3095
2016,08,7,5,2.43274,253.3025
2016,08,7,6,2.812445,261.7149
2016,08,7,7,2.928182,264.5229
2016,08,8,0,2.98303,265.8091
2016,08,8,1,2.581602,258.5196
2016,08,8,2,2.396592,254.0566
2016,08,8,3,2.506289,256.5005
2016,08,8,4,2.696441,259.1477
2016,08,8,5,2.344184,251.0036
2016,08,8,6,2.146031,245.7295
2016,08,8,7,2.391713,252.7704
2016,08,9,0,2.313501,251.0569
2016,08,9,1,2.051046,243.1219
2016,08,9,2,1.899323,237.0924
2016,08,9,3,1.85783,235.065
2016,08,9,4,1.943905,239.1602
2016,08,9,5,1.738689,230.4479
2016,08,9,6,1.950736,239.8472
2016,08,9,7,2.276728,251.1133
2016,08,10,0,2.46188,255.4538
2016,08,10,1,2.107054,245.1868
2016,08,10,2,1.951421,238.9054
2016,08,10,3,1.55473,219.9529
2016,08,10,4,1.390575,209.5406
2016,08,10,5,1.401581,209.4983
2016,08,10,6,1.843078,233.0399
2016,08,10,7,2.438856,251.5824
2016,08,11,0,1.75384,227.9557
2016,08,11,1,1.283227,200.9327
2016,08,11,2,1.757219,229.133
2016,08,11,3,2.018104,239.7991
2016,08,11,4,1.777032,230.0434
2016,08,11,5,1.872746,233.9977
2016,08,11,6,2.275104,247.4842
2016,08,11,7,2.338224,249.248
2016,08,12,0,2.082703,241.6973
2016,08,12,1,2.459987,251.4495
2016,08,12,2,1.949347,235.7202
2016,08,12,3,1.617816,220.3186
2016,08,12,4,1.455162,210.5959
2016,08,12,5,1.213212,193.6477
2016,08,12,6,1.126141,186.7469
2016,08,12,7,1.204626,193.6437
2016,08,13,0,1.210296,194.388
2016,08,13,1,1.107641,185.6394
2016,08,13,2,1.103476,185.1826
2016,08,13,3,1.085212,183.6092
2016,08,13,4,1.126402,186.5479
2016,08,13,5,1.170526,190.3381
2016,08,13,6,1.236248,196.0786
2016,08,13,7,1.410169,208.6582
2016,08,14,0,1.637014,222.234
2016,08,14,1,1.842942,232.9425
2016,08,14,2,1.742978,229.32
2016,08,14,3,1.502446,216.9734
2016,08,14,4,1.327868,204.373
2016,08,14,5,1.272956,200.0151
2016,08,14,6,1.34516,205.0465
2016,08,14,7,1.397812,208.6994
2016,08,15,0,1.225839,195.9514
2016,08,15,1,0.90107,165.5667
2016,08,15,2,1.312334,202.6645
2016,08,15,3,1.533593,218.6572
2016,08,15,4,1.599354,221.7522
2016,08,15,5,1.809073,231.2078
2016,08,15,6,1.90354,235.0197
2016,08,15,7,2.811195,259.0299
2016,08,16,0,1.947613,238.1655
2016,08,16,1,1.891086,236.0653
2016,08,16,2,2.1418,243.584
2016,08,16,3,1.77286,228.9851
2016,08,16,4,1.243592,196.8155
2016,08,16,5,1.183117,191.8396
2016,08,16,6,1.368818,205.6395
2016,08,16,7,1.678443,223.4882
2016,08,17,0,1.853051,231.872
2016,08,17,1,1.756861,228.104
2016,08,17,2,1.706512,225.8335
2016,08,17,3,1.400658,208.5419
2016,08,17,4,1.319088,202.5693
2016,08,17,5,1.470427,212.4648
2016,08,17,6,1.755744,227.7552
2016,08,17,7,2.200261,245.1501
2016,08,18,0,2.638752,255.3421
2016,08,18,1,2.321007,248.0321
2016,08,18,2,1.944461,236.5717
2016,08,18,3,1.957138,237.056
2016,08,18,4,2.096991,241.5351
2016,08,18,5,1.992949,237.0026
2016,08,18,6,2.177848,243.2957
2016,08,18,7,2.390866,250.0305
2016,08,19,0,2.512383,252.5822
2016,08,19,1,2.384833,249.1621
2016,08,19,2,2.488293,250.8149
2016,08,19,3,2.175013,242.3464
2016,08,19,4,1.555917,216.8283
2016,08,19,5,1.107412,185.5839
2016,08,19,6,2.002747,236.9524
2016,08,19,7,2.266527,245.9936
2016,08,20,0,2.065455,238.9635
2016,08,20,1,1.498931,213.4888
2016,08,20,2,1.152169,188.4399
2016,08,20,3,0.9947058,173.6277
2016,08,20,4,0.9104567,165.6727
2016,08,20,5,0.6688604,135.8547
2016,08,20,6,0.8429564,157.0507
2016,08,20,7,0.9431161,168.0792
2016,08,21,0,1.062195,179.4257
2016,08,21,1,1.043709,177.3126
2016,08,21,2,1.018459,175.4821
2016,08,21,3,1.089365,182.3793
2016,08,21,4,1.079261,181.4362
2016,08,21,5,0.9945914,174.187
2016,08,21,6,0.9771185,173.2224
2016,08,21,7,1.018308,177.6791
2016,08,22,0,1.061603,181.7873
2016,08,22,1,0.999222,176.0593
2016,08,22,2,0.9080519,166.7554
2016,08,22,3,1.142522,188.1802
2016,08,22,4,1.419112,208.3158
2016,08,22,5,1.473485,211.4816
2016,08,22,6,1.863983,231.6237
2016,08,22,7,2.076672,239.9931
2016,08,23,0,1.720599,226.2506
2016,08,23,1,1.456288,211.6054
2016,08,23,2,1.61825,221.4674
2016,08,23,3,1.580178,218.1687
2016,08,23,4,1.109923,181.7608
2016,08,23,5,1.08536,180.2584
2016,08,23,6,1.360532,202.7057
2016,08,23,7,1.900314,231.262
2016,08,24,0,1.864475,230.3405
2016,08,24,1,1.887272,232.0866
2016,08,24,2,1.74236,225.6134
2016,08,24,3,1.226891,192.2588
2016,08,24,4,0.9002172,161.0082
2016,08,24,5,0.8398294,154.6213
2016,08,24,6,1.089075,180.6353
2016,08,24,7,1.487273,210.0306
2016,08,25,0,1.666024,219.9163
2016,08,25,1,1.628326,217.6218
2016,08,25,2,1.459348,208.4162
2016,08,25,3,1.443984,207.5241
2016,08,25,4,1.327618,199.7007
2016,08,25,5,1.074066,178.7896
2016,08,25,6,1.462099,207.8539
2016,08,25,7,1.840072,227.0214
2016,08,26,0,1.688037,220.4172
2016,08,26,1,1.858015,227.8813
2016,08,26,2,2.01382,233.5299
2016,08,26,3,1.577619,213.4989
2016,08,26,4,1.494859,208.0706
2016,08,26,5,0.9948888,170.6135
2016,08,26,6,1.242265,192.4601
2016,08,26,7,1.349066,200.4088
2016,08,27,0,1.293524,196.9547
2016,08,27,1,1.421036,205.59
2016,08,27,2,2.033481,235.3839
2016,08,27,3,1.710309,222.7548
2016,08,27,4,1.755882,223.8288
2016,08,27,5,1.178867,188.0431
2016,08,27,6,1.47869,209.9562
2016,08,27,7,1.674928,221.3602
2016,08,28,0,1.563361,215.9703
2016,08,28,1,1.322426,201.2493
2016,08,28,2,1.106717,184.3378
2016,08,28,3,1.024531,176.6545
2016,08,28,4,0.9469955,168.2801
2016,08,28,5,0.9395743,166.9886
2016,08,28,6,1.104112,182.8613
2016,08,28,7,1.278261,197.1387
2016,08,29,0,1.405472,205.8606
2016,08,29,1,1.226301,193.1528
2016,08,29,2,1.148171,186.8941
2016,08,29,3,1.097602,183.0428
2016,08,29,4,1.102875,183.4113
2016,08,29,5,1.174875,189.0961
2016,08,29,6,1.372129,204.0002
2016,08,29,7,1.682538,222.6305
2016,08,30,0,1.839797,230.6273
2016,08,30,1,1.352368,204.2941
2016,08,30,2,1.167748,189.2955
2016,08,30,3,1.228156,194.0016
2016,08,30,4,1.204968,192.4293
2016,08,30,5,1.344575,202.8027
2016,08,30,6,1.810345,228.9722
2016,08,30,7,2.086077,240.208
2016,08,31,0,1.97869,237.1765
2016,08,31,1,1.296525,201.4324
2016,08,31,2,1.040527,179.9684
2016,08,31,3,0.8664467,161.9865
2016,08,31,4,0.7825265,152.0827
2016,08,31,5,0.8514202,160.0875
2016,08,31,6,1.061742,182.0708
2016,08,31,7,1.206326,195.0752
2017,08,1,0,1.726446,226.8252
2017,08,1,1,1.377663,207.2882
2017,08,1,2,1.376002,206.8956
2017,08,1,3,1.529787,215.7258
2017,08,1,4,1.492167,212.8029
2017,08,1,5,1.460688,210.8421
2017,08,1,6,1.411761,208.8838
2017,08,1,7,1.545259,217.2613
2017,08,2,0,1.611088,220.6828
2017,08,2,1,1.480944,213.104
2017,08,2,2,1.573099,218.8592
2017,08,2,3,1.476785,213.5108
2017,08,2,4,1.554141,217.3388
2017,08,2,5,1.5999,219.8999
2017,08,2,6,1.71393,226.4568
2017,08,2,7,2.017497,239.3381
2017,08,3,0,1.763531,229.176
2017,08,3,1,1.770793,229.2157
2017,08,3,2,2.10672,241.3947
2017,08,3,3,2.410954,249.7731
2017,08,3,4,1.925071,235.6661
2017,08,3,5,1.696456,225.3284
2017,08,3,6,1.974544,237.1433
2017,08,3,7,2.334573,249.0888
2017,08,4,0,2.022507,240.0117
2017,08,4,1,1.72966,228.2355
2017,08,4,2,1.708166,227.6453
2017,08,4,3,1.660977,225.0223
2017,08,4,4,1.485891,215.3242
2017,08,4,5,1.303645,203.9423
2017,08,4,6,1.481006,215.8094
2017,08,4,7,1.627455,224.0579
2017,08,5,0,1.64403,224.5379
2017,08,5,1,2.312542,248.7442
2017,08,5,2,1.935803,237.6049
2017,08,5,3,0.9247038,169.7134
2017,08,5,4,0.9683115,173.6923
2017,08,5,5,1.201668,193.8792
2017,08,5,6,2.338571,249.1261
2017,08,5,7,2.902461,261.1762
2017,08,6,0,3.018888,262.8607
2017,08,6,1,2.250256,247.5389
2017,08,6,2,1.75272,229.7274
2017,08,6,3,1.418407,211.3828
2017,08,6,4,1.557742,218.7314
2017,08,6,5,1.767024,228.6341
2017,08,6,6,2.205771,244.4425
2017,08,6,7,2.302226,247.5478
2017,08,7,0,2.418703,250.6215
2017,08,7,1,2.466048,251.466
2017,08,7,2,2.468464,251.2749
2017,08,7,3,2.243402,245.5347
2017,08,7,4,2.046445,238.94
2017,08,7,5,2.092652,240.0135
2017,08,7,6,2.647978,253.94
2017,08,7,7,2.66203,254.2402
2017,08,8,0,2.597168,253.0433
2017,08,8,1,2.259495,244.9712
2017,08,8,2,2.059321,238.744
2017,08,8,3,1.840464,230.1247
2017,08,8,4,1.74092,225.1891
2017,08,8,5,1.779634,226.4689
2017,08,8,6,2.265005,243.8422
2017,08,8,7,2.897137,258.0839
2017,08,9,0,2.701338,254.3366
2017,08,9,1,2.192853,241.8501
2017,08,9,2,2.137127,239.7082
2017,08,9,3,1.805205,228.0191
2017,08,9,4,1.796826,227.2456
2017,08,9,5,2.025155,235.3145
2017,08,9,6,2.450939,248.1233
2017,08,9,7,2.604011,252.623
2017,08,10,0,2.687763,254.2433
2017,08,10,1,2.138602,240.6252
2017,08,10,2,2.298832,245.3806
2017,08,10,3,1.727208,225.2104
2017,08,10,4,1.690662,221.9934
2017,08,10,5,1.73935,224.3886
2017,08,10,6,2.589703,252.0882
2017,08,10,7,2.626121,253.6362
2017,08,11,0,2.438597,248.866
2017,08,11,1,1.786111,227.3879
2017,08,11,2,1.343382,203.0759
2017,08,11,3,1.159084,188.8537
2017,08,11,4,1.303211,199.2937
2017,08,11,5,1.651514,220.1218
2017,08,11,6,2.086742,237.9701
2017,08,11,7,1.986031,236.0105
2017,08,12,0,1.748419,227.1953
2017,08,12,1,1.374971,205.8076
2017,08,12,2,1.085715,183.2703
2017,08,12,3,1.152661,188.99
2017,08,12,4,1.186812,191.7212
2017,08,12,5,1.423161,208.3097
2017,08,12,6,1.874592,232.154
2017,08,12,7,2.058309,239.4299
2017,08,13,0,2.177255,243.6472
2017,08,13,1,1.77798,228.7656
2017,08,13,2,1.721329,225.8785
2017,08,13,3,1.537169,216.1997
2017,08,13,4,1.496036,213.5119
2017,08,13,5,1.339359,203.6244
2017,08,13,6,2.169259,241.61
2017,08,13,7,2.18381,242.3643
2017,08,14,0,1.967257,235.7591
2017,08,14,1,1.891727,233.4379
2017,08,14,2,2.578414,253.4693
2017,08,14,3,1.871385,232.8163
2017,08,14,4,1.725238,226.0537
2017,08,14,5,2.094699,240.7559
2017,08,14,6,2.610552,254.6337
2017,08,14,7,2.622513,255.7381
2017,08,15,0,2.449128,252.6459
2017,08,15,1,2.389208,251.2299
2017,08,15,2,2.308963,249.1806
2017,08,15,3,2.096561,242.458
2017,08,15,4,1.988656,238.1944
2017,08,15,5,1.87712,233.1693
2017,08,15,6,2.532466,252.5825
2017,08,15,7,3.056106,260.9868
2017,08,16,0,2.275704,245.2016
2017,08,16,1,2.130858,240.5193
2017,08,16,2,2.170475,240.1111
2017,08,16,3,2.307341,243.7849
2017,08,16,4,2.165405,239.4372
2017,08,16,5,1.450626,207.7478
2017,08,16,6,1.361804,203.0619
2017,08,16,7,1.684862,222.6194
2017,08,17,0,1.750318,226.0168
2017,08,17,1,1.520286,213.938
2017,08,17,2,1.489441,212.4183
2017,08,17,3,1.638655,220.5597
2017,08,17,4,1.835294,229.7163
2017,08,17,5,1.676003,222.7098
2017,08,17,6,1.862447,231.0592
2017,08,17,7,1.906178,233.4263
2017,08,18,0,1.779256,228.6257
2017,08,18,1,1.747121,227.2361
2017,08,18,2,1.69298,225.1562
2017,08,18,3,1.206751,194.644
2017,08,18,4,1.192168,193.4103
2017,08,18,5,1.130755,188.0362
2017,08,18,6,1.209741,194.9028
2017,08,18,7,1.244047,198.3295
2017,08,19,0,1.25716,199.6638
2017,08,19,1,1.206129,195.6695
2017,08,19,2,1.426228,211.0754
2017,08,19,3,1.50767,216.3687
2017,08,19,4,1.416057,210.3794
2017,08,19,5,0.7535316,149.1546
2017,08,19,6,0.6954896,141.577
2017,08,19,7,0.8271022,157.8892
2017,08,20,0,0.9075992,166.669
2017,08,20,1,0.8896398,164.2684
2017,08,20,2,1.249323,196.5348
2017,08,20,3,1.581121,217.9314
2017,08,20,4,2.087576,239.4558
2017,08,20,5,1.47537,212.2948
2017,08,20,6,1.1945,192.9399
2017,08,20,7,1.423578,208.7639
2017,08,21,0,1.55189,217.0586
2017,08,21,1,1.533411,216.6378
2017,08,21,2,1.574133,218.6804
2017,08,21,3,1.500268,214.0272
2017,08,21,4,1.460278,212.5373
2017,08,21,5,1.051077,180.4196
2017,08,21,6,1.212663,194.4512
2017,08,21,7,1.642025,222.6935
2017,08,22,0,1.730263,227.7449
2017,08,22,1,1.750503,228.5741
2017,08,22,2,1.65994,224.7214
2017,08,22,3,1.534461,218.1646
2017,08,22,4,1.189516,193.4347
2017,08,22,5,0.853274,160.2054
2017,08,22,6,1.05047,181.0342
2017,08,22,7,1.337036,204.3794
2017,08,23,0,1.522283,215.7678
2017,08,23,1,1.351826,205.0996
2017,08,23,2,1.166951,190.8851
2017,08,23,3,1.262494,198.2586
2017,08,23,4,1.454625,210.5693
2017,08,23,5,1.641907,221.0719
2017,08,23,6,2.108131,241.3363
2017,08,23,7,2.707088,256.8568
2017,08,24,0,2.743443,257.7801
2017,08,24,1,2.767431,258.3625
2017,08,24,2,2.261035,247.2066
2017,08,24,3,2.066095,241.0896
2017,08,24,4,1.97602,237.0107
2017,08,24,5,1.367913,204.9369
2017,08,24,6,1.429293,208.9673
2017,08,24,7,2.006076,236.6575
2017,08,25,0,2.054968,238.1108
2017,08,25,1,1.71184,224.8251
2017,08,25,2,1.584754,218.9233
2017,08,25,3,1.597835,219.4898
2017,08,25,4,1.465818,211.2484
2017,08,25,5,1.257307,196.2999
2017,08,25,6,1.196271,192.2812
2017,08,25,7,1.258804,197.4133
2017,08,26,0,1.384737,206.0742
2017,08,26,1,1.437401,209.7754
2017,08,26,2,1.666233,222.4508
2017,08,26,3,1.68991,223.5862
2017,08,26,4,1.289947,199.4347
2017,08,26,5,1.230855,194.5128
2017,08,26,6,1.354976,203.58
2017,08,26,7,1.407034,207.366
2017,08,27,0,1.244273,196.2941
2017,08,27,1,1.322116,201.8252
2017,08,27,2,1.566948,217.4855
2017,08,27,3,1.569872,218.1672
2017,08,27,4,1.420489,208.6454
2017,08,27,5,1.303703,200.1257
2017,08,27,6,1.391203,206.5086
2017,08,27,7,1.546658,216.4732
2017,08,28,0,1.735918,226.3858
2017,08,28,1,1.483626,212.9704
2017,08,28,2,1.070674,182.5728
2017,08,28,3,0.8574723,160.6437
2017,08,28,4,0.9078927,165.941
2017,08,28,5,0.925447,167.6817
2017,08,28,6,1.083594,183.3194
2017,08,28,7,1.237327,196.3314
2017,08,29,0,1.349136,204.2686
2017,08,29,1,1.265417,198.2059
2017,08,29,2,1.193524,193.3965
2017,08,29,3,1.208816,194.5481
2017,08,29,4,1.221672,194.7226
2017,08,29,5,1.25664,196.8324
2017,08,29,6,1.456381,210.3461
2017,08,29,7,1.816777,229.7829
2017,08,30,0,2.208167,243.8557
2017,08,30,1,1.745648,227.1981
2017,08,30,2,1.436436,211.1497
2017,08,30,3,1.455589,211.6099
2017,08,30,4,1.591545,218.0628
2017,08,30,5,1.592456,218.3184
2017,08,30,6,1.696535,224.8246
2017,08,30,7,2.140817,242.6651
2017,08,31,0,2.292586,247.8872
2017,08,31,1,1.940399,236.9774
2017,08,31,2,1.656978,224.3285
2017,08,31,3,1.879257,233.8938
2017,08,31,4,2.051096,240.1958
2017,08,31,5,2.412718,249.5494
2017,08,31,6,2.159114,242.1266
2017,08,31,7,2.552556,253.2251
2018,08,1,0,1.291283,200.6388
2018,08,1,1,1.206833,194.5094
2018,08,1,2,1.328535,203.1577
2018,08,1,3,1.619591,221.047
2018,08,1,4,1.821463,230.3957
2018,08,1,5,1.934841,234.9482
2018,08,1,6,2.223255,245.5356
2018,08,1,7,2.086486,243.289
2018,08,2,0,2.187934,246.6359
2018,08,2,1,2.139139,244.5556
2018,08,2,2,2.177009,245.3892
2018,08,2,3,1.653573,225.2331
2018,08,2,4,1.535129,218.2771
2018,08,2,5,1.864169,234.3555
2018,08,2,6,2.189872,247.0322
2018,08,2,7,2.318202,251.2627
2018,08,3,0,2.295987,250.1937
2018,08,3,1,2.239577,248.1133
2018,08,3,2,2.541635,255.7878
2018,08,3,3,2.882668,262.2324
2018,08,3,4,2.969024,263.139
2018,08,3,5,2.565265,255.4608
2018,08,3,6,2.467133,253.2298
2018,08,3,7,2.435502,253.0891
2018,08,4,0,2.341569,250.9403
2018,08,4,1,1.836632,234.5069
2018,08,4,2,1.527175,218.4486
2018,08,4,3,1.161728,192.0106
2018,08,4,4,0.9651826,172.8283
2018,08,4,5,1.237821,197.5352
2018,08,4,6,2.058555,242.904
2018,08,4,7,2.260424,249.2978
2018,08,5,0,2.638147,258.3077
2018,08,5,1,2.56344,256.5321
2018,08,5,2,2.763329,259.46
2018,08,5,3,2.812527,259.79
2018,08,5,4,3.03236,261.3205
2018,08,5,5,2.260977,247.2828
2018,08,5,6,2.140942,244.6057
2018,08,5,7,2.070117,242.8384
2018,08,6,0,2.153478,245.7393
2018,08,6,1,2.12146,244.1015
2018,08,6,2,1.724647,228.9642
2018,08,6,3,1.346592,206.3616
2018,08,6,4,0.9876675,174.3022
2018,08,6,5,1.085517,182.334
2018,08,6,6,1.381258,206.5905
2018,08,6,7,1.404851,208.8844
2018,08,7,0,1.383649,208.1644
2018,08,7,1,1.335724,205.0141
2018,08,7,2,1.091122,185.3701
2018,08,7,3,1.168078,191.3887
2018,08,7,4,1.020029,177.7855
2018,08,7,5,1.122493,187.4017
2018,08,7,6,1.428277,210.9191
2018,08,7,7,1.57877,220.3802
2018,08,8,0,1.86452,234.7508
2018,08,8,1,1.806141,232.8967
2018,08,8,2,1.697274,227.9596
2018,08,8,3,1.613396,223.234
2018,08,8,4,1.415706,211.3946
2018,08,8,5,1.551165,219.7043
2018,08,8,6,2.015749,240.9984
2018,08,8,7,2.180269,247.104
2018,08,9,0,2.393056,253.9203
2018,08,9,1,2.448436,255.482
2018,08,9,2,2.028667,243.2102
2018,08,9,3,1.756111,231.9053
2018,08,9,4,1.588663,222.8123
2018,08,9,5,1.493738,216.876
2018,08,9,6,1.507667,217.9289
2018,08,9,7,1.703128,228.6883
2018,08,10,0,1.886077,236.7859
2018,08,10,1,1.815352,233.4562
2018,08,10,2,1.566274,221.2194
2018,08,10,3,1.379866,209.7384
2018,08,10,4,1.224137,197.9246
2018,08,10,5,1.15091,191.6951
2018,08,10,6,1.247356,199.9316
2018,08,10,7,1.415373,212.7393
2018,08,11,0,1.580057,222.9957
2018,08,11,1,1.371774,210.4682
2018,08,11,2,0.9322693,172.1969
2018,08,11,3,0.7410379,148.9327
2018,08,11,4,0.6696598,139.0818
2018,08,11,5,0.7952649,155.7242
2018,08,11,6,1.025698,180.8902
2018,08,11,7,1.167134,193.651
2018,08,12,0,1.23511,199.383
2018,08,12,1,1.057269,184.3582
2018,08,12,2,0.8380339,161.444
2018,08,12,3,0.7097187,145.1178
2018,08,12,4,0.6986585,143.4707
2018,08,12,5,0.6941742,142.9423
2018,08,12,6,0.8561473,162.9182
2018,08,12,7,1.038137,181.9781
2018,08,13,0,1.166065,193.5215
2018,08,13,1,0.9856531,177.3569
2018,08,13,2,0.9058738,168.6171
2018,08,13,3,0.9771705,175.9071
2018,08,13,4,1.10699,188.6806
2018,08,13,5,1.340576,207.9899
2018,08,13,6,1.981793,241.3142
2018,08,13,7,2.275107,250.3287
2018,08,14,0,1.844709,234.7714
2018,08,14,1,1.944167,238.5299
2018,08,14,2,1.893823,236.7518
2018,08,14,3,1.855753,235.1875
2018,08,14,4,1.889501,236.4785
2018,08,14,5,2.027502,241.4399
2018,08,14,6,2.54976,256.1609
2018,08,14,7,2.949443,264.2694
2018,08,15,0,3.029709,265.5631
2018,08,15,1,3.093644,265.9946
2018,08,15,2,2.492523,254.7579
2018,08,15,3,1.285608,202.4245
2018,08,15,4,0.8476629,161.3152
2018,08,15,5,0.9095933,167.5753
2018,08,15,6,1.122592,188.417
2018,08,15,7,1.096816,186.3306
2018,08,16,0,0.9585424,172.324
2018,08,16,1,0.884912,164.0658
2018,08,16,2,0.9559415,171.915
2018,08,16,3,0.9628577,172.166
2018,08,16,4,0.9301189,169.2142
2018,08,16,5,0.9864189,175.0533
2018,08,16,6,1.298994,201.9431
2018,08,16,7,1.67837,225.5092
2018,08,17,0,2.077986,242.0238
2018,08,17,1,2.062695,241.5696
2018,08,17,2,2.097953,243.2616
2018,08,17,3,2.138922,244.786
2018,08,17,4,2.08358,242.4073
2018,08,17,5,2.116312,242.9861
2018,08,17,6,2.706376,257.446
2018,08,17,7,2.859583,261.1215
2018,08,18,0,2.712367,259.4518
2018,08,18,1,2.365205,252.4028
2018,08,18,2,2.156021,246.5325
2018,08,18,3,2.240304,248.2286
2018,08,18,4,2.560335,254.9442
2018,08,18,5,2.690467,257.2492
2018,08,18,6,3.241541,263.6036
2018,08,18,7,2.078827,240.3747
2018,08,19,0,1.632225,221.0115
2018,08,19,1,1.557645,215.641
2018,08,19,2,1.481202,209.9715
2018,08,19,3,1.605234,216.4804
2018,08,19,4,1.944842,232.2205
2018,08,19,5,2.556084,250.526
2018,08,19,6,2.317198,245.2897
2018,08,19,7,2.225051,243.2164
2018,08,20,0,1.701632,224.5857
2018,08,20,1,1.245657,196.7683
2018,08,20,2,0.88878,163.9682
2018,08,20,3,0.7599648,148.531
2018,08,20,4,0.7275538,143.9277
2018,08,20,5,0.8352746,156.7075
2018,08,20,6,0.9722966,172.1175
2018,08,20,7,1.193755,192.4977
2018,08,21,0,1.59376,219.2909
2018,08,21,1,2.212226,243.7859
2018,08,21,2,2.2624,246.0568
2018,08,21,3,2.568242,252.7834
2018,08,21,4,2.103842,242.2479
2018,08,21,5,1.660963,223.2873
2018,08,21,6,2.204882,244.2049
2018,08,21,7,2.634616,254.4625
2018,08,22,0,3.080507,262.0162
2018,08,22,1,3.018327,261.7675
2018,08,22,2,2.235824,246.596
2018,08,22,3,2.200544,245.4343
2018,08,22,4,2.132852,242.7463
2018,08,22,5,2.119014,241.6052
2018,08,22,6,2.941708,260.0797
2018,08,22,7,3.026315,261.8927
2018,08,23,0,2.464811,251.7702
2018,08,23,1,2.048117,238.5876
2018,08,23,2,1.752038,226.1615
2018,08,23,3,1.896843,233.982
2018,08,23,4,1.567813,218.1688
2018,08,23,5,1.227188,195.7115
2018,08,23,6,1.455698,211.3033
2018,08,23,7,1.628776,221.4687
2018,08,24,0,1.69897,225.3856
2018,08,24,1,1.381346,207.3085
2018,08,24,2,0.8827998,163.5393
2018,08,24,3,0.7787808,151.6034
2018,08,24,4,0.6357194,132.8927
2018,08,24,5,0.673314,137.9702
2018,08,24,6,0.9059137,166.3683
2018,08,24,7,1.208122,194.4718
2018,08,25,0,1.457547,212.1978
2018,08,25,1,1.77776,229.812
2018,08,25,2,2.173685,244.3578
2018,08,25,3,2.628547,254.9179
2018,08,25,4,2.002557,239.2974
2018,08,25,5,2.081417,242.0533
2018,08,25,6,2.485264,253.6299
2018,08,25,7,2.402648,251.8194
2018,08,26,0,2.234707,247.8811
2018,08,26,1,2.098341,244.1287
2018,08,26,2,2.149895,245.0655
2018,08,26,3,2.070317,241.7756
2018,08,26,4,1.917562,235.875
2018,08,26,5,1.719746,226.7257
2018,08,26,6,1.777538,229.6017
2018,08,26,7,1.691192,225.6677
2018,08,27,0,1.641256,222.9831
2018,08,27,1,1.796404,230.4679
2018,08,27,2,1.944129,237.0734
2018,08,27,3,1.920477,235.0825
2018,08,27,4,1.810514,229.4689
2018,08,27,5,1.284715,198.2388
2018,08,27,6,1.28667,198.7333
2018,08,27,7,1.219014,193.9736
2018,08,28,0,1.141482,186.9679
2018,08,28,1,1.194503,190.9764
2018,08,28,2,1.481008,211.1402
2018,08,28,3,1.526792,213.5834
2018,08,28,4,1.388684,204.9631
2018,08,28,5,1.480547,210.1724
2018,08,28,6,1.789025,225.6982
2018,08,28,7,1.559542,215.7756
2018,08,29,0,1.49931,213.116
2018,08,29,1,1.46699,211.4456
2018,08,29,2,1.264938,198.2129
2018,08,29,3,1.108354,185.5071
2018,08,29,4,0.9324667,167.97
2018,08,29,5,0.8960559,164.0586
2018,08,29,6,0.9211089,166.8491
2018,08,29,7,0.9320135,168.1637
2018,08,30,0,0.9260915,167.7918
2018,08,30,1,0.8986065,164.9974
2018,08,30,2,1.098341,184.4354
2018,08,30,3,1.483129,212.0458
2018,08,30,4,2.116043,239.8044
2018,08,30,5,1.718533,224.6798
2018,08,30,6,1.54445,216.6061
2018,08,30,7,1.697943,224.3697
2018,08,31,0,1.912566,233.0222
2018,08,31,1,1.672062,222.1063
2018,08,31,2,1.603944,218.5567
2018,08,31,3,2.095992,238.6633
2018,08,31,4,1.908171,232.5598
2018,08,31,5,1.427375,207.5595
2018,08,31,6,1.257259,195.135
2018,08,31,7,1.297021,198.2769
2019,08,1,0,3.163046,263.6041
2019,08,1,1,2.96202,261.2163
2019,08,1,2,2.282112,247.8017
2019,08,1,3,2.474877,253.1843
2019,08,1,4,3.058506,264.0653
2019,08,1,5,3.201491,265.6645
2019,08,1,6,3.433385,267.7335
2019,08,1,7,3.734266,270.4272
2019,08,2,0,3.854733,271.72
2019,08,2,1,3.567777,269.7763
2019,08,2,2,2.428484,252.7492
2019,08,2,3,1.850854,234.0513
2019,08,2,4,1.708719,227.4059
2019,08,2,5,1.469259,214.0371
2019,08,2,6,1.956662,238.1193
2019,08,2,7,2.156087,245.7185
2019,08,3,0,1.971405,239.654
2019,08,3,1,1.731632,229.1754
2019,08,3,2,1.637726,224.8911
2019,08,3,3,1.525728,218.9588
2019,08,3,4,1.51203,217.8815
2019,08,3,5,1.739445,229.5421
2019,08,3,6,2.113716,244.5726
2019,08,3,7,2.602748,257.9339
2019,08,4,0,3.079747,265.5492
2019,08,4,1,2.613158,257.9166
2019,08,4,2,2.271892,250.5564
2019,08,4,3,2.38468,253.5047
2019,08,4,4,2.252632,249.2897
2019,08,4,5,2.311283,250.6949
2019,08,4,6,3.029277,265.2382
2019,08,4,7,3.740198,272.6177
2019,08,5,0,3.686593,271.3252
2019,08,5,1,2.993532,264.9257
2019,08,5,2,3.392635,269.5547
2019,08,5,3,4.337655,275.2523
2019,08,5,4,1.481751,213.0072
2019,08,5,5,1.167135,192.2342
2019,08,5,6,1.702793,227.299
2019,08,5,7,2.349489,251.9314
2019,08,6,0,2.634911,258.4919
2019,08,6,1,2.677739,258.8873
2019,08,6,2,2.354547,252.1595
2019,08,6,3,2.629967,258.22
2019,08,6,4,2.379705,252.6065
2019,08,6,5,1.771422,230.9247
2019,08,6,6,1.795582,232.2901
2019,08,6,7,2.156605,246.5323
2019,08,7,0,2.216358,248.9293
2019,08,7,1,2.174586,247.2586
2019,08,7,2,2.554657,256.2662
2019,08,7,3,2.545016,256.1429
2019,08,7,4,2.409014,253.3466
2019,08,7,5,1.989116,240.8091
2019,08,7,6,2.420148,253.9273
2019,08,7,7,3.232886,267.8536
2019,08,8,0,3.578463,270.6614
2019,08,8,1,3.591346,269.9898
2019,08,8,2,3.394597,268.6776
2019,08,8,3,3.623121,269.5727
2019,08,8,4,3.409889,267.9445
2019,08,8,5,3.487721,269.4365
2019,08,8,6,4.209785,274.3714
2019,08,8,7,4.198399,274.8307
2019,08,9,0,3.132809,267.3842
2019,08,9,1,2.59094,258.596
2019,08,9,2,2.555492,257.5327
2019,08,9,3,2.032141,242.7713
2019,08,9,4,1.860346,235.6186
2019,08,9,5,2.073653,243.852
2019,08,9,6,1.688624,227.9604
2019,08,9,7,1.634542,225.5756
2019,08,10,0,1.597443,223.5746
2019,08,10,1,1.669543,226.6512
2019,08,10,2,1.727934,228.4208
2019,08,10,3,1.971576,238.2209
2019,08,10,4,2.225494,246.7503
2019,08,10,5,2.289034,248.4117
2019,08,10,6,2.935608,262.0441
2019,08,10,7,3.402358,268.8032
2019,08,11,0,3.064514,265.4636
2019,08,11,1,2.254196,250.0926
2019,08,11,2,1.801822,233.8603
2019,08,11,3,1.888005,236.9766
2019,08,11,4,2.338021,251.1727
2019,08,11,5,2.671912,258.3983
2019,08,11,6,3.212499,265.4093
2019,08,11,7,3.408984,267.6734
2019,08,12,0,2.558184,256.0287
2019,08,12,1,2.082152,243.6219
2019,08,12,2,1.439408,211.8065
2019,08,12,3,0.9123137,167.0383
2019,08,12,4,0.9014674,165.3094
2019,08,12,5,0.8774552,162.3605
2019,08,12,6,1.023322,177.4321
2019,08,12,7,1.087485,183.7481
2019,08,13,0,1.13476,187.8685
2019,08,13,1,1.170545,190.3442
2019,08,13,2,1.194106,192.1356
2019,08,13,3,1.075734,182.3915
2019,08,13,4,1.003593,175.2302
2019,08,13,5,0.9042973,164.2248
2019,08,13,6,0.9688348,171.2869
2019,08,13,7,1.042554,178.6778
2019,08,14,0,1.030771,177.7728
2019,08,14,1,1.049978,179.6773
2019,08,14,2,1.271584,197.2696
2019,08,14,3,1.555109,215.61
2019,08,14,4,1.471469,210.73
2019,08,14,5,1.136579,186.4164
2019,08,14,6,1.138672,186.9046
2019,08,14,7,1.257889,197.0889
2019,08,15,0,1.355218,204.5729
2019,08,15,1,1.652338,222.0851
2019,08,15,2,1.631318,221.5457
2019,08,15,3,1.284589,199.8984
2019,08,15,4,1.109566,185.9847
2019,08,15,5,1.182501,191.9275
2019,08,15,6,1.444241,211.857
2019,08,15,7,1.55033,218.2832
2019,08,16,0,1.749659,228.2036
2019,08,16,1,1.972555,236.7616
2019,08,16,2,1.734032,226.6996
2019,08,16,3,1.332189,203.7286
2019,08,16,4,1.355613,205.2163
2019,08,16,5,1.320335,202.3467
2019,08,16,6,1.61135,221.0075
2019,08,16,7,1.685557,225.4643
2019,08,17,0,2.184046,243.8424
2019,08,17,1,1.678303,223.6496
2019,08,17,2,1.175064,191.4881
2019,08,17,3,1.337899,203.2155
2019,08,17,4,1.635028,221.3197
2019,08,17,5,1.924584,234.0692
2019,08,17,6,2.260037,244.7618
2019,08,17,7,1.757688,228.1076
2019,08,18,0,1.980105,237.7817
2019,08,18,1,1.584316,218.8236
2019,08,18,2,1.050139,179.7659
2019,08,18,3,0.8958275,163.4375
2019,08,18,4,0.8948226,163.9177
2019,08,18,5,1.027761,177.8123
2019,08,18,6,1.16276,190.6403
2019,08,18,7,1.115501,187.7798
2019,08,19,0,1.147415,191.1132
2019,08,19,1,1.224903,197.2576
2019,08,19,2,1.358641,206.8238
2019,08,19,3,1.365291,207.4224
2019,08,19,4,1.212679,195.6009
2019,08,19,5,1.12767,188.0
2019,08,19,6,1.309272,202.8101
2019,08,19,7,1.463508,214.0254
2019,08,20,0,1.475803,214.9406
2019,08,20,1,1.367265,207.6315
2019,08,20,2,1.458923,213.487
2019,08,20,3,1.577727,220.6691
2019,08,20,4,1.532551,217.7253
2019,08,20,5,1.450496,212.4849
2019,08,20,6,1.441834,212.4595
2019,08,20,7,1.807925,232.4738
2019,08,21,0,2.772343,261.5155
2019,08,21,1,2.265042,251.5919
2019,08,21,2,2.008522,242.4614
2019,08,21,3,1.442978,213.3643
2019,08,21,4,1.151185,190.7875
2019,08,21,5,1.08584,185.0939
2019,08,21,6,1.300221,201.6852
2019,08,21,7,1.626736,222.2338
2019,08,22,0,1.693411,226.0166
2019,08,22,1,1.392242,208.9786
2019,08,22,2,1.195083,193.7795
2019,08,22,3,1.329271,203.1195
2019,08,22,4,1.516468,215.4021
2019,08,22,5,1.590241,221.1514
2019,08,22,6,1.78785,231.0945
2019,08,22,7,2.405775,252.1476
2019,08,23,0,2.514858,254.7656
2019,08,23,1,2.05931,241.261
2019,08,23,2,1.785443,228.406
2019,08,23,3,1.560668,216.2395
2019,08,23,4,1.531189,214.6601
2019,08,23,5,1.481315,211.5792
2019,08,23,6,1.681835,223.0576
2019,08,23,7,1.947454,234.436
2019,08,24,0,1.525952,216.0106
2019,08,24,1,1.402175,207.5664
2019,08,24,2,1.644333,222.2856
2019,08,24,3,1.312888,201.3234
2019,08,24,4,0.9505412,169.8724
2019,08,24,5,1.230546,194.7797
2019,08,24,6,1.676063,222.9173
2019,08,24,7,1.932885,234.9426
2019,08,25,0,1.67094,223.681
2019,08,25,1,1.447121,211.3303
2019,08,25,2,1.538435,216.9457
2019,08,25,3,1.613484,221.0929
2019,08,25,4,1.55576,218.0888
2019,08,25,5,1.512093,215.7786
2019,08,25,6,1.530643,217.3675
2019,08,25,7,1.505784,216.5026
2019,08,26,0,1.510728,216.7598
2019,08,26,1,1.361583,206.7489
2019,08,26,2,1.140903,189.6405
2019,08,26,3,1.092811,185.5717
2019,08,26,4,0.9513445,171.1776
2019,08,26,5,0.8934236,164.3594
2019,08,26,6,1.050917,180.4726
2019,08,26,7,1.18405,192.6967
2019,08,27,0,1.27673,199.9676
2019,08,27,1,1.117391,186.5714
2019,08,27,2,0.8426638,158.38
2019,08,27,3,0.8253984,155.9166
2019,08,27,4,0.7433107,145.7133
2019,08,27,5,0.758607,147.4398
2019,08,27,6,0.962004,170.683
2019,08,27,7,0.9554611,170.7818
2019,08,28,0,0.8936749,164.7941
2019,08,28,1,0.7657697,149.9888
2019,08,28,2,0.6452604,134.1446
2019,08,28,3,0.6892673,140.1708
2019,08,28,4,0.6907805,140.0581
2019,08,28,5,0.5807994,124.3144
2019,08,28,6,0.5951974,126.6843
2019,08,28,7,0.6249741,131.5626
2019,08,29,0,0.730551,146.0658
2019,08,29,1,0.8650292,162.1736
2019,08,29,2,1.151933,189.8657
2019,08,29,3,1.368766,206.3658
2019,08,29,4,1.07389,181.8403
2019,08,29,5,0.8295115,156.2351
2019,08,29,6,1.036472,178.0041
2019,08,29,7,1.318192,201.8668
2019,08,30,0,1.389365,207.1654
2019,08,30,1,1.516643,214.7231
2019,08,30,2,1.53026,215.2589
2019,08,30,3,1.588243,218.6016
2019,08,30,4,1.627836,222.3707
2019,08,30,5,1.394483,209.0017
2019,08,30,6,1.895036,234.563
2019,08,30,7,1.897058,235.7753
2019,08,31,0,1.963953,238.388
2019,08,31,1,1.952383,237.6539
2019,08,31,2,1.422826,209.7494
2019,08,31,3,1.464913,212.9369
2019,08,31,4,1.552278,218.6191
2019,08,31,5,1.612353,222.1919
2019,08,31,6,1.659683,224.7206
2019,08,31,7,1.770025,230.6845
