####################################################################################################
# Month: 06Jun                                                                                     #
# Station: WF                                                                                      #
# Frequency: 345 GHz                                                                               #
# Columns are: year    month   day     segment         tau     Tb (K)                              #
####################################################################################################
year,month,day,segment,tau,Tb
2009,06,1,0,2.96552,262.1525
2009,06,1,1,2.430547,248.3245
2009,06,1,2,2.1742,242.0165
2009,06,1,3,2.194053,242.7227
2009,06,1,4,2.369916,247.44
2009,06,1,5,3.206792,264.3473
2009,06,1,6,3.533362,270.7485
2009,06,1,7,3.769058,274.4668
2009,06,2,0,5.897698,281.625
2009,06,2,1,3.955015,275.866
2009,06,2,2,3.540132,275.0988
2009,06,2,3,5.668752,283.8563
2009,06,2,4,5.679609,282.4814
2009,06,2,5,5.509621,281.78
2009,06,2,6,5.006026,281.5724
2009,06,2,7,4.614036,281.1952
2009,06,3,0,4.619199,281.3232
2009,06,3,1,4.776603,280.8324
2009,06,3,2,4.939541,279.6131
2009,06,3,3,4.610551,276.8996
2009,06,3,4,4.494856,275.7002
2009,06,3,5,4.989882,278.3539
2009,06,3,6,4.929757,279.7294
2009,06,3,7,4.66779,280.3599
2009,06,4,0,4.626682,280.4779
2009,06,4,1,4.502279,279.6343
2009,06,4,2,4.7746,280.0824
2009,06,4,3,4.990211,280.2295
2009,06,4,4,4.405784,277.735
2009,06,4,5,4.401632,278.0927
2009,06,4,6,4.247453,278.63
2009,06,4,7,4.226603,279.0595
2009,06,5,0,3.854781,277.2708
2009,06,5,1,3.504497,274.3428
2009,06,5,2,3.521536,273.7913
2009,06,5,3,3.719256,275.1008
2009,06,5,4,4.279225,278.3411
2009,06,5,5,5.323175,280.164
2009,06,5,6,5.221771,279.8391
2009,06,5,7,4.796889,277.7436
2009,06,6,0,4.174439,274.7499
2009,06,6,1,4.985966,277.7632
2009,06,6,2,5.639617,279.3644
2009,06,6,3,4.749593,278.3434
2009,06,6,4,3.851033,274.624
2009,06,6,5,4.240043,277.3114
2009,06,6,6,4.850425,281.7725
2009,06,6,7,5.679197,285.0058
2009,06,7,0,5.222645,285.3529
2009,06,7,1,4.701649,283.9527
2009,06,7,2,4.215701,279.7404
2009,06,7,3,4.459186,280.0332
2009,06,7,4,4.364369,278.0766
2009,06,7,5,4.666059,279.3815
2009,06,7,6,5.39709,282.6555
2009,06,7,7,6.455511,284.0617
2009,06,8,0,6.377522,282.7104
2009,06,8,1,5.452728,281.099
2009,06,8,2,5.212772,279.6086
2009,06,8,3,4.9069,278.6124
2009,06,8,4,4.186372,275.0194
2009,06,8,5,4.002662,275.1229
2009,06,8,6,4.052298,276.9098
2009,06,8,7,4.302728,278.7724
2009,06,9,0,4.352612,279.1074
2009,06,9,1,4.231649,278.465
2009,06,9,2,5.132168,280.7624
2009,06,9,3,6.366396,281.8187
2009,06,9,4,5.557862,279.9676
2009,06,9,5,6.01003,278.2286
2009,06,9,6,6.668728,278.1447
2009,06,9,7,5.824641,277.9294
2009,06,10,0,6.246042,278.235
2009,06,10,1,6.471644,279.3321
2009,06,10,2,6.414476,280.5203
2009,06,10,3,6.044762,281.5489
2009,06,10,4,6.347497,281.9625
2009,06,10,5,6.811252,281.3537
2009,06,10,6,6.702877,282.533
2009,06,10,7,7.224987,282.9588
2009,06,11,0,7.298089,282.9567
2009,06,11,1,7.1303,282.3951
2009,06,11,2,7.229121,282.7881
2009,06,11,3,7.583409,283.1868
2009,06,11,4,7.557279,282.9641
2009,06,11,5,7.603287,282.1084
2009,06,11,6,8.155796,283.9564
2009,06,11,7,8.401276,284.517
2009,06,12,0,8.991367,285.8575
2009,06,12,1,9.741677,285.9611
2009,06,12,2,10.52266,286.8699
2009,06,12,3,10.71533,287.4244
2009,06,12,4,11.11866,287.1403
2009,06,12,5,9.785264,285.5356
2009,06,12,6,7.641826,284.158
2009,06,12,7,8.117906,287.2325
2009,06,13,0,7.863856,288.5893
2009,06,13,1,7.280513,287.4031
2009,06,13,2,6.525692,284.919
2009,06,13,3,5.522113,282.8393
2009,06,13,4,5.122943,281.6484
2009,06,13,5,5.293382,282.7801
2009,06,13,6,5.546981,284.706
2009,06,13,7,6.113627,285.7307
2009,06,14,0,7.114469,285.6759
2009,06,14,1,7.40958,284.6439
2009,06,14,2,7.962684,283.8989
2009,06,14,3,6.555482,282.0748
2009,06,14,4,6.737978,280.7912
2009,06,14,5,6.347311,279.5841
2009,06,14,6,7.034995,280.4036
2009,06,14,7,7.084424,280.8713
2009,06,15,0,6.230989,280.6263
2009,06,15,1,5.963461,280.4425
2009,06,15,2,6.441534,280.84
2009,06,15,3,6.989147,280.8893
2009,06,15,4,7.037416,280.3909
2009,06,15,5,7.427012,280.0987
2009,06,15,6,6.898125,279.7803
2009,06,15,7,6.131871,279.4517
2009,06,16,0,6.144033,279.272
2009,06,16,1,6.206844,278.6234
2009,06,16,2,5.673886,278.2237
2009,06,16,3,4.913909,277.1606
2009,06,16,4,4.362827,274.4445
2009,06,16,5,4.029423,273.1166
2009,06,16,6,3.388827,270.099
2009,06,16,7,3.25259,269.4228
2009,06,17,0,2.992962,266.2943
2009,06,17,1,2.733417,262.2483
2009,06,17,2,2.720042,262.1021
2009,06,17,3,2.708461,262.0795
2009,06,17,4,2.428558,256.0832
2009,06,17,5,3.058911,267.9354
2009,06,17,6,3.353699,273.0498
2009,06,17,7,3.762193,277.4452
2009,06,18,0,3.528028,275.077
2009,06,18,1,2.366383,254.9768
2009,06,18,2,2.632591,260.7876
2009,06,18,3,3.372065,271.0887
2009,06,18,4,6.52363,281.4076
2009,06,18,5,7.322159,282.2571
2009,06,18,6,7.642458,283.2401
2009,06,18,7,8.49937,283.7237
2009,06,19,0,8.60426,284.0017
2009,06,19,1,8.611037,283.9948
2009,06,19,2,8.928429,284.6907
2009,06,19,3,9.275216,284.8679
2009,06,19,4,9.862718,285.6027
2009,06,19,5,9.806646,285.722
2009,06,19,6,10.00944,285.8061
2009,06,19,7,9.002209,286.316
2009,06,20,0,7.548432,285.4237
2009,06,20,1,6.812276,285.6261
2009,06,20,2,6.821415,285.659
2009,06,20,3,6.627062,285.6744
2009,06,20,4,6.713201,285.6858
2009,06,20,5,7.566508,287.1847
2009,06,20,6,7.835658,289.0784
2009,06,20,7,8.406559,288.9237
2009,06,21,0,8.723612,287.5046
2009,06,21,1,8.762389,286.6727
2009,06,21,2,8.878186,285.9077
2009,06,21,3,9.634972,285.2499
2009,06,21,4,9.195584,284.9948
2009,06,21,5,9.201791,285.3386
2009,06,21,6,9.840138,286.1295
2009,06,21,7,10.15247,286.3513
2009,06,22,0,8.635465,286.4548
2009,06,22,1,8.626602,285.3648
2009,06,22,2,8.991708,284.5607
2009,06,22,3,9.034513,283.6541
2009,06,22,4,8.593071,282.6921
2009,06,22,5,8.579268,283.7868
2009,06,22,6,9.274539,285.1387
2009,06,22,7,8.766531,284.977
2009,06,23,0,8.343105,285.2176
2009,06,23,1,7.812704,284.3382
2009,06,23,2,7.856241,284.1563
2009,06,23,3,7.841363,283.9948
2009,06,23,4,8.00547,283.7545
2009,06,23,5,8.798141,285.5819
2009,06,23,6,9.691508,286.9454
2009,06,23,7,10.15886,286.8575
2009,06,24,0,10.12671,286.3898
2009,06,24,1,10.40912,286.236
2009,06,24,2,10.17115,286.1026
2009,06,24,3,10.05136,285.9418
2009,06,24,4,10.55309,286.6211
2009,06,24,5,10.69794,286.8631
2009,06,24,6,10.90173,287.2331
2009,06,24,7,10.74191,287.22
2009,06,25,0,10.13033,287.2149
2009,06,25,1,9.658323,287.379
2009,06,25,2,9.639014,287.3964
2009,06,25,3,9.495873,287.5196
2009,06,25,4,9.309593,288.021
2009,06,25,5,9.604322,289.1445
2009,06,25,6,9.776291,290.3065
2009,06,25,7,10.46018,290.8199
2009,06,26,0,10.69239,291.4297
2009,06,26,1,11.0727,291.5948
2009,06,26,2,11.36971,292.1438
2009,06,26,3,11.56688,291.6431
2009,06,26,4,10.41818,291.4714
2009,06,26,5,10.36872,291.1476
2009,06,26,6,11.28713,291.1235
2009,06,26,7,11.04114,290.548
2009,06,27,0,10.65714,289.8613
2009,06,27,1,8.879388,289.0749
2009,06,27,2,8.681933,288.4354
2009,06,27,3,8.85709,288.1688
2009,06,27,4,7.873107,286.9863
2009,06,27,5,7.587787,287.8692
2009,06,27,6,7.90079,288.7862
2009,06,27,7,8.711612,288.313
2009,06,28,0,9.015349,287.7681
2009,06,28,1,9.038938,287.1677
2009,06,28,2,10.10912,285.9378
2009,06,28,3,10.66607,286.3416
2009,06,28,4,11.32771,286.7435
2009,06,28,5,10.36805,287.7143
2009,06,28,6,10.56665,288.8123
2009,06,28,7,10.58767,288.7325
2009,06,29,0,10.66009,287.7558
2009,06,29,1,10.83051,286.378
2009,06,29,2,10.79707,286.5564
2009,06,29,3,10.29368,286.184
2009,06,29,4,10.21849,286.441
2009,06,29,5,9.957873,287.9912
2009,06,29,6,9.495195,289.5709
2009,06,29,7,9.849411,288.8735
2009,06,30,0,10.76853,288.3948
2009,06,30,1,10.2426,288.5784
2009,06,30,2,9.383124,288.2617
2009,06,30,3,8.883532,287.7648
2009,06,30,4,8.786072,286.8817
2009,06,30,5,8.9938,286.8817
2009,06,30,6,8.898323,287.8587
2009,06,30,7,9.020327,286.6676
2010,06,1,0,6.717929,287.443
2010,06,1,1,6.649285,288.0749
2010,06,1,2,7.293461,289.0053
2010,06,1,3,11.27825,288.5875
2010,06,1,4,11.09799,291.4785
2010,06,1,5,11.92764,290.4815
2010,06,1,6,11.91003,290.5211
2010,06,1,7,11.62964,290.8709
2010,06,2,0,9.485181,289.1162
2010,06,2,1,6.813197,287.5333
2010,06,2,2,6.513522,286.4543
2010,06,2,3,6.549973,286.1869
2010,06,2,4,7.101808,285.2258
2010,06,2,5,7.183231,286.4652
2010,06,2,6,7.328058,288.0238
2010,06,2,7,7.949369,288.2319
2010,06,3,0,7.691314,289.4425
2010,06,3,1,7.066897,289.4211
2010,06,3,2,6.282272,288.1851
2010,06,3,3,6.54673,288.4304
2010,06,3,4,8.743267,290.4295
2010,06,3,5,9.899233,289.5778
2010,06,3,6,10.88156,291.09
2010,06,3,7,10.89627,291.8108
2010,06,4,0,10.88824,290.8118
2010,06,4,1,9.276574,286.7988
2010,06,4,2,7.464575,286.1103
2010,06,4,3,7.403653,286.6824
2010,06,4,4,7.463693,285.8444
2010,06,4,5,7.811306,286.5535
2010,06,4,6,7.560204,288.7066
2010,06,4,7,8.144285,289.3794
2010,06,5,0,8.463332,289.7831
2010,06,5,1,8.916014,290.4176
2010,06,5,2,9.354724,290.6438
2010,06,5,3,11.36659,289.7199
2010,06,5,4,11.56931,290.4235
2010,06,5,5,10.46469,290.577
2010,06,5,6,10.86844,291.2691
2010,06,5,7,10.28881,292.7585
2010,06,6,0,10.23129,293.1374
2010,06,6,1,8.371134,290.7302
2010,06,6,2,6.562269,287.8827
2010,06,6,3,7.594356,287.697
2010,06,6,4,9.289088,286.7355
2010,06,6,5,9.646855,287.5595
2010,06,6,6,12.00084,291.8147
2010,06,6,7,12.81509,293.0328
2010,06,7,0,6.089555,282.6016
2010,06,7,1,4.753555,278.8186
2010,06,7,2,4.476025,277.0238
2010,06,7,3,4.239149,275.8291
2010,06,7,4,4.041126,274.2592
2010,06,7,5,4.204631,275.64
2010,06,7,6,3.950889,275.5316
2010,06,7,7,3.863031,275.1673
2010,06,8,0,3.548046,272.4056
2010,06,8,1,3.521164,270.8454
2010,06,8,2,3.477019,269.6625
2010,06,8,3,3.425539,268.4817
2010,06,8,4,3.352448,267.0471
2010,06,8,5,3.508022,268.9139
2010,06,8,6,3.65195,270.77
2010,06,8,7,3.811382,272.5041
2010,06,9,0,3.62166,271.0718
2010,06,9,1,3.3732,268.795
2010,06,9,2,3.384532,269.1072
2010,06,9,3,3.446072,270.3866
2010,06,9,4,3.556663,271.6546
2010,06,9,5,3.641302,272.5949
2010,06,9,6,3.960117,275.2742
2010,06,9,7,4.805291,277.6902
2010,06,10,0,5.391465,278.4244
2010,06,10,1,5.278792,276.8507
2010,06,10,2,4.858306,275.5573
2010,06,10,3,4.917517,275.9455
2010,06,10,4,5.504579,277.4376
2010,06,10,5,7.505193,279.4017
2010,06,10,6,7.882676,279.7766
2010,06,10,7,7.787997,279.7865
2010,06,11,0,6.415888,278.9869
2010,06,11,1,6.029136,278.1234
2010,06,11,2,4.998161,277.2768
2010,06,11,3,3.951425,274.5103
2010,06,11,4,3.600301,272.472
2010,06,11,5,4.391466,277.2128
2010,06,11,6,5.333776,281.0095
2010,06,11,7,6.301196,283.2356
2010,06,12,0,6.807411,284.1378
2010,06,12,1,7.069825,284.483
2010,06,12,2,7.132368,284.7627
2010,06,12,3,7.203758,284.8902
2010,06,12,4,7.293422,284.5056
2010,06,12,5,8.444079,284.4912
2010,06,12,6,8.877249,284.333
2010,06,12,7,9.718932,284.6893
2010,06,13,0,8.393253,284.803
2010,06,13,1,8.543896,284.847
2010,06,13,2,7.808455,284.668
2010,06,13,3,8.068522,284.1269
2010,06,13,4,7.43557,283.3773
2010,06,13,5,8.820612,283.4676
2010,06,13,6,8.823587,283.961
2010,06,13,7,8.816769,284.2025
2010,06,14,0,8.134023,283.8934
2010,06,14,1,7.074527,284.6627
2010,06,14,2,6.688281,284.3809
2010,06,14,3,6.289288,284.2747
2010,06,14,4,6.141363,283.8746
2010,06,14,5,7.240085,284.5137
2010,06,14,6,8.214838,286.6647
2010,06,14,7,8.580691,286.7343
2010,06,15,0,7.80683,286.242
2010,06,15,1,5.296493,281.1853
2010,06,15,2,2.861117,266.9565
2010,06,15,3,3.246317,272.4096
2010,06,15,4,3.199186,270.8951
2010,06,15,5,3.567364,274.6134
2010,06,15,6,3.409591,274.6611
2010,06,15,7,3.369391,275.0214
2010,06,16,0,2.926221,269.2154
2010,06,16,1,2.744173,265.7858
2010,06,16,2,2.708157,264.2495
2010,06,16,3,2.822634,265.6921
2010,06,16,4,3.146567,270.5374
2010,06,16,5,4.039756,278.9203
2010,06,16,6,7.019004,285.2434
2010,06,16,7,7.731555,286.743
2010,06,17,0,5.508491,283.4765
2010,06,17,1,9.766081,287.1981
2010,06,17,2,9.840558,288.1628
2010,06,17,3,8.32665,289.549
2010,06,17,4,8.563889,287.5572
2010,06,17,5,8.573097,285.8193
2010,06,17,6,8.151199,286.1578
2010,06,17,7,9.326306,286.0417
2010,06,18,0,6.750185,285.2468
2010,06,18,1,5.084419,285.382
2010,06,18,2,4.657353,286.3493
2010,06,18,3,4.875628,287.6599
2010,06,18,4,4.496485,286.4719
2010,06,18,5,4.668336,286.8159
2010,06,18,6,5.844939,289.4403
2010,06,18,7,5.940864,290.2054
2010,06,19,0,6.087018,291.1763
2010,06,19,1,6.088611,291.6927
2010,06,19,2,5.756485,290.5403
2010,06,19,3,4.979374,288.1481
2010,06,19,4,3.55545,280.6782
2010,06,19,5,3.364259,278.1308
2010,06,19,6,4.547449,286.0286
2010,06,19,7,5.12336,288.0958
2010,06,20,0,7.210557,289.6853
2010,06,20,1,9.190992,290.3262
2010,06,20,2,9.310452,291.0145
2010,06,20,3,9.019394,292.3426
2010,06,20,4,9.120552,292.796
2010,06,20,5,10.42925,291.9105
2010,06,20,6,10.62714,292.5303
2010,06,20,7,8.897012,291.5287
2010,06,21,0,7.926067,291.207
2010,06,21,1,6.517403,289.2911
2010,06,21,2,6.110733,288.6974
2010,06,21,3,7.943006,289.3679
2010,06,21,4,7.418861,288.6812
2010,06,21,5,8.161379,288.6091
2010,06,21,6,7.868401,289.2871
2010,06,21,7,6.69537,289.4344
2010,06,22,0,5.123394,286.975
2010,06,22,1,4.084363,281.986
2010,06,22,2,3.227117,274.7418
2010,06,22,3,2.898853,269.4701
2010,06,22,4,3.392518,274.6595
2010,06,22,5,4.102742,280.0518
2010,06,22,6,4.850734,283.6918
2010,06,22,7,6.003343,286.4622
2010,06,23,0,7.869384,288.3672
2010,06,23,1,9.147634,287.8003
2010,06,23,2,8.07182,286.7245
2010,06,23,3,9.572199,287.6146
2010,06,23,4,11.61379,288.5702
2010,06,23,5,9.912922,289.1616
2010,06,23,6,9.249397,290.7452
2010,06,23,7,9.575686,291.4041
2010,06,24,0,9.721157,291.6487
2010,06,24,1,9.618389,291.4082
2010,06,24,2,8.788846,291.5461
2010,06,24,3,9.215445,293.4324
2010,06,24,4,11.01267,294.3245
2010,06,24,5,11.94486,293.6711
2010,06,24,6,11.117,295.3193
2010,06,24,7,10.99089,294.522
2010,06,25,0,10.41351,292.1047
2010,06,25,1,6.047479,287.8602
2010,06,25,2,7.190144,287.7419
2010,06,25,3,6.36388,286.665
2010,06,25,4,5.174675,284.6956
2010,06,25,5,5.189471,284.8556
2010,06,25,6,5.085128,285.96
2010,06,25,7,5.548508,287.826
2010,06,26,0,5.621343,288.1146
2010,06,26,1,5.736966,288.2485
2010,06,26,2,6.792986,288.43
2010,06,26,3,7.378459,287.6292
2010,06,26,4,6.94102,286.5845
2010,06,26,5,7.415324,287.1762
2010,06,26,6,7.443771,288.6061
2010,06,26,7,8.052696,289.4424
2010,06,27,0,8.158035,287.6921
2010,06,27,1,7.022846,286.858
2010,06,27,2,7.036608,286.7971
2010,06,27,3,6.876147,286.353
2010,06,27,4,6.914808,286.0312
2010,06,27,5,8.549901,287.6978
2010,06,27,6,9.780284,288.3498
2010,06,27,7,9.689524,288.3864
2010,06,28,0,9.992484,290.1848
2010,06,28,1,10.401,292.6287
2010,06,28,2,12.19481,292.9805
2010,06,28,3,11.25755,293.8487
2010,06,28,4,12.9382,294.8505
2010,06,28,5,13.10731,294.4084
2010,06,28,6,12.83118,294.9936
2010,06,28,7,11.83234,294.3928
2010,06,29,0,11.04843,293.8169
2010,06,29,1,9.999712,293.2199
2010,06,29,2,10.71362,292.2964
2010,06,29,3,10.16329,290.9301
2010,06,29,4,7.927048,290.2775
2010,06,29,5,7.582205,290.5775
2010,06,29,6,6.547579,290.6279
2010,06,29,7,6.617683,289.9364
2010,06,30,0,6.3274,288.0205
2010,06,30,1,4.453124,281.6229
2010,06,30,2,4.160122,278.3933
2010,06,30,3,4.341326,278.466
2010,06,30,4,4.415378,277.8761
2010,06,30,5,4.038479,276.6876
2010,06,30,6,3.077374,269.5959
2010,06,30,7,3.394964,273.5866
2011,06,1,0,6.694575,289.0131
2011,06,1,1,6.488366,289.4954
2011,06,1,2,6.587611,289.7601
2011,06,1,3,7.083268,290.1863
2011,06,1,4,9.203305,292.2081
2011,06,1,5,9.947385,292.1699
2011,06,1,6,10.20444,293.0192
2011,06,1,7,9.428194,293.6819
2011,06,2,0,11.48118,293.7339
2011,06,2,1,6.606937,290.8141
2011,06,2,2,4.060841,282.793
2011,06,2,3,3.543825,276.7226
2011,06,2,4,3.863608,277.3949
2011,06,2,5,4.114095,277.3496
2011,06,2,6,4.31638,277.1002
2011,06,2,7,4.403183,276.2183
2011,06,3,0,4.076776,271.8216
2011,06,3,1,4.344721,272.149
2011,06,3,2,4.069371,270.9234
2011,06,3,3,4.025675,270.0495
2011,06,3,4,3.876408,268.8301
2011,06,3,5,3.939782,271.1647
2011,06,3,6,3.348808,268.8422
2011,06,3,7,2.978295,266.0629
2011,06,4,0,2.946895,265.5352
2011,06,4,1,2.951655,264.9291
2011,06,4,2,3.441628,270.6544
2011,06,4,3,3.63435,271.7316
2011,06,4,4,3.525669,269.9203
2011,06,4,5,3.501839,270.3553
2011,06,4,6,3.498581,271.6775
2011,06,4,7,3.744485,273.8909
2011,06,5,0,3.758,273.0767
2011,06,5,1,3.566591,271.5565
2011,06,5,2,3.553046,271.3665
2011,06,5,3,3.546806,271.0286
2011,06,5,4,3.524684,271.3383
2011,06,5,5,3.831974,274.4889
2011,06,5,6,4.112542,277.4114
2011,06,5,7,4.749747,280.411
2011,06,6,0,4.985883,281.3037
2011,06,6,1,4.88494,281.0046
2011,06,6,2,5.078302,281.5708
2011,06,6,3,5.227325,282.0273
2011,06,6,4,5.043487,281.822
2011,06,6,5,5.296354,282.5198
2011,06,6,6,5.725538,284.4308
2011,06,6,7,6.438445,285.7251
2011,06,7,0,6.091308,286.4919
2011,06,7,1,5.861044,286.5319
2011,06,7,2,5.67353,285.7208
2011,06,7,3,5.413627,285.0917
2011,06,7,4,5.157283,284.9581
2011,06,7,5,6.048215,285.5915
2011,06,7,6,6.737054,287.5948
2011,06,7,7,7.086638,288.1073
2011,06,8,0,6.462761,288.5685
2011,06,8,1,5.577761,288.6818
2011,06,8,2,5.416638,289.1523
2011,06,8,3,5.679419,290.5312
2011,06,8,4,6.348618,291.1882
2011,06,8,5,6.879551,290.8554
2011,06,8,6,7.839426,292.1897
2011,06,8,7,8.423921,293.8487
2011,06,9,0,9.354275,295.1571
2011,06,9,1,9.399728,295.8236
2011,06,9,2,7.454654,293.7462
2011,06,9,3,5.966161,292.0815
2011,06,9,4,6.58683,292.7354
2011,06,9,5,7.652799,293.3803
2011,06,9,6,10.3812,294.8473
2011,06,9,7,10.40212,296.1035
2011,06,10,0,10.08723,294.0845
2011,06,10,1,10.82263,292.5291
2011,06,10,2,9.942085,291.9429
2011,06,10,3,7.390502,288.9383
2011,06,10,4,6.504551,286.1101
2011,06,10,5,7.150108,287.2137
2011,06,10,6,7.379608,286.7374
2011,06,10,7,8.086488,286.5395
2011,06,11,0,7.703544,286.6011
2011,06,11,1,7.510868,286.4339
2011,06,11,2,7.051656,284.6455
2011,06,11,3,6.087545,282.1081
2011,06,11,4,5.689725,280.8256
2011,06,11,5,5.96412,279.9078
2011,06,11,6,6.767634,279.5337
2011,06,11,7,6.929271,278.9009
2011,06,12,0,6.251896,278.3264
2011,06,12,1,6.194268,278.4318
2011,06,12,2,7.635432,279.2508
2011,06,12,3,7.216083,279.2672
2011,06,12,4,8.326061,279.6379
2011,06,12,5,8.930933,279.7746
2011,06,12,6,8.65211,279.913
2011,06,12,7,8.781318,279.8758
2011,06,13,0,7.673563,279.86
2011,06,13,1,6.67116,279.8139
2011,06,13,2,5.872513,279.6248
2011,06,13,3,6.009424,280.2761
2011,06,13,4,6.302733,280.2478
2011,06,13,5,6.930035,280.5511
2011,06,13,6,6.28297,280.9463
2011,06,13,7,6.000425,281.011
2011,06,14,0,6.185838,280.9687
2011,06,14,1,6.430312,279.9492
2011,06,14,2,5.771235,278.0488
2011,06,14,3,5.718942,276.8521
2011,06,14,4,6.135818,276.8365
2011,06,14,5,5.21133,276.5196
2011,06,14,6,5.037711,276.2117
2011,06,14,7,5.213726,277.0469
2011,06,15,0,5.516855,278.4453
2011,06,15,1,5.77213,279.4969
2011,06,15,2,5.60342,279.5303
2011,06,15,3,5.265814,280.3527
2011,06,15,4,4.51529,277.7816
2011,06,15,5,4.728608,278.0879
2011,06,15,6,5.081435,281.7293
2011,06,15,7,5.778548,284.7576
2011,06,16,0,5.815441,285.1433
2011,06,16,1,5.93622,285.2781
2011,06,16,2,6.4418,286.2535
2011,06,16,3,6.792981,287.2236
2011,06,16,4,5.978227,287.5346
2011,06,16,5,6.000455,288.2511
2011,06,16,6,6.233226,289.9259
2011,06,16,7,6.039223,290.6003
2011,06,17,0,5.911045,290.5251
2011,06,17,1,6.094255,290.2076
2011,06,17,2,4.465668,284.9758
2011,06,17,3,3.772108,279.7098
2011,06,17,4,4.388262,281.7465
2011,06,17,5,7.882016,286.0088
2011,06,17,6,8.708847,285.6144
2011,06,17,7,9.832511,286.9434
2011,06,18,0,7.916197,286.1459
2011,06,18,1,7.759036,285.4964
2011,06,18,2,9.015952,285.9626
2011,06,18,3,8.222377,286.2597
2011,06,18,4,8.237148,285.9931
2011,06,18,5,9.197429,286.9577
2011,06,18,6,7.790336,289.1665
2011,06,18,7,7.823249,290.444
2011,06,19,0,7.468132,290.618
2011,06,19,1,7.452458,290.1579
2011,06,19,2,4.098106,281.9113
2011,06,19,3,3.610198,277.13
2011,06,19,4,3.470415,273.8348
2011,06,19,5,3.672621,275.4977
2011,06,19,6,3.859869,279.0356
2011,06,19,7,4.470109,283.0496
2011,06,20,0,4.209009,281.9355
2011,06,20,1,4.185882,281.612
2011,06,20,2,4.282012,281.3331
2011,06,20,3,4.151191,280.155
2011,06,20,4,4.305887,280.5942
2011,06,20,5,5.248209,283.8933
2011,06,20,6,5.498545,285.9721
2011,06,20,7,5.503287,286.9931
2011,06,21,0,5.193744,286.3499
2011,06,21,1,4.849511,285.0581
2011,06,21,2,4.643103,283.7795
2011,06,21,3,4.547562,282.5581
2011,06,21,4,4.633042,281.788
2011,06,21,5,5.293244,283.4803
2011,06,21,6,5.340364,285.054
2011,06,21,7,5.742815,286.4646
2011,06,22,0,5.898122,286.9571
2011,06,22,1,5.719845,286.7835
2011,06,22,2,5.670182,286.5299
2011,06,22,3,5.555907,286.0731
2011,06,22,4,5.610981,285.7978
2011,06,22,5,7.441198,287.0532
2011,06,22,6,9.79908,286.6226
2011,06,22,7,10.71573,286.6919
2011,06,23,0,10.97112,287.0992
2011,06,23,1,11.21338,286.9786
2011,06,23,2,11.33446,287.1538
2011,06,23,3,10.90707,286.4325
2011,06,23,4,10.49627,285.443
2011,06,23,5,10.12273,284.5686
2011,06,23,6,9.877242,283.9607
2011,06,23,7,10.41286,284.0366
2011,06,24,0,10.07808,284.0899
2011,06,24,1,9.801926,284.1398
2011,06,24,2,9.16717,283.5549
2011,06,24,3,9.084524,283.2364
2011,06,24,4,9.076023,282.5749
2011,06,24,5,8.826134,282.5774
2011,06,24,6,8.047582,282.4964
2011,06,24,7,7.720902,281.6324
2011,06,25,0,8.010034,281.1852
2011,06,25,1,8.605973,283.5651
2011,06,25,2,9.056177,284.3694
2011,06,25,3,8.767416,285.0758
2011,06,25,4,9.21697,284.9552
2011,06,25,5,9.03054,284.3753
2011,06,25,6,8.99691,284.367
2011,06,25,7,8.96221,285.4043
2011,06,26,0,9.040775,286.3671
2011,06,26,1,9.523662,286.613
2011,06,26,2,10.02939,286.3033
2011,06,26,3,9.622833,286.2427
2011,06,26,4,7.403576,285.7317
2011,06,26,5,6.956647,287.015
2011,06,26,6,7.36381,287.8557
2011,06,26,7,7.580326,287.7621
2011,06,27,0,7.999652,287.5865
2011,06,27,1,7.874148,287.3416
2011,06,27,2,7.704909,287.2779
2011,06,27,3,7.482147,287.0835
2011,06,27,4,6.91203,286.7491
2011,06,27,5,6.528162,287.0323
2011,06,27,6,6.273584,288.2376
2011,06,27,7,6.570867,289.3404
2011,06,28,0,6.686831,289.8898
2011,06,28,1,7.129957,289.9551
2011,06,28,2,7.550863,289.8595
2011,06,28,3,7.581495,289.9926
2011,06,28,4,7.343472,289.7357
2011,06,28,5,7.49217,289.4575
2011,06,28,6,6.997903,289.5418
2011,06,28,7,7.674506,289.4488
2011,06,29,0,8.135579,289.7585
2011,06,29,1,8.685559,290.1883
2011,06,29,2,9.635225,289.5699
2011,06,29,3,9.9648,289.1983
2011,06,29,4,7.728468,287.8319
2011,06,29,5,6.938679,287.8137
2011,06,29,6,6.506542,288.4132
2011,06,29,7,6.770488,288.3
2011,06,30,0,6.843364,286.9015
2011,06,30,1,5.7991,283.7707
2011,06,30,2,6.058429,283.8984
2011,06,30,3,5.889357,282.8205
2011,06,30,4,4.903643,280.8448
2011,06,30,5,5.249167,283.3705
2011,06,30,6,5.69727,285.743
2011,06,30,7,5.780694,286.3168
2012,06,1,0,5.526297,284.9593
2012,06,1,1,5.509412,282.6702
2012,06,1,2,4.833527,279.3311
2012,06,1,3,4.261659,276.3761
2012,06,1,4,3.744522,272.2211
2012,06,1,5,3.621012,271.7216
2012,06,1,6,3.982865,275.0587
2012,06,1,7,4.459448,276.7913
2012,06,2,0,3.660908,272.0793
2012,06,2,1,2.715319,259.3453
2012,06,2,2,2.544081,255.46
2012,06,2,3,3.906724,273.8708
2012,06,2,4,5.894341,279.7186
2012,06,2,5,8.030835,281.5619
2012,06,2,6,14.31556,284.5803
2012,06,2,7,9.818441,284.6481
2012,06,3,0,10.16468,285.8936
2012,06,3,1,9.800559,285.379
2012,06,3,2,8.99958,284.2771
2012,06,3,3,7.67088,283.1005
2012,06,3,4,6.854113,281.5827
2012,06,3,5,7.077716,281.5873
2012,06,3,6,7.004452,280.8895
2012,06,3,7,6.888753,279.3511
2012,06,4,0,6.071094,277.756
2012,06,4,1,5.22237,275.1361
2012,06,4,2,5.484846,275.0504
2012,06,4,3,5.396368,274.3753
2012,06,4,4,5.494594,274.4068
2012,06,4,5,5.773121,275.2213
2012,06,4,6,5.58783,274.9834
2012,06,4,7,5.46298,274.707
2012,06,5,0,5.009402,272.931
2012,06,5,1,5.025553,272.8433
2012,06,5,2,4.894211,272.709
2012,06,5,3,4.600201,271.426
2012,06,5,4,4.331524,270.2508
2012,06,5,5,5.409591,274.4981
2012,06,5,6,5.430511,275.5201
2012,06,5,7,5.516995,276.5332
2012,06,6,0,5.461367,276.3627
2012,06,6,1,4.910398,274.8502
2012,06,6,2,4.611375,274.1158
2012,06,6,3,4.331571,273.3781
2012,06,6,4,4.266976,272.7966
2012,06,6,5,4.923259,275.6808
2012,06,6,6,4.910337,276.4511
2012,06,6,7,5.27995,277.4555
2012,06,7,0,5.459876,278.2051
2012,06,7,1,5.619715,278.6659
2012,06,7,2,5.662481,278.6418
2012,06,7,3,5.383934,278.431
2012,06,7,4,5.237421,277.7745
2012,06,7,5,5.374469,278.7533
2012,06,7,6,5.741498,279.2681
2012,06,7,7,6.094577,279.562
2012,06,8,0,5.62114,279.4895
2012,06,8,1,5.135204,279.3746
2012,06,8,2,4.869698,279.6881
2012,06,8,3,5.0284,280.6757
2012,06,8,4,4.90862,280.5223
2012,06,8,5,5.381103,281.9022
2012,06,8,6,6.135137,284.9448
2012,06,8,7,7.265558,286.7445
2012,06,9,0,7.20613,286.0883
2012,06,9,1,6.925505,285.922
2012,06,9,2,5.959697,283.7431
2012,06,9,3,4.129318,278.5847
2012,06,9,4,3.633358,274.5921
2012,06,9,5,4.490267,279.5326
2012,06,9,6,4.49063,281.779
2012,06,9,7,4.812039,284.0312
2012,06,10,0,4.472956,282.9127
2012,06,10,1,3.516972,276.5774
2012,06,10,2,3.23718,272.5838
2012,06,10,3,3.30228,272.4898
2012,06,10,4,3.321341,272.5258
2012,06,10,5,3.889732,278.3511
2012,06,10,6,4.099873,280.4609
2012,06,10,7,4.405039,282.3644
2012,06,11,0,4.311102,281.6145
2012,06,11,1,4.098199,280.389
2012,06,11,2,4.194982,279.967
2012,06,11,3,3.802749,276.7035
2012,06,11,4,6.830447,284.5438
2012,06,11,5,5.40909,281.9658
2012,06,11,6,5.950083,283.792
2012,06,11,7,6.486647,285.2688
2012,06,12,0,6.166744,285.295
2012,06,12,1,4.638574,282.1271
2012,06,12,2,4.058908,279.5198
2012,06,12,3,4.293148,280.2334
2012,06,12,4,4.651958,281.8711
2012,06,12,5,6.189384,284.1397
2012,06,12,6,6.801596,284.9618
2012,06,12,7,7.389612,286.573
2012,06,13,0,8.145102,285.6252
2012,06,13,1,8.171466,285.1198
2012,06,13,2,9.433159,285.4993
2012,06,13,3,9.337791,285.4082
2012,06,13,4,9.981648,285.6414
2012,06,13,5,9.64221,284.9241
2012,06,13,6,9.070795,285.8525
2012,06,13,7,8.75338,286.4678
2012,06,14,0,8.011188,286.5499
2012,06,14,1,6.561633,285.2678
2012,06,14,2,5.349714,283.2945
2012,06,14,3,5.11539,282.284
2012,06,14,4,4.768,280.3966
2012,06,14,5,4.810376,280.2723
2012,06,14,6,4.806507,281.7179
2012,06,14,7,4.596195,282.0275
2012,06,15,0,4.279228,280.6217
2012,06,15,1,3.956972,278.5954
2012,06,15,2,3.635156,275.9046
2012,06,15,3,3.58081,275.0015
2012,06,15,4,3.652481,275.2736
2012,06,15,5,4.251942,278.6517
2012,06,15,6,4.255075,279.5701
2012,06,15,7,4.559255,280.9726
2012,06,16,0,4.670549,281.7173
2012,06,16,1,4.516883,281.63
2012,06,16,2,4.424451,281.028
2012,06,16,3,4.529606,280.4614
2012,06,16,4,4.775723,280.4035
2012,06,16,5,5.147741,280.8501
2012,06,16,6,5.295169,281.1654
2012,06,16,7,5.686096,280.5239
2012,06,17,0,4.660538,278.9713
2012,06,17,1,3.975535,276.5618
2012,06,17,2,3.923059,275.0109
2012,06,17,3,4.170587,275.3483
2012,06,17,4,4.394295,276.1133
2012,06,17,5,4.642959,277.9604
2012,06,17,6,4.698047,279.0154
2012,06,17,7,4.775716,278.5147
2012,06,18,0,4.258,276.4134
2012,06,18,1,3.807522,274.8145
2012,06,18,2,3.946228,274.8337
2012,06,18,3,4.058383,274.6569
2012,06,18,4,4.142035,274.6495
2012,06,18,5,4.406711,276.7384
2012,06,18,6,4.445588,278.3873
2012,06,18,7,4.747212,279.9883
2012,06,19,0,4.758785,280.7023
2012,06,19,1,4.300376,279.3106
2012,06,19,2,4.162452,278.7772
2012,06,19,3,4.541393,280.6926
2012,06,19,4,4.992837,282.031
2012,06,19,5,5.584199,283.1378
2012,06,19,6,6.898213,286.0524
2012,06,19,7,8.511825,287.8133
2012,06,20,0,9.049997,289.2747
2012,06,20,1,9.324936,291.2133
2012,06,20,2,10.89661,292.6859
2012,06,20,3,10.93769,292.9082
2012,06,20,4,10.35181,293.708
2012,06,20,5,11.07946,292.3656
2012,06,20,6,11.2998,294.0947
2012,06,20,7,11.12525,295.8534
2012,06,21,0,10.92944,296.6763
2012,06,21,1,10.02622,296.7199
2012,06,21,2,9.359207,295.8554
2012,06,21,3,8.717353,295.7239
2012,06,21,4,8.257646,294.9658
2012,06,21,5,8.814372,293.673
2012,06,21,6,9.143508,294.9766
2012,06,21,7,9.607113,295.8925
2012,06,22,0,9.928423,296.5493
2012,06,22,1,9.253958,296.5428
2012,06,22,2,7.961249,294.7782
2012,06,22,3,7.766901,293.4834
2012,06,22,4,8.752789,293.7076
2012,06,22,5,9.915205,293.8417
2012,06,22,6,10.58529,295.135
2012,06,22,7,10.66049,295.3399
2012,06,23,0,10.90053,294.4823
2012,06,23,1,11.41732,293.3581
2012,06,23,2,10.27917,291.9905
2012,06,23,3,10.28304,290.3672
2012,06,23,4,10.71878,288.8492
2012,06,23,5,9.80754,288.3219
2012,06,23,6,8.900565,289.1285
2012,06,23,7,7.96329,289.3895
2012,06,24,0,7.756978,288.2126
2012,06,24,1,7.19433,285.9956
2012,06,24,2,6.226788,285.3593
2012,06,24,3,4.766318,283.3494
2012,06,24,4,4.203201,281.7909
2012,06,24,5,4.99634,284.5673
2012,06,24,6,4.869304,285.4742
2012,06,24,7,5.409589,287.2265
2012,06,25,0,5.485551,287.6387
2012,06,25,1,6.417192,288.2508
2012,06,25,2,7.672948,286.9241
2012,06,25,3,7.5732,287.1605
2012,06,25,4,7.792536,287.8528
2012,06,25,5,9.387966,287.9989
2012,06,25,6,9.927125,287.2537
2012,06,25,7,10.06288,286.9418
2012,06,26,0,9.989537,286.699
2012,06,26,1,8.492362,285.4262
2012,06,26,2,7.311034,284.2504
2012,06,26,3,7.386451,283.6287
2012,06,26,4,7.193284,283.3518
2012,06,26,5,7.244641,283.8667
2012,06,26,6,7.377358,284.1096
2012,06,26,7,7.436236,283.6772
2012,06,27,0,6.660043,281.9532
2012,06,27,1,6.052506,281.392
2012,06,27,2,5.952219,282.0898
2012,06,27,3,7.493896,283.4651
2012,06,27,4,7.280861,283.2507
2012,06,27,5,7.543127,285.1124
2012,06,27,6,7.85487,286.4895
2012,06,27,7,8.113249,286.255
2012,06,28,0,7.725165,285.9425
2012,06,28,1,7.279299,285.6119
2012,06,28,2,7.355349,285.7103
2012,06,28,3,7.554253,285.8319
2012,06,28,4,6.859065,285.7704
2012,06,28,5,6.594819,287.0965
2012,06,28,6,6.199529,288.5769
2012,06,28,7,6.800622,290.2202
2012,06,29,0,6.684186,291.7485
2012,06,29,1,6.722424,292.9009
2012,06,29,2,6.648101,293.0194
2012,06,29,3,7.341142,293.05
2012,06,29,4,10.11494,290.2829
2012,06,29,5,9.014342,290.9557
2012,06,29,6,9.246521,294.0056
2012,06,29,7,10.40476,295.9705
2012,06,30,0,8.529525,294.6376
2012,06,30,1,5.769862,291.9922
2012,06,30,2,4.452929,289.0714
2012,06,30,3,4.178315,287.1973
2012,06,30,4,5.115937,289.4485
2012,06,30,5,6.626837,291.3418
2012,06,30,6,6.714977,292.751
2012,06,30,7,6.810466,292.9928
2013,06,1,0,7.738936,295.5101
2013,06,1,1,7.563266,295.4415
2013,06,1,2,7.814115,294.4975
2013,06,1,3,8.034225,293.8207
2013,06,1,4,6.868433,293.1944
2013,06,1,5,6.739726,292.8903
2013,06,1,6,7.254495,294.0223
2013,06,1,7,7.632642,294.5267
2013,06,2,0,9.427386,294.0447
2013,06,2,1,10.20534,293.969
2013,06,2,2,9.49037,293.5823
2013,06,2,3,9.236319,292.6974
2013,06,2,4,8.945384,292.384
2013,06,2,5,8.997148,292.0459
2013,06,2,6,8.502599,292.4536
2013,06,2,7,8.506398,291.997
2013,06,3,0,9.971119,291.3409
2013,06,3,1,11.0693,291.4857
2013,06,3,2,11.28404,291.0731
2013,06,3,3,9.7651,289.6936
2013,06,3,4,9.117399,287.0228
2013,06,3,5,8.005609,287.0338
2013,06,3,6,7.550085,288.2417
2013,06,3,7,7.547963,288.0941
2013,06,4,0,5.873042,286.2849
2013,06,4,1,3.571127,274.7195
2013,06,4,2,2.983216,265.8781
2013,06,4,3,2.322323,251.6139
2013,06,4,4,3.148538,265.8119
2013,06,4,5,3.840583,273.9159
2013,06,4,6,3.636904,274.023
2013,06,4,7,3.633557,274.4489
2013,06,5,0,3.552431,273.3802
2013,06,5,1,3.465204,271.4619
2013,06,5,2,3.557322,271.587
2013,06,5,3,3.431104,269.7699
2013,06,5,4,3.417507,268.9836
2013,06,5,5,3.450422,269.9619
2013,06,5,6,3.54908,272.5245
2013,06,5,7,4.043061,277.2117
2013,06,6,0,4.343272,278.5101
2013,06,6,1,4.534976,279.1844
2013,06,6,2,4.869195,279.8119
2013,06,6,3,4.729349,278.9967
2013,06,6,4,4.087276,276.5687
2013,06,6,5,4.824316,279.8455
2013,06,6,6,5.389411,281.471
2013,06,6,7,4.970645,280.1117
2013,06,7,0,4.398495,276.2752
2013,06,7,1,4.175705,274.7826
2013,06,7,2,4.224245,274.7126
2013,06,7,3,3.548785,269.19
2013,06,7,4,4.232044,273.9592
2013,06,7,5,7.570547,280.5375
2013,06,7,6,8.904454,281.4971
2013,06,7,7,8.586785,281.2223
2013,06,8,0,8.428774,281.6981
2013,06,8,1,8.126611,282.1294
2013,06,8,2,9.116074,283.5456
2013,06,8,3,10.40948,285.2104
2013,06,8,4,10.33992,284.3112
2013,06,8,5,7.069478,282.9944
2013,06,8,6,6.954679,286.9941
2013,06,8,7,7.914423,287.5758
2013,06,9,0,8.019079,287.2038
2013,06,9,1,6.948599,285.5103
2013,06,9,2,6.364743,283.7522
2013,06,9,3,5.923034,282.2721
2013,06,9,4,5.798797,281.9286
2013,06,9,5,6.084865,283.5194
2013,06,9,6,5.83121,285.4076
2013,06,9,7,5.757958,286.1366
2013,06,10,0,5.516115,285.6629
2013,06,10,1,5.028362,284.2548
2013,06,10,2,5.20847,283.9412
2013,06,10,3,5.09776,283.2211
2013,06,10,4,4.490862,280.733
2013,06,10,5,5.094676,280.9366
2013,06,10,6,6.427002,282.4745
2013,06,10,7,7.757931,283.9847
2013,06,11,0,7.592613,283.4149
2013,06,11,1,7.652461,282.6988
2013,06,11,2,8.362438,282.0703
2013,06,11,3,8.552986,281.6535
2013,06,11,4,9.992262,282.9171
2013,06,11,5,9.32922,283.2532
2013,06,11,6,8.351816,282.5408
2013,06,11,7,8.085637,282.8168
2013,06,12,0,8.216319,282.2335
2013,06,12,1,6.676975,280.0107
2013,06,12,2,5.6245,279.6764
2013,06,12,3,5.72995,280.1965
2013,06,12,4,5.895008,279.2378
2013,06,12,5,6.030632,280.9451
2013,06,12,6,5.965842,281.9664
2013,06,12,7,6.135446,282.9816
2013,06,13,0,5.304821,281.3966
2013,06,13,1,4.783016,279.4788
2013,06,13,2,4.330725,278.2783
2013,06,13,3,3.505317,273.0167
2013,06,13,4,3.208892,270.0629
2013,06,13,5,5.214092,281.0401
2013,06,13,6,6.539278,281.7065
2013,06,13,7,7.245719,281.7426
2013,06,14,0,6.964374,280.4183
2013,06,14,1,6.611341,279.2284
2013,06,14,2,6.853999,279.7365
2013,06,14,3,6.933035,280.0098
2013,06,14,4,6.077017,278.9659
2013,06,14,5,5.58221,278.5174
2013,06,14,6,4.975017,280.5996
2013,06,14,7,5.353553,283.8794
2013,06,15,0,5.611411,285.4773
2013,06,15,1,5.01231,284.0582
2013,06,15,2,3.828092,278.819
2013,06,15,3,3.001364,268.6006
2013,06,15,4,2.732404,262.8163
2013,06,15,5,3.301007,270.8207
2013,06,15,6,3.632336,275.4138
2013,06,15,7,4.181376,280.0686
2013,06,16,0,4.327565,281.0179
2013,06,16,1,4.198727,280.2711
2013,06,16,2,4.533394,281.2439
2013,06,16,3,4.497151,280.7908
2013,06,16,4,4.083904,279.3073
2013,06,16,5,5.548397,283.474
2013,06,16,6,7.087266,285.8605
2013,06,16,7,7.723397,287.1273
2013,06,17,0,7.579274,287.6496
2013,06,17,1,7.638763,287.6489
2013,06,17,2,6.531955,286.1012
2013,06,17,3,6.423089,286.2655
2013,06,17,4,7.237376,287.4793
2013,06,17,5,7.811092,288.2897
2013,06,17,6,7.668464,290.1946
2013,06,17,7,7.430222,290.9096
2013,06,18,0,7.603085,289.3194
2013,06,18,1,7.384768,287.1575
2013,06,18,2,7.849622,287.0742
2013,06,18,3,7.901022,286.288
2013,06,18,4,8.192037,284.6307
2013,06,18,5,8.235388,285.5242
2013,06,18,6,8.389348,284.0504
2013,06,18,7,7.853279,283.2727
2013,06,19,0,7.4035,283.2798
2013,06,19,1,6.583278,283.1238
2013,06,19,2,5.333684,281.2625
2013,06,19,3,4.316827,278.0464
2013,06,19,4,3.541343,273.5
2013,06,19,5,3.761475,275.9249
2013,06,19,6,3.81279,277.2017
2013,06,19,7,4.054099,279.3552
2013,06,20,0,3.784707,277.9485
2013,06,20,1,3.554175,276.0215
2013,06,20,2,3.758946,276.908
2013,06,20,3,3.820701,276.6828
2013,06,20,4,3.497512,273.6344
2013,06,20,5,3.851942,276.6861
2013,06,20,6,4.273984,280.3159
2013,06,20,7,4.879243,283.4977
2013,06,21,0,4.857598,284.2237
2013,06,21,1,5.026371,285.0077
2013,06,21,2,6.212494,286.606
2013,06,21,3,6.478693,286.7542
2013,06,21,4,6.260963,285.9635
2013,06,21,5,6.305068,285.3193
2013,06,21,6,5.775333,285.778
2013,06,21,7,5.275169,286.5296
2013,06,22,0,5.296488,287.1816
2013,06,22,1,5.237228,287.608
2013,06,22,2,5.443766,287.3149
2013,06,22,3,6.021162,287.4438
2013,06,22,4,7.270966,289.2641
2013,06,22,5,9.047744,289.7227
2013,06,22,6,9.841567,290.2617
2013,06,22,7,9.954049,290.4542
2013,06,23,0,8.975699,290.6699
2013,06,23,1,8.751391,290.6017
2013,06,23,2,9.298429,290.1775
2013,06,23,3,9.978187,290.5826
2013,06,23,4,9.251808,292.1718
2013,06,23,5,10.96534,291.6608
2013,06,23,6,11.80845,293.8794
2013,06,23,7,11.92263,295.0561
2013,06,24,0,10.69521,294.9578
2013,06,24,1,9.87601,294.6553
2013,06,24,2,10.03411,294.524
2013,06,24,3,10.90821,294.0014
2013,06,24,4,10.29425,293.8378
2013,06,24,5,11.63636,294.1947
2013,06,24,6,12.32086,295.1606
2013,06,24,7,12.10198,295.2198
2013,06,25,0,10.27098,294.4425
2013,06,25,1,8.71992,293.9797
2013,06,25,2,7.65223,293.0713
2013,06,25,3,9.075428,293.0293
2013,06,25,4,8.924957,293.1285
2013,06,25,5,10.11217,293.3281
2013,06,25,6,10.04867,294.6045
2013,06,25,7,11.13607,295.3532
2013,06,26,0,12.04038,294.5619
2013,06,26,1,11.38049,292.7952
2013,06,26,2,10.55184,291.1565
2013,06,26,3,11.52868,290.5339
2013,06,26,4,9.401137,290.0522
2013,06,26,5,10.40913,290.4975
2013,06,26,6,9.920899,290.6023
2013,06,26,7,9.739845,290.5704
2013,06,27,0,9.677372,289.3378
2013,06,27,1,9.88333,289.0496
2013,06,27,2,10.05178,288.9019
2013,06,27,3,10.11549,288.6349
2013,06,27,4,10.3426,288.545
2013,06,27,5,10.29461,288.0817
2013,06,27,6,10.23917,289.1295
2013,06,27,7,12.06493,288.6729
2013,06,28,0,11.9761,288.4914
2013,06,28,1,12.01213,288.5675
2013,06,28,2,12.88335,289.0841
2013,06,28,3,13.19078,288.9284
2013,06,28,4,14.57341,291.0542
2013,06,28,5,13.33603,291.3203
2013,06,28,6,13.6336,292.4471
2013,06,28,7,12.49886,292.641
2013,06,29,0,11.88436,291.7422
2013,06,29,1,11.39556,291.9931
2013,06,29,2,11.58154,292.3374
2013,06,29,3,12.16905,292.2273
2013,06,29,4,11.79421,291.8134
2013,06,29,5,12.28621,291.3348
2013,06,29,6,10.17755,291.9727
2013,06,29,7,10.33313,292.1718
2013,06,30,0,9.238881,292.2929
2013,06,30,1,8.033885,291.0113
2013,06,30,2,8.252686,290.9562
2013,06,30,3,8.141065,290.3423
2013,06,30,4,7.644798,290.2329
2013,06,30,5,7.666562,290.3138
2013,06,30,6,9.589509,291.3469
2013,06,30,7,11.98241,292.0251
2014,06,1,0,3.263272,267.2999
2014,06,1,1,2.640273,258.7111
2014,06,1,2,2.221252,248.6051
2014,06,1,3,1.936389,239.0558
2014,06,1,4,1.887998,236.8265
2014,06,1,5,2.845689,263.5851
2014,06,1,6,3.420181,272.3061
2014,06,1,7,4.083839,278.004
2014,06,2,0,4.576585,280.5162
2014,06,2,1,4.691077,280.9616
2014,06,2,2,4.58049,280.5616
2014,06,2,3,5.414328,283.987
2014,06,2,4,5.472105,284.5629
2014,06,2,5,6.155148,285.2131
2014,06,2,6,6.166008,286.9469
2014,06,2,7,5.773014,287.8532
2014,06,3,0,5.736308,288.5575
2014,06,3,1,6.398404,289.9512
2014,06,3,2,7.0876,290.3694
2014,06,3,3,6.986314,289.9014
2014,06,3,4,6.080703,288.5296
2014,06,3,5,5.544438,286.4403
2014,06,3,6,5.54355,286.5058
2014,06,3,7,5.565212,285.923
2014,06,4,0,5.716001,285.3388
2014,06,4,1,5.676461,284.1842
2014,06,4,2,6.807364,283.2985
2014,06,4,3,7.450467,282.3258
2014,06,4,4,6.785983,282.3767
2014,06,4,5,7.162185,282.5071
2014,06,4,6,7.456089,283.7078
2014,06,4,7,7.987304,284.3937
2014,06,5,0,7.729517,284.4968
2014,06,5,1,7.074549,284.4976
2014,06,5,2,6.675606,284.035
2014,06,5,3,6.213042,283.345
2014,06,5,4,7.258433,283.8003
2014,06,5,5,8.549723,284.0609
2014,06,5,6,7.94964,283.3291
2014,06,5,7,7.825786,283.0402
2014,06,6,0,6.680545,282.2563
2014,06,6,1,6.396869,282.5707
2014,06,6,2,7.004904,283.0325
2014,06,6,3,6.6743,282.4086
2014,06,6,4,5.984515,281.5677
2014,06,6,5,5.762726,281.6697
2014,06,6,6,5.609211,283.5776
2014,06,6,7,5.766628,284.0178
2014,06,7,0,5.814126,283.6032
2014,06,7,1,5.519957,282.7462
2014,06,7,2,5.991269,283.8002
2014,06,7,3,6.182549,284.2077
2014,06,7,4,5.595014,283.948
2014,06,7,5,6.008035,285.1964
2014,06,7,6,6.005189,286.9479
2014,06,7,7,6.047839,288.146
2014,06,8,0,5.599478,287.6516
2014,06,8,1,5.478868,287.2768
2014,06,8,2,5.703344,286.9704
2014,06,8,3,5.617831,286.6105
2014,06,8,4,5.57898,286.4639
2014,06,8,5,5.761769,287.0959
2014,06,8,6,5.836593,288.1753
2014,06,8,7,5.907034,288.7012
2014,06,9,0,5.328506,287.9734
2014,06,9,1,4.933467,286.8814
2014,06,9,2,4.941951,286.4175
2014,06,9,3,5.075493,285.7948
2014,06,9,4,5.383168,286.0269
2014,06,9,5,6.390806,287.332
2014,06,9,6,6.94419,288.281
2014,06,9,7,7.352787,288.1588
2014,06,10,0,6.121187,286.7033
2014,06,10,1,5.754132,285.574
2014,06,10,2,7.007769,286.1648
2014,06,10,3,7.856579,285.7466
2014,06,10,4,8.20489,285.9813
2014,06,10,5,8.33397,286.6348
2014,06,10,6,8.144373,288.307
2014,06,10,7,9.136886,286.3967
2014,06,11,0,6.06078,282.744
2014,06,11,1,4.721546,280.4389
2014,06,11,2,3.796903,276.4492
2014,06,11,3,3.857939,276.7313
2014,06,11,4,3.442861,272.9213
2014,06,11,5,3.98556,276.1591
2014,06,11,6,4.442787,278.0718
2014,06,11,7,4.582373,277.801
2014,06,12,0,3.936309,274.3487
2014,06,12,1,3.642835,272.0429
2014,06,12,2,4.165382,275.27
2014,06,12,3,4.27926,276.3741
2014,06,12,4,4.527343,278.147
2014,06,12,5,7.637383,281.8
2014,06,12,6,8.842439,283.2736
2014,06,12,7,9.019919,284.2829
2014,06,13,0,9.246282,285.1911
2014,06,13,1,8.527682,284.9849
2014,06,13,2,7.98155,284.647
2014,06,13,3,8.431308,284.6813
2014,06,13,4,8.920735,284.7118
2014,06,13,5,9.979259,284.6943
2014,06,13,6,9.679613,284.0712
2014,06,13,7,11.11316,285.1982
2014,06,14,0,11.08071,286.9593
2014,06,14,1,10.50448,288.5153
2014,06,14,2,10.93248,288.2901
2014,06,14,3,11.24981,287.4807
2014,06,14,4,9.728456,286.2462
2014,06,14,5,8.475539,284.5281
2014,06,14,6,7.406396,285.8652
2014,06,14,7,6.723096,286.2921
2014,06,15,0,5.731691,285.058
2014,06,15,1,5.530821,282.1639
2014,06,15,2,5.226577,281.3257
2014,06,15,3,6.052421,282.4467
2014,06,15,4,5.797453,281.756
2014,06,15,5,5.834892,282.435
2014,06,15,6,5.12443,283.6159
2014,06,15,7,5.283568,284.5211
2014,06,16,0,5.134347,283.6173
2014,06,16,1,4.686428,281.9087
2014,06,16,2,4.76947,281.8654
2014,06,16,3,4.990116,282.1977
2014,06,16,4,4.197934,279.456
2014,06,16,5,4.189141,280.1646
2014,06,16,6,4.30093,282.6573
2014,06,16,7,4.847846,286.0454
2014,06,17,0,6.060156,287.7336
2014,06,17,1,5.587863,287.3395
2014,06,17,2,7.09219,288.7793
2014,06,17,3,8.938741,287.9921
2014,06,17,4,8.405486,288.2962
2014,06,17,5,8.491884,289.2215
2014,06,17,6,8.907077,291.5484
2014,06,17,7,9.223918,292.6703
2014,06,18,0,9.111581,293.0927
2014,06,18,1,10.38384,293.5346
2014,06,18,2,10.70281,294.1466
2014,06,18,3,12.89075,292.3315
2014,06,18,4,9.823796,290.3526
2014,06,18,5,9.046851,290.6911
2014,06,18,6,7.785411,290.4574
2014,06,18,7,8.096369,289.9591
2014,06,19,0,8.601903,289.0654
2014,06,19,1,7.738141,288.4468
2014,06,19,2,6.842639,287.0082
2014,06,19,3,5.30748,285.3808
2014,06,19,4,5.083806,284.5019
2014,06,19,5,5.291253,285.0633
2014,06,19,6,5.12366,285.4388
2014,06,19,7,4.65159,284.013
2014,06,20,0,3.77359,278.2086
2014,06,20,1,3.601141,275.8525
2014,06,20,2,3.610873,275.2608
2014,06,20,3,3.64713,274.9426
2014,06,20,4,3.682771,273.2038
2014,06,20,5,3.559675,272.5911
2014,06,20,6,3.48055,272.9866
2014,06,20,7,3.783394,275.952
2014,06,21,0,3.847202,275.4907
2014,06,21,1,3.952545,274.8944
2014,06,21,2,3.670461,272.9463
2014,06,21,3,3.689379,273.5468
2014,06,21,4,3.592331,272.5696
2014,06,21,5,4.001905,275.9289
2014,06,21,6,4.516406,279.6208
2014,06,21,7,4.918121,281.1643
2014,06,22,0,4.474718,279.8012
2014,06,22,1,4.127377,277.7603
2014,06,22,2,3.944622,275.7179
2014,06,22,3,3.854023,274.7819
2014,06,22,4,4.164408,276.3729
2014,06,22,5,4.502707,278.8563
2014,06,22,6,4.712104,280.7772
2014,06,22,7,4.712123,281.7303
2014,06,23,0,4.717958,282.1356
2014,06,23,1,4.725419,282.3181
2014,06,23,2,4.587172,281.656
2014,06,23,3,4.332772,280.5661
2014,06,23,4,4.247132,280.4623
2014,06,23,5,4.823976,282.9191
2014,06,23,6,4.933163,284.549
2014,06,23,7,5.219148,285.8387
2014,06,24,0,5.612062,286.5303
2014,06,24,1,5.776891,286.4508
2014,06,24,2,5.82901,286.1936
2014,06,24,3,7.11168,287.1716
2014,06,24,4,7.95904,287.6618
2014,06,24,5,8.156693,287.3705
2014,06,24,6,8.434399,289.243
2014,06,24,7,8.546309,290.1126
2014,06,25,0,7.949789,288.742
2014,06,25,1,7.115484,288.2611
2014,06,25,2,8.121537,289.7849
2014,06,25,3,10.518,290.9888
2014,06,25,4,11.19866,291.6468
2014,06,25,5,11.34941,291.8673
2014,06,25,6,11.70691,293.5995
2014,06,25,7,11.60882,293.916
2014,06,26,0,12.63273,291.8508
2014,06,26,1,11.53582,290.719
2014,06,26,2,11.32837,289.8771
2014,06,26,3,12.46118,290.2291
2014,06,26,4,11.2877,289.4351
2014,06,26,5,9.892587,287.7272
2014,06,26,6,7.917177,287.9982
2014,06,26,7,8.211268,288.4649
2014,06,27,0,7.451111,285.8561
2014,06,27,1,6.494456,284.1104
2014,06,27,2,5.509505,282.6939
2014,06,27,3,3.889511,276.7835
2014,06,27,4,3.607883,274.7626
2014,06,27,5,4.075029,278.8615
2014,06,27,6,4.277737,281.2015
2014,06,27,7,4.962231,284.3377
2014,06,28,0,4.699751,284.1364
2014,06,28,1,4.494262,283.4523
2014,06,28,2,4.717312,284.1908
2014,06,28,3,4.884368,284.877
2014,06,28,4,4.319317,283.2253
2014,06,28,5,4.726921,284.7573
2014,06,28,6,4.612223,284.9988
2014,06,28,7,4.153049,282.8102
2014,06,29,0,4.173561,282.9027
2014,06,29,1,3.722186,280.0015
2014,06,29,2,3.675015,279.6281
2014,06,29,3,4.700484,285.2365
2014,06,29,4,5.67065,287.4576
2014,06,29,5,6.910513,288.5499
2014,06,29,6,7.011532,289.8298
2014,06,29,7,7.313654,290.4001
2014,06,30,0,7.290017,290.2144
2014,06,30,1,7.601811,290.1009
2014,06,30,2,8.793315,290.6997
2014,06,30,3,9.017403,291.1507
2014,06,30,4,8.5459,291.4727
2014,06,30,5,8.938662,291.8481
2014,06,30,6,9.39124,293.2584
2014,06,30,7,9.991877,293.7937
2015,06,1,0,6.951361,277.3816
2015,06,1,1,5.690697,275.9205
2015,06,1,2,10.01356,278.0924
2015,06,1,3,5.93691,276.097
2015,06,1,4,6.99619,277.1483
2015,06,1,5,6.364405,275.9371
2015,06,1,6,6.878272,275.8346
2015,06,1,7,6.947468,275.5415
2015,06,2,0,5.976548,287.8493
2015,06,2,1,6.551681,275.563
2015,06,2,2,7.428003,275.996
2015,06,2,3,6.234944,275.0808
2015,06,2,4,5.661477,274.5446
2015,06,2,5,6.359964,275.1731
2015,06,2,6,5.904384,275.3511
2015,06,2,7,5.298815,274.95
2015,06,3,0,3.893466,271.0213
2015,06,3,1,3.725623,270.4845
2015,06,3,2,3.611272,270.2555
2015,06,3,3,3.571131,269.5208
2015,06,3,4,3.435301,283.5747
2015,06,3,5,3.427887,268.8855
2015,06,3,6,3.357034,270.021
2015,06,3,7,3.495972,272.2726
2015,06,4,0,3.582307,273.0476
2015,06,4,1,3.617146,272.4346
2015,06,4,2,3.799051,272.3509
2015,06,4,3,3.839478,271.9352
2015,06,4,4,3.903713,272.2295
2015,06,4,5,4.045382,273.7814
2015,06,4,6,4.077929,275.2943
2015,06,4,7,4.251511,276.8631
2015,06,5,0,4.349103,277.937
2015,06,5,1,4.773875,279.6102
2015,06,5,2,5.316245,279.9218
2015,06,5,3,5.911064,279.846
2015,06,5,4,6.173937,280.2292
2015,06,5,5,6.325073,280.7209
2015,06,5,6,6.902458,282.7958
2015,06,5,7,7.49637,284.2602
2015,06,6,0,8.241956,286.5561
2015,06,6,1,8.798507,287.3158
2015,06,6,2,9.345445,287.1196
2015,06,6,3,8.973312,284.9051
2015,06,6,4,6.626569,282.2326
2015,06,6,5,6.076074,281.7145
2015,06,6,6,3.899315,277.0397
2015,06,6,7,2.925884,267.0699
2015,06,7,0,2.71569,262.9691
2015,06,7,1,2.456769,256.5705
2015,06,7,2,2.483552,256.7147
2015,06,7,3,2.480146,255.7847
2015,06,7,4,2.489511,255.4269
2015,06,7,5,2.913824,263.7528
2015,06,7,6,3.02832,266.9008
2015,06,7,7,3.580948,273.7367
2015,06,8,0,3.818925,276.7089
2015,06,8,1,3.939777,276.8953
2015,06,8,2,3.753558,274.9661
2015,06,8,3,3.510771,271.3566
2015,06,8,4,3.314507,268.8548
2015,06,8,5,5.510531,280.883
2015,06,8,6,7.584781,285.2581
2015,06,8,7,7.798524,287.1699
2015,06,9,0,8.319704,286.778
2015,06,9,1,9.886817,288.0921
2015,06,9,2,9.447288,288.0856
2015,06,9,3,10.67865,288.5628
2015,06,9,4,10.09227,288.4501
2015,06,9,5,10.85245,287.7024
2015,06,9,6,10.16635,287.5423
2015,06,9,7,9.603844,288.6667
2015,06,10,0,9.877423,288.6858
2015,06,10,1,7.968533,286.7053
2015,06,10,2,6.339983,284.2047
2015,06,10,3,5.427565,282.1011
2015,06,10,4,5.127583,282.1155
2015,06,10,5,5.225081,284.0857
2015,06,10,6,5.130122,285.6306
2015,06,10,7,5.430481,287.1956
2015,06,11,0,5.874567,288.1134
2015,06,11,1,6.341403,288.4175
2015,06,11,2,6.803485,289.6533
2015,06,11,3,7.87927,291.0746
2015,06,11,4,8.132049,289.9688
2015,06,11,5,8.058064,289.8864
2015,06,11,6,6.445144,290.456
2015,06,11,7,5.59076,288.7075
2015,06,12,0,5.292083,287.644
2015,06,12,1,5.781142,287.5374
2015,06,12,2,6.959677,286.9907
2015,06,12,3,6.728493,286.1466
2015,06,12,4,6.143588,285.6543
2015,06,12,5,7.163546,286.4858
2015,06,12,6,6.840832,288.9109
2015,06,12,7,9.702997,289.6032
2015,06,13,0,8.094735,291.6343
2015,06,13,1,10.73936,293.2606
2015,06,13,2,12.02809,293.9699
2015,06,13,3,10.1558,287.4788
2015,06,13,4,4.6975,281.9658
2015,06,13,5,5.161753,284.9393
2015,06,13,6,5.409835,287.6593
2015,06,13,7,5.608332,288.9332
2015,06,14,0,5.501932,288.775
2015,06,14,1,5.489412,288.177
2015,06,14,2,5.881594,288.0164
2015,06,14,3,5.01109,286.1896
2015,06,14,4,4.490945,283.23
2015,06,14,5,5.324497,283.6609
2015,06,14,6,5.000164,284.0136
2015,06,14,7,5.2491,285.9356
2015,06,15,0,5.811391,286.7138
2015,06,15,1,6.217182,286.0207
2015,06,15,2,6.06179,284.5664
2015,06,15,3,6.80224,283.4801
2015,06,15,4,8.103494,283.0789
2015,06,15,5,8.355435,282.5319
2015,06,15,6,7.590175,282.3236
2015,06,15,7,6.874555,282.5842
2015,06,16,0,6.632044,282.7423
2015,06,16,1,6.780808,283.512
2015,06,16,2,7.633153,284.8424
2015,06,16,3,8.820517,285.7868
2015,06,16,4,9.775676,286.2189
2015,06,16,5,10.75571,286.688
2015,06,16,6,12.20206,288.135
2015,06,16,7,13.11656,289.7482
2015,06,17,0,9.005392,289.4933
2015,06,17,1,7.886013,289.6168
2015,06,17,2,6.372834,287.1767
2015,06,17,3,3.812385,277.6511
2015,06,17,4,3.297987,271.5044
2015,06,17,5,3.253237,271.2426
2015,06,17,6,3.509265,274.7528
2015,06,17,7,3.653061,277.5293
2015,06,18,0,3.877399,279.6699
2015,06,18,1,4.287692,281.4053
2015,06,18,2,4.567274,281.5993
2015,06,18,3,4.685898,281.3693
2015,06,18,4,4.615894,280.7626
2015,06,18,5,5.860417,283.8479
2015,06,18,6,7.062347,286.6996
2015,06,18,7,7.472758,287.9893
2015,06,19,0,7.856576,288.1039
2015,06,19,1,7.603602,287.0008
2015,06,19,2,8.787676,286.8699
2015,06,19,3,10.24086,287.6771
2015,06,19,4,10.46903,288.1875
2015,06,19,5,9.225845,287.5366
2015,06,19,6,6.497959,288.0092
2015,06,19,7,4.540779,283.7142
2015,06,20,0,3.915951,278.4516
2015,06,20,1,3.564637,274.392
2015,06,20,2,3.316449,271.9971
2015,06,20,3,3.346502,272.4117
2015,06,20,4,3.549404,273.89
2015,06,20,5,4.606851,280.1623
2015,06,20,6,5.846692,284.5872
2015,06,20,7,7.418667,286.1105
2015,06,21,0,8.541188,286.4695
2015,06,21,1,8.925109,285.4349
2015,06,21,2,11.54232,286.9618
2015,06,21,3,13.11653,289.8485
2015,06,21,4,13.2112,289.938
2015,06,21,5,14.09579,290.4723
2015,06,21,6,13.38506,289.9903
2015,06,21,7,10.02072,289.054
2015,06,22,0,9.47928,290.1296
2015,06,22,1,9.977729,290.5992
2015,06,22,2,8.93047,289.0755
2015,06,22,3,9.936908,287.7021
2015,06,22,4,8.046124,286.3464
2015,06,22,5,7.277166,287.0231
2015,06,22,6,6.802072,288.9209
2015,06,22,7,6.705063,289.3869
2015,06,23,0,6.513309,289.2274
2015,06,23,1,6.305809,288.7734
2015,06,23,2,6.71641,288.8274
2015,06,23,3,7.837003,289.489
2015,06,23,4,9.024864,291.6936
2015,06,23,5,11.54345,291.8359
2015,06,23,6,12.2648,292.6634
2015,06,23,7,14.31375,293.7069
2015,06,24,0,7.718879,292.1968
2015,06,24,1,6.719825,289.4503
2015,06,24,2,6.256102,287.2402
2015,06,24,3,5.613801,284.7665
2015,06,24,4,4.839305,281.8165
2015,06,24,5,4.438157,281.3245
2015,06,24,6,3.897224,280.0922
2015,06,24,7,4.037762,281.5414
2015,06,25,0,4.332712,282.3211
2015,06,25,1,4.32819,281.0073
2015,06,25,2,5.059967,282.7583
2015,06,25,3,5.571812,282.8832
2015,06,25,4,5.92542,282.8261
2015,06,25,5,6.457614,284.3154
2015,06,25,6,6.299246,285.818
2015,06,25,7,6.435143,286.5966
2015,06,26,0,6.716918,286.3031
2015,06,26,1,6.421257,285.4017
2015,06,26,2,5.879402,282.6308
2015,06,26,3,6.045949,281.2851
2015,06,26,4,5.875148,280.9664
2015,06,26,5,5.612563,280.7472
2015,06,26,6,4.862201,280.8169
2015,06,26,7,4.310396,279.7271
2015,06,27,0,4.387872,279.8201
2015,06,27,1,4.558133,280.2154
2015,06,27,2,4.435292,279.8617
2015,06,27,3,4.12678,278.5987
2015,06,27,4,3.889224,277.0375
2015,06,27,5,4.770313,280.3844
2015,06,27,6,5.330448,282.2325
2015,06,27,7,5.637784,282.5861
2015,06,28,0,4.880805,279.5729
2015,06,28,1,5.047303,279.2787
2015,06,28,2,7.176668,280.4725
2015,06,28,3,7.916392,280.673
2015,06,28,4,7.683422,280.7974
2015,06,28,5,8.641737,283.1041
2015,06,28,6,9.313873,282.8225
2015,06,28,7,7.851945,282.0376
2015,06,29,0,7.331372,281.2916
2015,06,29,1,6.848895,280.0517
2015,06,29,2,5.650528,279.151
2015,06,29,3,6.345799,281.061
2015,06,29,4,7.300136,282.84
2015,06,29,5,7.608556,283.0838
2015,06,29,6,7.25759,285.4334
2015,06,29,7,7.733574,286.4511
2015,06,30,0,7.402102,286.9355
2015,06,30,1,6.758978,285.9647
2015,06,30,2,6.672243,285.0044
2015,06,30,3,6.604494,284.2874
2015,06,30,4,6.222655,283.7875
2015,06,30,5,6.616369,285.4105
2015,06,30,6,7.133101,287.6087
2015,06,30,7,8.775291,288.8589
2016,06,1,0,4.429477,285.9512
2016,06,1,1,4.089486,284.2896
2016,06,1,2,4.231581,283.099
2016,06,1,3,4.210546,280.9413
2016,06,1,4,4.48699,281.4173
2016,06,1,5,5.06374,282.5572
2016,06,1,6,5.080794,282.9051
2016,06,1,7,4.762354,281.121
2016,06,2,0,4.091342,279.343
2016,06,2,1,3.682648,277.1722
2016,06,2,2,3.36256,273.9929
2016,06,2,3,3.188075,272.0285
2016,06,2,4,3.198903,271.5756
2016,06,2,5,3.968427,276.8522
2016,06,2,6,4.581645,279.5578
2016,06,2,7,5.445298,281.9211
2016,06,3,0,6.42319,283.7014
2016,06,3,1,6.334672,284.4651
2016,06,3,2,5.132125,282.6227
2016,06,3,3,4.969989,281.905
2016,06,3,4,4.987628,281.3005
2016,06,3,5,4.733219,280.8082
2016,06,3,6,5.452424,282.7164
2016,06,3,7,6.521974,284.775
2016,06,4,0,7.344605,286.533
2016,06,4,1,7.949839,287.3956
2016,06,4,2,7.658796,287.2721
2016,06,4,3,7.01771,286.8751
2016,06,4,4,6.033295,285.6646
2016,06,4,5,5.987946,285.4091
2016,06,4,6,5.829918,286.3808
2016,06,4,7,5.967142,286.9596
2016,06,5,0,5.958994,287.2479
2016,06,5,1,5.885577,287.1105
2016,06,5,2,6.095068,287.2186
2016,06,5,3,7.995327,287.7459
2016,06,5,4,7.858702,286.6263
2016,06,5,5,8.464963,285.6943
2016,06,5,6,9.869155,286.1048
2016,06,5,7,9.259454,285.0422
2016,06,6,0,10.4491,286.2347
2016,06,6,1,11.89794,288.3469
2016,06,6,2,8.160324,287.0488
2016,06,6,3,6.801844,287.2397
2016,06,6,4,6.21626,285.8002
2016,06,6,5,6.670172,286.2891
2016,06,6,6,5.658706,287.1578
2016,06,6,7,5.489846,287.7189
2016,06,7,0,5.205551,287.7208
2016,06,7,1,5.376796,287.8942
2016,06,7,2,5.662754,287.7527
2016,06,7,3,5.977038,287.1595
2016,06,7,4,6.742325,287.6303
2016,06,7,5,7.816281,288.2455
2016,06,7,6,7.651457,289.262
2016,06,7,7,7.466256,288.6391
2016,06,8,0,6.38386,286.4793
2016,06,8,1,5.690164,283.7455
2016,06,8,2,5.184162,280.1563
2016,06,8,3,4.836809,278.0837
2016,06,8,4,4.502452,276.6015
2016,06,8,5,4.937685,279.3047
2016,06,8,6,4.614799,279.1537
2016,06,8,7,5.276733,280.2185
2016,06,9,0,3.801031,274.2596
2016,06,9,1,4.103218,272.7395
2016,06,9,2,4.216196,271.0281
2016,06,9,3,4.251298,270.8258
2016,06,9,4,4.211743,270.5107
2016,06,9,5,4.003907,271.6272
2016,06,9,6,3.944447,272.6971
2016,06,9,7,4.195338,273.7737
2016,06,10,0,4.244797,273.1486
2016,06,10,1,4.24334,272.3384
2016,06,10,2,4.558761,272.7639
2016,06,10,3,4.595517,271.7331
2016,06,10,4,4.215938,270.43
2016,06,10,5,4.334903,273.3855
2016,06,10,6,4.640016,276.812
2016,06,10,7,4.808161,278.4581
2016,06,11,0,4.624889,278.2962
2016,06,11,1,4.292938,276.8004
2016,06,11,2,4.265093,276.6682
2016,06,11,3,4.540887,278.2183
2016,06,11,4,4.994189,279.6923
2016,06,11,5,5.420391,280.3542
2016,06,11,6,13.99229,283.9815
2016,06,11,7,6.500158,282.044
2016,06,12,0,7.100341,284.5332
2016,06,12,1,7.669477,286.4136
2016,06,12,2,7.716833,287.7981
2016,06,12,3,7.761995,290.5061
2016,06,12,4,7.173723,287.7
2016,06,12,5,5.50637,284.5644
2016,06,12,6,4.41145,277.0404
2016,06,12,7,3.732975,271.277
2016,06,13,0,4.332019,272.0816
2016,06,13,1,4.069696,269.8837
2016,06,13,2,4.60751,274.2577
2016,06,13,3,5.43447,277.4109
2016,06,13,4,5.484476,277.7228
2016,06,13,5,5.076592,279.5285
2016,06,13,6,4.897017,280.6712
2016,06,13,7,5.336493,281.3363
2016,06,14,0,5.269014,279.7101
2016,06,14,1,5.004028,276.9745
2016,06,14,2,4.687069,274.8504
2016,06,14,3,4.529382,275.0376
2016,06,14,4,4.539045,275.7248
2016,06,14,5,4.382233,276.5774
2016,06,14,6,4.016318,277.4633
2016,06,14,7,4.373769,280.6284
2016,06,15,0,4.600992,281.325
2016,06,15,1,4.955655,282.5859
2016,06,15,2,5.030544,282.8328
2016,06,15,3,4.344662,280.5377
2016,06,15,4,3.83603,277.3641
2016,06,15,5,4.679479,281.6527
2016,06,15,6,4.83932,283.8324
2016,06,15,7,5.117096,285.1443
2016,06,16,0,4.574018,283.6402
2016,06,16,1,4.196359,281.8137
2016,06,16,2,4.331846,282.486
2016,06,16,3,4.43486,283.0159
2016,06,16,4,4.205335,282.2343
2016,06,16,5,4.660275,284.3701
2016,06,16,6,4.852367,285.9763
2016,06,16,7,5.058778,286.4128
2016,06,17,0,4.671385,285.1389
2016,06,17,1,4.112943,281.2075
2016,06,17,2,3.571136,275.8461
2016,06,17,3,3.407894,273.4239
2016,06,17,4,3.307025,271.8796
2016,06,17,5,3.444298,273.6505
2016,06,17,6,3.415431,274.3084
2016,06,17,7,3.927598,279.2174
2016,06,18,0,4.238186,280.9559
2016,06,18,1,4.328012,281.3025
2016,06,18,2,4.564424,281.5141
2016,06,18,3,3.414917,273.6554
2016,06,18,4,2.729848,263.9149
2016,06,18,5,3.518701,274.2734
2016,06,18,6,3.843457,277.8982
2016,06,18,7,4.072344,279.5139
2016,06,19,0,3.486388,275.9713
2016,06,19,1,2.881297,268.5052
2016,06,19,2,3.031043,270.6277
2016,06,19,3,3.403153,275.3455
2016,06,19,4,4.131966,281.9947
2016,06,19,5,5.083201,285.6695
2016,06,19,6,5.825749,288.5464
2016,06,19,7,6.089161,290.035
2016,06,20,0,5.951627,290.0873
2016,06,20,1,5.589568,289.4872
2016,06,20,2,5.549274,289.9017
2016,06,20,3,5.435494,290.0677
2016,06,20,4,5.577868,290.465
2016,06,20,5,5.634783,290.1968
2016,06,20,6,6.182595,291.3979
2016,06,20,7,6.6718,292.5565
2016,06,21,0,7.122941,292.4424
2016,06,21,1,7.192489,292.5849
2016,06,21,2,7.537592,293.1364
2016,06,21,3,8.471884,291.5471
2016,06,21,4,8.728392,289.3204
2016,06,21,5,5.637233,286.9588
2016,06,21,6,4.752033,286.21
2016,06,21,7,5.014157,286.4034
2016,06,22,0,4.825146,284.7745
2016,06,22,1,4.294383,282.2234
2016,06,22,2,4.239263,281.2142
2016,06,22,3,4.229474,280.2926
2016,06,22,4,4.395027,279.6917
2016,06,22,5,4.449672,280.7879
2016,06,22,6,6.144316,283.444
2016,06,22,7,4.779133,282.0921
2016,06,23,0,4.42306,281.1558
2016,06,23,1,4.504717,281.387
2016,06,23,2,4.978717,282.1364
2016,06,23,3,5.131226,281.8121
2016,06,23,4,4.834317,280.408
2016,06,23,5,4.962719,281.6343
2016,06,23,6,5.137475,283.55
2016,06,23,7,5.503364,285.2254
2016,06,24,0,4.988972,284.7273
2016,06,24,1,4.651819,283.7767
2016,06,24,2,4.45748,282.3832
2016,06,24,3,4.004003,279.4726
2016,06,24,4,3.758278,277.148
2016,06,24,5,3.766885,277.3463
2016,06,24,6,3.682339,277.6997
2016,06,24,7,3.868882,279.5152
2016,06,25,0,4.025529,280.451
2016,06,25,1,4.069359,280.7373
2016,06,25,2,4.27847,281.3048
2016,06,25,3,4.507476,281.7039
2016,06,25,4,4.32217,280.6865
2016,06,25,5,4.332489,280.8087
2016,06,25,6,4.33202,281.9137
2016,06,25,7,4.294593,282.1996
2016,06,26,0,4.478672,283.2669
2016,06,26,1,4.547451,283.8378
2016,06,26,2,4.227462,282.3365
2016,06,26,3,4.294104,282.8406
2016,06,26,4,4.362103,283.9156
2016,06,26,5,4.826863,285.6452
2016,06,26,6,4.478621,285.7572
2016,06,26,7,4.265925,285.0553
2016,06,27,0,4.355016,285.7569
2016,06,27,1,4.787663,287.3285
2016,06,27,2,5.640168,288.9328
2016,06,27,3,6.413419,289.441
2016,06,27,4,6.607019,289.1714
2016,06,27,5,6.964814,289.1899
2016,06,27,6,5.584305,288.3805
2016,06,27,7,5.678925,288.1073
2016,06,28,0,7.98527,288.5499
2016,06,28,1,10.2326,288.2052
2016,06,28,2,10.39935,288.058
2016,06,28,3,9.731114,288.0012
2016,06,28,4,8.459714,287.5251
2016,06,28,5,8.589893,287.3473
2016,06,28,6,8.120206,287.9272
2016,06,28,7,7.158031,288.124
2016,06,29,0,8.089058,288.0902
2016,06,29,1,7.384957,287.6228
2016,06,29,2,9.55464,287.5972
2016,06,29,3,9.971304,287.8703
2016,06,29,4,10.12274,287.3288
2016,06,29,5,7.390961,287.7219
2016,06,29,6,6.414363,289.183
2016,06,29,7,6.834725,289.5765
2016,06,30,0,6.359622,288.8984
2016,06,30,1,5.992059,287.9353
2016,06,30,2,6.552939,287.3785
2016,06,30,3,6.375595,286.327
2016,06,30,4,5.883433,285.27
2016,06,30,5,5.594949,286.313
2016,06,30,6,5.039693,286.4344
2016,06,30,7,4.790161,286.2696
2017,06,1,0,7.683479,284.2281
2017,06,1,1,6.406501,283.7825
2017,06,1,2,4.194585,278.5787
2017,06,1,3,4.276177,279.1744
2017,06,1,4,4.260423,278.8254
2017,06,1,5,5.301752,281.5143
2017,06,1,6,5.226349,282.3905
2017,06,1,7,5.009633,282.0672
2017,06,2,0,3.971569,277.8428
2017,06,2,1,3.443142,270.6117
2017,06,2,2,3.060427,263.6542
2017,06,2,3,2.73242,258.0474
2017,06,2,4,2.839843,259.7182
2017,06,2,5,3.100125,264.8571
2017,06,2,6,4.02176,273.9896
2017,06,2,7,4.646543,276.7048
2017,06,3,0,4.674063,275.5371
2017,06,3,1,3.60704,268.3626
2017,06,3,2,3.746293,269.5329
2017,06,3,3,3.89452,270.205
2017,06,3,4,4.205434,271.3183
2017,06,3,5,4.544415,274.2995
2017,06,3,6,4.649308,275.3533
2017,06,3,7,4.734514,275.551
2017,06,4,0,4.440789,274.3763
2017,06,4,1,4.309388,273.6019
2017,06,4,2,4.288157,274.6256
2017,06,4,3,4.261899,274.9164
2017,06,4,4,4.319703,275.3189
2017,06,4,5,4.816522,278.4359
2017,06,4,6,5.185093,280.8499
2017,06,4,7,6.294518,281.4465
2017,06,5,0,5.965011,280.0868
2017,06,5,1,4.831524,278.342
2017,06,5,2,4.837656,277.522
2017,06,5,3,5.70014,278.659
2017,06,5,4,7.592391,279.9261
2017,06,5,5,8.671722,280.432
2017,06,5,6,8.50639,280.0489
2017,06,5,7,8.971613,279.4967
2017,06,6,0,8.875759,279.093
2017,06,6,1,8.493546,278.9878
2017,06,6,2,7.614899,278.5512
2017,06,6,3,6.74049,276.8751
2017,06,6,4,7.755645,277.012
2017,06,6,5,7.502263,276.2697
2017,06,6,6,5.690891,274.8742
2017,06,6,7,5.715735,275.8375
2017,06,7,0,5.512801,276.4931
2017,06,7,1,5.790281,276.7418
2017,06,7,2,5.743531,276.4895
2017,06,7,3,5.454267,276.6616
2017,06,7,4,4.672947,275.8376
2017,06,7,5,3.296308,268.7072
2017,06,7,6,3.036068,267.4096
2017,06,7,7,4.06416,277.4793
2017,06,8,0,4.052945,278.6343
2017,06,8,1,3.799816,278.1429
2017,06,8,2,4.139719,280.3107
2017,06,8,3,4.377226,281.8028
2017,06,8,4,3.949891,279.7966
2017,06,8,5,4.265688,281.3358
2017,06,8,6,4.114772,281.0088
2017,06,8,7,2.711562,264.7987
2017,06,9,0,2.066911,244.7963
2017,06,9,1,2.323638,250.9476
2017,06,9,2,2.92493,263.1115
2017,06,9,3,3.206125,267.6334
2017,06,9,4,3.618351,271.9272
2017,06,9,5,3.780741,274.4673
2017,06,9,6,6.410211,284.664
2017,06,9,7,7.115947,285.0778
2017,06,10,0,6.187096,286.6627
2017,06,10,1,5.137201,285.5358
2017,06,10,2,6.3378,285.9349
2017,06,10,3,5.603324,284.3429
2017,06,10,4,5.547136,283.9355
2017,06,10,5,6.532271,285.8793
2017,06,10,6,6.307942,287.8771
2017,06,10,7,6.479992,289.4052
2017,06,11,0,7.396352,290.3729
2017,06,11,1,7.537643,291.1367
2017,06,11,2,8.082892,291.8877
2017,06,11,3,8.14371,292.254
2017,06,11,4,8.403178,292.1956
2017,06,11,5,7.905871,292.1694
2017,06,11,6,8.259456,293.4906
2017,06,11,7,8.472348,294.5745
2017,06,12,0,7.359895,295.2675
2017,06,12,1,7.199656,295.3509
2017,06,12,2,7.795398,294.7113
2017,06,12,3,8.14019,293.6644
2017,06,12,4,9.393103,293.9305
2017,06,12,5,9.938502,294.0056
2017,06,12,6,9.085009,295.8907
2017,06,12,7,8.110098,296.6775
2017,06,13,0,8.703707,296.7122
2017,06,13,1,8.554847,295.9785
2017,06,13,2,8.340108,294.5284
2017,06,13,3,8.523925,293.5629
2017,06,13,4,11.30666,293.951
2017,06,13,5,11.55,293.6604
2017,06,13,6,11.70126,295.0816
2017,06,13,7,10.39907,295.0206
2017,06,14,0,9.644922,291.4705
2017,06,14,1,6.122102,287.5307
2017,06,14,2,4.369016,283.3416
2017,06,14,3,3.813404,278.7992
2017,06,14,4,3.218478,271.8358
2017,06,14,5,3.640314,276.2059
2017,06,14,6,3.746722,278.1504
2017,06,14,7,4.091729,280.7824
2017,06,15,0,3.690892,278.0291
2017,06,15,1,3.780207,277.7423
2017,06,15,2,4.455462,279.4741
2017,06,15,3,4.874755,280.0678
2017,06,15,4,4.665763,279.0476
2017,06,15,5,4.819183,279.8636
2017,06,15,6,5.305342,282.7161
2017,06,15,7,6.202546,284.6536
2017,06,16,0,6.084928,284.1153
2017,06,16,1,4.890412,280.3761
2017,06,16,2,4.989215,278.8695
2017,06,16,3,5.314082,278.968
2017,06,16,4,4.342429,276.8569
2017,06,16,5,6.28326,281.1902
2017,06,16,6,7.253496,282.6501
2017,06,16,7,8.951757,283.411
2017,06,17,0,9.777008,284.1484
2017,06,17,1,10.08958,285.3969
2017,06,17,2,10.42009,286.3984
2017,06,17,3,10.19501,286.3606
2017,06,17,4,10.16087,287.0782
2017,06,17,5,10.47988,287.5599
2017,06,17,6,10.85245,288.0703
2017,06,17,7,11.09484,288.6206
2017,06,18,0,11.16534,289.347
2017,06,18,1,11.42159,289.755
2017,06,18,2,10.57352,290.3684
2017,06,18,3,10.67667,290.935
2017,06,18,4,11.27762,291.0376
2017,06,18,5,11.43393,290.7486
2017,06,18,6,11.97064,292.4694
2017,06,18,7,12.69378,292.9475
2017,06,19,0,11.70358,292.4047
2017,06,19,1,11.1246,293.4115
2017,06,19,2,12.09201,293.0172
2017,06,19,3,12.01078,293.4257
2017,06,19,4,10.65177,293.2047
2017,06,19,5,11.1248,292.3512
2017,06,19,6,11.61075,293.169
2017,06,19,7,11.34797,292.9798
2017,06,20,0,10.93356,291.9277
2017,06,20,1,12.30401,291.3844
2017,06,20,2,12.97195,290.8866
2017,06,20,3,10.09639,289.1812
2017,06,20,4,8.235365,288.1919
2017,06,20,5,7.55105,288.9331
2017,06,20,6,7.32081,290.2633
2017,06,20,7,7.213501,290.4295
2017,06,21,0,6.731656,289.438
2017,06,21,1,6.537199,288.7438
2017,06,21,2,6.541848,288.2453
2017,06,21,3,6.727978,287.2364
2017,06,21,4,5.690931,285.4106
2017,06,21,5,6.321051,286.5911
2017,06,21,6,6.016356,287.263
2017,06,21,7,5.708607,286.6438
2017,06,22,0,5.586667,285.4956
2017,06,22,1,5.227398,284.1736
2017,06,22,2,5.575998,283.2424
2017,06,22,3,4.761128,281.1425
2017,06,22,4,4.385631,280.0261
2017,06,22,5,5.30705,283.5099
2017,06,22,6,5.616802,285.7931
2017,06,22,7,6.254614,287.2973
2017,06,23,0,6.358108,287.6928
2017,06,23,1,5.752996,287.9373
2017,06,23,2,7.298933,289.2627
2017,06,23,3,10.09398,291.1144
2017,06,23,4,9.873094,291.8552
2017,06,23,5,9.419546,292.6543
2017,06,23,6,11.39624,293.6601
2017,06,23,7,9.147582,292.9169
2017,06,24,0,11.12966,291.5643
2017,06,24,1,12.91149,292.8578
2017,06,24,2,13.49031,293.2875
2017,06,24,3,12.22112,292.8629
2017,06,24,4,12.33384,292.1247
2017,06,24,5,13.01687,291.2762
2017,06,24,6,8.346604,291.5721
2017,06,24,7,6.832122,291.1119
2017,06,25,0,5.921057,289.5131
2017,06,25,1,4.248747,283.4423
2017,06,25,2,4.584825,282.9767
2017,06,25,3,4.345895,281.1198
2017,06,25,4,4.23414,280.337
2017,06,25,5,4.822701,282.6183
2017,06,25,6,5.073769,284.5657
2017,06,25,7,5.616839,286.1792
2017,06,26,0,6.763241,286.1139
2017,06,26,1,4.943775,283.2111
2017,06,26,2,3.803615,276.5941
2017,06,26,3,4.328835,278.1904
2017,06,26,4,3.675727,273.7207
2017,06,26,5,4.197749,277.648
2017,06,26,6,4.34407,280.0388
2017,06,26,7,4.885708,282.5534
2017,06,27,0,5.414256,282.9865
2017,06,27,1,5.667781,282.6653
2017,06,27,2,5.459707,282.0772
2017,06,27,3,5.159661,281.434
2017,06,27,4,5.208484,281.4685
2017,06,27,5,7.024223,283.3337
2017,06,27,6,7.557976,284.3357
2017,06,27,7,7.25974,284.7389
2017,06,28,0,6.884899,284.31
2017,06,28,1,5.754782,281.9101
2017,06,28,2,3.859178,274.2419
2017,06,28,3,4.256679,275.7699
2017,06,28,4,4.596568,277.3156
2017,06,28,5,5.110235,279.5771
2017,06,28,6,5.004352,281.282
2017,06,28,7,5.283901,282.4869
2017,06,29,0,5.041077,282.7357
2017,06,29,1,5.088831,282.8823
2017,06,29,2,5.013724,282.7525
2017,06,29,3,5.176373,283.4039
2017,06,29,4,5.971442,285.2251
2017,06,29,5,6.404894,285.5038
2017,06,29,6,5.380527,283.7782
2017,06,29,7,7.210514,287.4621
2017,06,30,0,8.57717,287.7722
2017,06,30,1,9.639712,288.9957
2017,06,30,2,8.952199,290.5408
2017,06,30,3,7.047491,290.6789
2017,06,30,4,9.333551,289.966
2017,06,30,5,10.75677,289.9434
2017,06,30,6,12.56165,291.6447
2017,06,30,7,13.34204,291.6916
2018,06,1,0,8.008887,288.8905
2018,06,1,1,10.63272,289.6158
2018,06,1,2,11.54015,289.6588
2018,06,1,3,11.9033,289.7657
2018,06,1,4,11.95818,289.9925
2018,06,1,5,12.22631,290.5397
2018,06,1,6,12.74674,291.8662
2018,06,1,7,12.78296,292.2055
2018,06,2,0,12.27429,292.6913
2018,06,2,1,12.32292,293.3044
2018,06,2,2,12.34146,293.2398
2018,06,2,3,11.74279,292.879
2018,06,2,4,11.72444,291.2162
2018,06,2,5,10.02782,289.6933
2018,06,2,6,7.907985,290.9268
2018,06,2,7,5.679142,288.8019
2018,06,3,0,4.667457,285.15
2018,06,3,1,3.734806,278.1033
2018,06,3,2,3.435723,272.2102
2018,06,3,3,2.885446,271.9838
2018,06,3,4,2.868104,270.0457
2018,06,3,5,2.822635,262.2866
2018,06,3,6,2.616561,259.0817
2018,06,3,7,2.521943,256.5689
2018,06,4,0,2.003432,240.8617
2018,06,4,1,1.574849,220.3754
2018,06,4,2,5.523805,288.8868
2018,06,4,3,6.235271,293.205
2018,06,4,4,6.543152,276.5618
2018,06,4,5,6.90367,277.1689
2018,06,4,6,6.738898,277.8692
2018,06,4,7,6.623968,278.0549
2018,06,5,0,6.513361,278.1285
2018,06,5,1,6.208036,277.9248
2018,06,5,2,5.378331,277.4201
2018,06,5,3,5.070615,276.7079
2018,06,5,4,4.098718,273.8624
2018,06,5,5,5.150235,277.5589
2018,06,5,6,6.47872,279.1252
2018,06,5,7,6.850234,279.0065
2018,06,6,0,5.877517,278.0007
2018,06,6,1,5.813289,277.6507
2018,06,6,2,5.876209,277.3313
2018,06,6,3,5.919498,277.1497
2018,06,6,4,5.738961,277.0741
2018,06,6,5,5.076887,277.1492
2018,06,6,6,4.918918,278.5674
2018,06,6,7,5.044586,280.1085
2018,06,7,0,5.103049,280.6495
2018,06,7,1,5.225135,280.7259
2018,06,7,2,5.368894,280.754
2018,06,7,3,5.413008,280.7919
2018,06,7,4,5.428113,280.9013
2018,06,7,5,5.957378,281.351
2018,06,7,6,6.155474,282.0783
2018,06,7,7,6.274996,282.3318
2018,06,8,0,6.214015,282.2696
2018,06,8,1,6.035394,282.5373
2018,06,8,2,6.06595,283.4161
2018,06,8,3,5.542561,283.5249
2018,06,8,4,5.002425,282.2892
2018,06,8,5,5.950374,283.6008
2018,06,8,6,6.054238,285.0083
2018,06,8,7,6.203824,284.623
2018,06,9,0,5.009445,282.6413
2018,06,9,1,3.594514,275.6717
2018,06,9,2,3.000962,268.3707
2018,06,9,3,3.083506,268.9553
2018,06,9,4,3.307915,271.9722
2018,06,9,5,4.147243,278.7767
2018,06,9,6,4.627006,281.8593
2018,06,9,7,4.985536,283.1428
2018,06,10,0,4.6318,282.3466
2018,06,10,1,3.49217,274.6924
2018,06,10,2,2.988137,267.9937
2018,06,10,3,2.69375,262.5236
2018,06,10,4,2.206551,250.0618
2018,06,10,5,2.597353,260.0085
2018,06,10,6,3.01084,268.1007
2018,06,10,7,3.416426,273.6346
2018,06,11,0,3.543693,274.6984
2018,06,11,1,3.88335,276.7201
2018,06,11,2,4.523135,278.7299
2018,06,11,3,4.565888,276.6793
2018,06,11,4,3.4397,268.7909
2018,06,11,5,3.503479,269.6853
2018,06,11,6,3.748901,272.9684
2018,06,11,7,4.007348,275.3323
2018,06,12,0,4.125325,276.6056
2018,06,12,1,4.100879,276.7649
2018,06,12,2,4.23906,278.2891
2018,06,12,3,4.176263,278.4168
2018,06,12,4,3.394911,273.4369
2018,06,12,5,4.564387,280.8689
2018,06,12,6,5.354347,285.141
2018,06,12,7,5.23081,286.6144
2018,06,13,0,5.376938,286.4874
2018,06,13,1,5.244147,285.4949
2018,06,13,2,5.240988,285.8141
2018,06,13,3,5.790614,287.1509
2018,06,13,4,5.79098,287.7246
2018,06,13,5,7.424367,288.7502
2018,06,13,6,10.06535,289.7866
2018,06,13,7,11.03399,289.3097
2018,06,14,0,10.64029,289.022
2018,06,14,1,9.888438,289.6715
2018,06,14,2,9.477221,290.2098
2018,06,14,3,5.910232,285.1956
2018,06,14,4,6.07537,284.9107
2018,06,14,5,6.779369,286.1833
2018,06,14,6,7.259015,285.4413
2018,06,14,7,6.777224,284.7343
2018,06,15,0,6.780284,284.1277
2018,06,15,1,7.138795,283.2932
2018,06,15,2,8.068965,282.1684
2018,06,15,3,6.93486,279.6474
2018,06,15,4,6.894279,279.0263
2018,06,15,5,7.026321,280.3359
2018,06,15,6,6.709844,281.4112
2018,06,15,7,5.404743,282.7458
2018,06,16,0,5.038561,283.6644
2018,06,16,1,5.071732,284.1623
2018,06,16,2,5.452558,285.0922
2018,06,16,3,5.36526,285.7902
2018,06,16,4,4.713683,284.151
2018,06,16,5,5.268093,285.5622
2018,06,16,6,5.509707,287.0322
2018,06,16,7,5.677706,287.7846
2018,06,17,0,5.786004,288.0555
2018,06,17,1,5.973158,288.6685
2018,06,17,2,5.762489,289.8597
2018,06,17,3,4.974331,288.4648
2018,06,17,4,4.891242,287.9824
2018,06,17,5,5.44429,289.5123
2018,06,17,6,6.080051,291.2252
2018,06,17,7,5.963939,288.6059
2018,06,18,0,6.611121,289.8533
2018,06,18,1,8.480989,292.3933
2018,06,18,2,7.696012,292.9818
2018,06,18,3,9.702814,294.4027
2018,06,18,4,10.0165,294.2437
2018,06,18,5,10.30245,294.5478
2018,06,18,6,11.16817,298.0833
2018,06,18,7,13.80781,297.8082
2018,06,19,0,15.11404,295.6135
2018,06,19,1,15.47493,294.9254
2018,06,19,2,13.99297,294.9405
2018,06,19,3,9.82026,291.0552
2018,06,19,4,7.457066,289.4934
2018,06,19,5,5.689919,289.1583
2018,06,19,6,5.233267,286.7046
2018,06,19,7,5.123031,286.5258
2018,06,20,0,4.595583,284.2292
2018,06,20,1,4.151882,281.4216
2018,06,20,2,4.024301,280.7182
2018,06,20,3,4.006904,280.5542
2018,06,20,4,3.889252,279.3567
2018,06,20,5,4.947144,284.2221
2018,06,20,6,5.782809,287.1817
2018,06,20,7,6.88558,288.4892
2018,06,21,0,6.856569,288.5486
2018,06,21,1,6.679867,287.719
2018,06,21,2,5.81007,286.9998
2018,06,21,3,6.593518,287.2514
2018,06,21,4,5.873973,284.9797
2018,06,21,5,6.469715,286.2736
2018,06,21,6,7.211944,286.9585
2018,06,21,7,6.321338,286.141
2018,06,22,0,4.789537,283.6455
2018,06,22,1,4.319055,281.5951
2018,06,22,2,4.944174,282.1087
2018,06,22,3,4.864443,281.5703
2018,06,22,4,4.51321,279.8632
2018,06,22,5,4.551089,280.8723
2018,06,22,6,4.365017,281.5691
2018,06,22,7,4.614358,282.9788
2018,06,23,0,5.100665,284.4772
2018,06,23,1,4.251184,281.7652
2018,06,23,2,3.169685,272.5442
2018,06,23,3,3.692697,276.4078
2018,06,23,4,5.548411,282.2477
2018,06,23,5,3.982289,276.7343
2018,06,23,6,4.910727,281.3816
2018,06,23,7,8.42799,283.7017
2018,06,24,0,9.652245,283.9463
2018,06,24,1,9.220708,284.3815
2018,06,24,2,9.789599,285.1901
2018,06,24,3,9.577949,285.8589
2018,06,24,4,9.266971,285.9765
2018,06,24,5,9.404043,286.3124
2018,06,24,6,10.13111,287.701
2018,06,24,7,10.54373,288.305
2018,06,25,0,10.78796,288.0342
2018,06,25,1,11.05714,287.6321
2018,06,25,2,10.70607,286.8765
2018,06,25,3,8.631845,285.0301
2018,06,25,4,7.119243,282.2736
2018,06,25,5,5.64086,281.3142
2018,06,25,6,4.624216,279.9389
2018,06,25,7,4.283375,279.088
2018,06,26,0,3.790667,275.556
2018,06,26,1,3.403479,271.5027
2018,06,26,2,3.256038,270.5156
2018,06,26,3,3.156166,269.6264
2018,06,26,4,3.250891,270.7876
2018,06,26,5,3.804452,276.528
2018,06,26,6,3.9425,278.944
2018,06,26,7,3.649148,278.6216
2018,06,27,0,3.478066,277.6984
2018,06,27,1,3.25904,275.5538
2018,06,27,2,3.901575,280.8471
2018,06,27,3,5.49779,286.419
2018,06,27,4,5.399202,286.4286
2018,06,27,5,5.508775,286.2058
2018,06,27,6,6.828929,287.2742
2018,06,27,7,6.657304,287.3775
2018,06,28,0,7.435579,286.0613
2018,06,28,1,6.483321,283.4739
2018,06,28,2,9.239949,285.3856
2018,06,28,3,10.65125,287.8752
2018,06,28,4,12.10259,289.1831
2018,06,28,5,12.82065,290.0588
2018,06,28,6,12.63838,290.4741
2018,06,28,7,13.12152,291.0661
2018,06,29,0,11.81259,291.1195
2018,06,29,1,9.584854,290.2706
2018,06,29,2,8.90298,290.1034
2018,06,29,3,7.688709,289.6181
2018,06,29,4,6.744311,288.9189
2018,06,29,5,7.962487,289.9569
2018,06,29,6,8.399794,292.0042
2018,06,29,7,8.781154,293.0972
2018,06,30,0,8.706485,293.5876
2018,06,30,1,8.128234,293.2189
2018,06,30,2,7.477907,292.2607
2018,06,30,3,7.512999,292.1912
2018,06,30,4,7.162825,291.4945
2018,06,30,5,7.203749,291.8834
2018,06,30,6,7.666374,292.8223
2018,06,30,7,8.520927,294.2349
2019,06,1,0,5.311695,283.4319
2019,06,1,1,5.512084,283.7001
2019,06,1,2,5.399832,283.273
2019,06,1,3,4.407939,280.154
2019,06,1,4,4.074457,277.4885
2019,06,1,5,4.929312,279.5597
2019,06,1,6,5.402735,282.1419
2019,06,1,7,6.04391,283.3534
2019,06,2,0,6.23056,283.5569
2019,06,2,1,6.915374,284.8141
2019,06,2,2,6.783951,284.3849
2019,06,2,3,7.161866,283.9383
2019,06,2,4,7.739127,283.2383
2019,06,2,5,7.370333,282.5541
2019,06,2,6,7.36651,283.9058
2019,06,2,7,8.72081,285.3289
2019,06,3,0,9.411144,286.5784
2019,06,3,1,7.947538,286.0826
2019,06,3,2,5.181663,279.5383
2019,06,3,3,2.718707,258.8016
2019,06,3,4,1.675521,226.1173
2019,06,3,5,2.733472,259.1966
2019,06,3,6,2.466116,253.9557
2019,06,3,7,2.978394,263.5926
2019,06,4,0,3.280875,265.8222
2019,06,4,1,3.141459,263.5485
2019,06,4,2,3.107884,263.2877
2019,06,4,3,2.913978,260.8916
2019,06,4,4,3.00014,262.1995
2019,06,4,5,3.268276,266.0518
2019,06,4,6,3.353359,268.2956
2019,06,4,7,3.917252,273.2984
2019,06,5,0,4.173998,273.4126
2019,06,5,1,4.558382,274.7614
2019,06,5,2,5.424776,278.8955
2019,06,5,3,5.940582,282.2894
2019,06,5,4,6.783378,284.1141
2019,06,5,5,7.267815,284.3447
2019,06,5,6,7.583704,287.0151
2019,06,5,7,7.442827,288.1927
2019,06,6,0,8.199585,288.9803
2019,06,6,1,9.315615,287.9585
2019,06,6,2,9.794224,288.2344
2019,06,6,3,10.49731,287.9879
2019,06,6,4,9.569777,285.9132
2019,06,6,5,6.936549,283.6501
2019,06,6,6,6.576676,286.2625
2019,06,6,7,5.967148,287.2992
2019,06,7,0,5.063158,285.7979
2019,06,7,1,4.397285,282.9214
2019,06,7,2,3.440095,275.351
2019,06,7,3,3.012886,269.4765
2019,06,7,4,2.678867,263.2272
2019,06,7,5,3.079029,270.2267
2019,06,7,6,3.748324,278.5993
2019,06,7,7,4.376124,283.4218
2019,06,8,0,4.023555,282.4184
2019,06,8,1,3.792372,281.156
2019,06,8,2,3.996199,279.9739
2019,06,8,3,2.999597,267.8683
2019,06,8,4,2.658919,261.5973
2019,06,8,5,3.124325,270.0032
2019,06,8,6,3.271025,273.6099
2019,06,8,7,3.767145,279.0286
2019,06,9,0,3.644545,278.2321
2019,06,9,1,3.754351,278.8672
2019,06,9,2,3.688054,277.2195
2019,06,9,3,6.033652,284.648
2019,06,9,4,3.18385,271.4827
2019,06,9,5,4.262015,279.1663
2019,06,9,6,4.308279,280.9763
2019,06,9,7,4.660513,283.3848
2019,06,10,0,4.824424,284.579
2019,06,10,1,4.699703,284.5569
2019,06,10,2,4.469338,283.5769
2019,06,10,3,3.93557,280.6511
2019,06,10,4,13.79114,289.3709
2019,06,10,5,3.050242,271.1352
2019,06,10,6,3.946173,279.8296
2019,06,10,7,3.53133,276.5425
2019,06,11,0,5.971419,286.018
2019,06,11,1,11.12674,287.753
2019,06,11,2,11.83559,288.3053
2019,06,11,3,12.35439,288.8505
2019,06,11,4,11.78974,288.6363
2019,06,11,5,9.43,285.9571
2019,06,11,6,6.722005,285.0628
2019,06,11,7,5.113219,284.7749
2019,06,12,0,4.34421,279.8257
2019,06,12,1,3.478253,272.1072
2019,06,12,2,2.809058,263.5158
2019,06,12,3,3.12592,267.8551
2019,06,12,4,2.993542,265.5578
2019,06,12,5,3.108163,267.9223
2019,06,12,6,3.215418,271.127
2019,06,12,7,3.870023,277.8483
2019,06,13,0,4.336192,280.6577
2019,06,13,1,4.151285,279.3829
2019,06,13,2,2.416815,256.2927
2019,06,13,3,1.624009,222.9166
2019,06,13,4,2.497532,252.3687
2019,06,13,5,3.803474,270.4957
2019,06,13,6,6.966378,289.8299
2019,06,13,7,8.43768,281.7778
2019,06,14,0,7.32126,282.8534
2019,06,14,1,5.986568,281.7703
2019,06,14,2,5.914437,282.7188
2019,06,14,3,6.491464,282.8186
2019,06,14,4,6.345733,281.8002
2019,06,14,5,5.869758,280.7936
2019,06,14,6,5.399591,281.6246
2019,06,14,7,5.630788,281.1802
2019,06,15,0,5.169015,278.1077
2019,06,15,1,5.11412,279.0196
2019,06,15,2,4.009681,276.5555
2019,06,15,3,3.748913,275.2499
2019,06,15,4,4.346213,278.6156
2019,06,15,5,5.508647,282.4179
2019,06,15,6,5.511922,284.4572
2019,06,15,7,5.891699,286.0395
2019,06,16,0,6.826099,286.9964
2019,06,16,1,6.697348,287.3223
2019,06,16,2,7.636813,286.2702
2019,06,16,3,7.874911,286.313
2019,06,16,4,8.473155,285.9673
2019,06,16,5,9.857716,286.3529
2019,06,16,6,10.51397,286.7914
2019,06,16,7,10.17473,286.7074
2019,06,17,0,10.09163,286.7258
2019,06,17,1,10.21517,286.5103
2019,06,17,2,8.194403,286.2243
2019,06,17,3,5.021897,283.4297
2019,06,17,4,4.758547,281.6086
2019,06,17,5,5.558615,283.2188
2019,06,17,6,5.407006,284.5815
2019,06,17,7,5.690238,286.1694
2019,06,18,0,5.681197,286.5516
2019,06,18,1,5.500948,286.1608
2019,06,18,2,5.590875,285.3944
2019,06,18,3,5.43226,284.4453
2019,06,18,4,4.828126,282.874
2019,06,18,5,5.415014,283.6899
2019,06,18,6,7.169572,285.006
2019,06,18,7,7.935149,285.7097
2019,06,19,0,7.641647,286.3886
2019,06,19,1,7.26716,286.47
2019,06,19,2,7.381045,286.3451
2019,06,19,3,7.074494,286.1691
2019,06,19,4,7.48799,285.9693
2019,06,19,5,8.207307,286.3918
2019,06,19,6,8.594481,287.7029
2019,06,19,7,9.280633,287.8059
2019,06,20,0,9.327978,288.3223
2019,06,20,1,9.01971,287.6999
2019,06,20,2,9.447332,287.4744
2019,06,20,3,11.05551,287.7727
2019,06,20,4,11.38606,287.7168
2019,06,20,5,11.30455,287.8647
2019,06,20,6,11.49374,288.0561
2019,06,20,7,12.58014,289.1113
2019,06,21,0,12.58786,289.876
2019,06,21,1,12.21338,290.1875
2019,06,21,2,12.22014,289.3226
2019,06,21,3,9.731216,285.6458
2019,06,21,4,8.318499,283.7105
2019,06,21,5,8.512096,283.7346
2019,06,21,6,8.43947,285.7799
2019,06,21,7,7.950815,286.0158
2019,06,22,0,6.855131,284.7396
2019,06,22,1,6.093547,283.2266
2019,06,22,2,5.702724,282.7977
2019,06,22,3,5.269666,282.5668
2019,06,22,4,4.817073,281.4979
2019,06,22,5,5.731107,283.2686
2019,06,22,6,5.947255,284.0153
2019,06,22,7,5.602913,283.57
2019,06,23,0,5.186617,282.9373
2019,06,23,1,4.544601,281.9095
2019,06,23,2,4.829695,283.6365
2019,06,23,3,5.582566,285.1517
2019,06,23,4,5.107658,284.0703
2019,06,23,5,5.740629,285.4041
2019,06,23,6,5.817536,287.1549
2019,06,23,7,5.583633,288.0243
2019,06,24,0,5.082899,287.593
2019,06,24,1,4.831902,286.3269
2019,06,24,2,4.032661,282.3962
2019,06,24,3,3.746469,280.0914
2019,06,24,4,3.605783,278.8218
2019,06,24,5,4.954453,285.0919
2019,06,24,6,5.400573,287.276
2019,06,24,7,5.775579,288.4383
2019,06,25,0,5.261014,287.8062
2019,06,25,1,4.283605,284.8596
2019,06,25,2,4.233075,284.5435
2019,06,25,3,5.359352,287.8883
2019,06,25,4,6.482292,288.8303
2019,06,25,5,7.269749,287.3009
2019,06,25,6,9.0408,285.4184
2019,06,25,7,11.08357,287.9023
2019,06,26,0,11.38427,288.2035
2019,06,26,1,10.41366,288.8463
2019,06,26,2,8.472471,288.6143
2019,06,26,3,7.370922,288.0509
2019,06,26,4,7.443662,287.7516
2019,06,26,5,8.39747,287.4146
2019,06,26,6,8.174015,288.6713
2019,06,26,7,8.411703,288.8162
2019,06,27,0,8.570279,289.5895
2019,06,27,1,8.69185,290.3478
2019,06,27,2,8.158878,289.2254
2019,06,27,3,7.278068,288.7286
2019,06,27,4,5.848088,287.8899
2019,06,27,5,6.266513,287.4868
2019,06,27,6,7.006567,289.2867
2019,06,27,7,7.479997,290.2413
2019,06,28,0,6.975047,290.8266
2019,06,28,1,6.632804,290.7895
2019,06,28,2,6.577294,289.728
2019,06,28,3,6.521985,288.6616
2019,06,28,4,5.9279,287.7677
2019,06,28,5,6.489972,288.1039
2019,06,28,6,6.64726,290.0186
2019,06,28,7,6.528579,291.0084
2019,06,29,0,6.424994,291.2039
2019,06,29,1,6.731571,291.3334
2019,06,29,2,8.872167,290.5751
2019,06,29,3,9.514416,290.3576
2019,06,29,4,9.761679,289.1393
2019,06,29,5,9.283671,289.7887
2019,06,29,6,10.05164,289.3929
2019,06,29,7,10.92268,290.7383
2019,06,30,0,10.15637,291.2715
2019,06,30,1,9.512238,290.959
2019,06,30,2,8.480101,289.7295
2019,06,30,3,8.182411,287.5316
2019,06,30,4,8.38341,286.7153
2019,06,30,5,7.942272,286.2854
2019,06,30,6,8.261964,285.8556
2019,06,30,7,8.196138,285.958
