####################################################################################################
# Month: 02Feb                                                                                     #
# Station: /n/holylfs05/LABS/bhi/Lab/doeleman_lab/freemanmd/am_output/OVRO                         #
# Columns are: year    month   day     segment         PWV (mm)                                    #
####################################################################################################
year,month,day,segment,PWV
2009,02,1,0,3.68029
2009,02,1,1,3.73496
2009,02,1,2,4.77757
2009,02,1,3,5.33608
2009,02,1,4,5.72637
2009,02,1,5,6.36175
2009,02,1,6,6.90953
2009,02,1,7,8.52608
2009,02,2,0,9.64736
2009,02,2,1,9.89031
2009,02,2,2,9.7639
2009,02,2,3,8.88207
2009,02,2,4,10.9361
2009,02,2,5,10.0045
2009,02,2,6,8.925229999999999
2009,02,2,7,7.57803
2009,02,3,0,10.3305
2009,02,3,1,8.865920000000001
2009,02,3,2,4.5555900000000005
2009,02,3,3,4.11998
2009,02,3,4,4.39288
2009,02,3,5,4.588220000000001
2009,02,3,6,3.65917
2009,02,3,7,2.88286
2009,02,4,0,2.3427800000000003
2009,02,4,1,2.3927899999999998
2009,02,4,2,2.4081599999999996
2009,02,4,3,2.39032
2009,02,4,4,2.5274
2009,02,4,5,2.21527
2009,02,4,6,1.6824700000000001
2009,02,4,7,1.5796400000000002
2009,02,5,0,1.6691099999999999
2009,02,5,1,1.79111
2009,02,5,2,1.98079
2009,02,5,3,3.28258
2009,02,5,4,6.45152
2009,02,5,5,9.771870000000002
2009,02,5,6,11.857899999999999
2009,02,5,7,13.1471
2009,02,6,0,13.1303
2009,02,6,1,10.097100000000001
2009,02,6,2,7.8760200000000005
2009,02,6,3,7.41802
2009,02,6,4,9.194600000000001
2009,02,6,5,10.5876
2009,02,6,6,11.0743
2009,02,6,7,11.815299999999999
2009,02,7,0,12.9564
2009,02,7,1,13.7916
2009,02,7,2,11.8364
2009,02,7,3,6.8718900000000005
2009,02,7,4,4.730729999999999
2009,02,7,5,3.1935
2009,02,7,6,5.27708
2009,02,7,7,6.9340399999999995
2009,02,8,0,9.126299999999999
2009,02,8,1,9.15253
2009,02,8,2,8.83915
2009,02,8,3,8.06631
2009,02,8,4,7.02372
2009,02,8,5,7.43843
2009,02,8,6,8.33288
2009,02,8,7,8.59425
2009,02,9,0,7.9312
2009,02,9,1,5.0610100000000005
2009,02,9,2,3.78684
2009,02,9,3,1.81529
2009,02,9,4,1.48289
2009,02,9,5,1.53308
2009,02,9,6,3.61371
2009,02,9,7,3.7216199999999997
2009,02,10,0,3.24144
2009,02,10,1,2.64547
2009,02,10,2,2.70298
2009,02,10,3,3.03502
2009,02,10,4,3.29821
2009,02,10,5,2.64713
2009,02,10,6,4.1975
2009,02,10,7,4.75455
2009,02,11,0,4.78998
2009,02,11,1,4.4998000000000005
2009,02,11,2,5.4852799999999995
2009,02,11,3,5.64147
2009,02,11,4,4.20132
2009,02,11,5,3.3788400000000003
2009,02,11,6,3.60638
2009,02,11,7,3.59699
2009,02,12,0,3.3338
2009,02,12,1,4.59607
2009,02,12,2,5.6336
2009,02,12,3,6.56478
2009,02,12,4,6.2371300000000005
2009,02,12,5,6.36383
2009,02,12,6,7.83616
2009,02,12,7,7.81395
2009,02,13,0,8.07123
2009,02,13,1,8.17285
2009,02,13,2,7.48359
2009,02,13,3,6.73075
2009,02,13,4,5.27482
2009,02,13,5,3.40811
2009,02,13,6,2.2722800000000003
2009,02,13,7,2.7373000000000003
2009,02,14,0,2.37989
2009,02,14,1,1.6526800000000001
2009,02,14,2,1.96698
2009,02,14,3,2.3556999999999997
2009,02,14,4,1.66976
2009,02,14,5,1.51719
2009,02,14,6,1.29532
2009,02,14,7,2.0888400000000003
2009,02,15,0,3.16676
2009,02,15,1,3.2415100000000003
2009,02,15,2,4.44151
2009,02,15,3,2.29911
2009,02,15,4,2.13685
2009,02,15,5,2.02863
2009,02,15,6,2.54773
2009,02,15,7,3.08211
2009,02,16,0,3.1585
2009,02,16,1,3.05562
2009,02,16,2,3.11362
2009,02,16,3,3.75782
2009,02,16,4,4.48435
2009,02,16,5,4.73757
2009,02,16,6,4.4708000000000006
2009,02,16,7,4.69901
2009,02,17,0,4.6831499999999995
2009,02,17,1,4.55971
2009,02,17,2,4.63584
2009,02,17,3,4.31025
2009,02,17,4,3.9090100000000003
2009,02,17,5,3.90078
2009,02,17,6,4.32876
2009,02,17,7,4.53419
2009,02,18,0,4.42015
2009,02,18,1,4.1962
2009,02,18,2,4.13909
2009,02,18,3,4.15449
2009,02,18,4,4.24613
2009,02,18,5,4.195390000000001
2009,02,18,6,3.6847399999999997
2009,02,18,7,3.51432
2009,02,19,0,3.16533
2009,02,19,1,3.1670100000000003
2009,02,19,2,3.22714
2009,02,19,3,3.22558
2009,02,19,4,3.1415
2009,02,19,5,2.9415999999999998
2009,02,19,6,3.75551
2009,02,19,7,4.9775100000000005
2009,02,20,0,4.6855
2009,02,20,1,4.78714
2009,02,20,2,5.6010100000000005
2009,02,20,3,6.20066
2009,02,20,4,6.86069
2009,02,20,5,7.24398
2009,02,20,6,7.235930000000001
2009,02,20,7,7.04569
2009,02,21,0,6.89692
2009,02,21,1,7.06651
2009,02,21,2,8.04941
2009,02,21,3,9.78353
2009,02,21,4,10.2291
2009,02,21,5,10.114799999999999
2009,02,21,6,11.2711
2009,02,21,7,13.1097
2009,02,22,0,14.421299999999999
2009,02,22,1,14.766399999999999
2009,02,22,2,16.7435
2009,02,22,3,16.4444
2009,02,22,4,14.5049
2009,02,22,5,15.3484
2009,02,22,6,17.030900000000003
2009,02,22,7,16.4287
2009,02,23,0,15.4966
2009,02,23,1,15.095799999999999
2009,02,23,2,14.4442
2009,02,23,3,14.3844
2009,02,23,4,14.7439
2009,02,23,5,15.468200000000001
2009,02,23,6,14.3352
2009,02,23,7,15.309700000000001
2009,02,24,0,15.8158
2009,02,24,1,14.815700000000001
2009,02,24,2,13.940299999999999
2009,02,24,3,12.4818
2009,02,24,4,11.1646
2009,02,24,5,9.947709999999999
2009,02,24,6,9.45907
2009,02,24,7,8.86896
2009,02,25,0,7.79604
2009,02,25,1,6.98774
2009,02,25,2,7.65404
2009,02,25,3,6.98011
2009,02,25,4,5.67189
2009,02,25,5,4.90463
2009,02,25,6,4.35915
2009,02,25,7,4.26444
2009,02,26,0,4.64711
2009,02,26,1,5.41035
2009,02,26,2,5.7367
2009,02,26,3,6.05467
2009,02,26,4,5.13004
2009,02,26,5,4.209479999999999
2009,02,26,6,4.08014
2009,02,26,7,4.18258
2009,02,27,0,4.394609999999999
2009,02,27,1,4.248270000000001
2009,02,27,2,3.3618200000000003
2009,02,27,3,2.58488
2009,02,27,4,1.96209
2009,02,27,5,1.3939000000000001
2009,02,27,6,2.14154
2009,02,27,7,2.87829
2009,02,28,0,3.5109
2009,02,28,1,4.89769
2009,02,28,2,6.60617
2009,02,28,3,5.52832
2009,02,28,4,5.11536
2009,02,28,5,5.5247
2009,02,28,6,5.58723
2009,02,28,7,5.4000699999999995
2009,02,29,0,5.11616
2009,02,29,1,5.52061
2009,02,29,2,5.06134
2009,02,29,3,3.98724
2009,02,29,4,3.69525
2009,02,29,5,2.8085500000000003
2009,02,29,6,2.86799
2009,02,29,7,4.28789
2009,02,30,0,4.995439999999999
2009,02,30,1,5.0978699999999995
2009,02,30,2,5.238479999999999
2009,02,30,3,5.1936599999999995
2009,02,30,4,5.02939
2009,02,30,5,4.96888
2009,02,30,6,4.77171
2009,02,30,7,4.928850000000001
2009,02,31,0,4.9839899999999995
2009,02,31,1,4.8891
2009,02,31,2,4.69898
2009,02,31,3,3.97823
2009,02,31,4,4.02415
2009,02,31,5,3.87527
2009,02,31,6,3.54921
2009,02,31,7,3.8531
2009,02,1,0,3.66657
2009,02,1,1,3.42883
2009,02,1,2,3.34292
2009,02,1,3,3.57086
2009,02,1,4,3.54801
2009,02,1,5,2.9764299999999997
2009,02,1,6,3.92888
2009,02,1,7,3.80441
2009,02,2,0,4.03071
2009,02,2,1,4.51766
2009,02,2,2,4.82529
2009,02,2,3,5.003229999999999
2009,02,2,4,4.82729
2009,02,2,5,4.3173699999999995
2009,02,2,6,4.08861
2009,02,2,7,4.8571599999999995
2009,02,3,0,4.69954
2009,02,3,1,4.29451
2009,02,3,2,3.9015999999999997
2009,02,3,3,3.664
2009,02,3,4,3.99371
2009,02,3,5,4.95451
2009,02,3,6,5.8212600000000005
2009,02,3,7,6.23695
2009,02,4,0,6.49754
2009,02,4,1,6.37526
2009,02,4,2,6.14063
2009,02,4,3,5.90217
2009,02,4,4,5.983359999999999
2009,02,4,5,6.57981
2009,02,4,6,7.138
2009,02,4,7,6.49263
2009,02,5,0,6.19854
2009,02,5,1,5.87764
2009,02,5,2,6.48747
2009,02,5,3,7.32791
2009,02,5,4,6.37563
2009,02,5,5,6.0754399999999995
2009,02,5,6,6.49652
2009,02,5,7,6.74379
2009,02,6,0,9.97661
2009,02,6,1,10.5051
2009,02,6,2,7.855449999999999
2009,02,6,3,7.900270000000001
2009,02,6,4,8.001199999999999
2009,02,6,5,8.491100000000001
2009,02,6,6,10.1981
2009,02,6,7,11.329799999999999
2009,02,7,0,11.9497
2009,02,7,1,11.7666
2009,02,7,2,9.750680000000001
2009,02,7,3,9.034540000000002
2009,02,7,4,9.35091
2009,02,7,5,10.4573
2009,02,7,6,10.7425
2009,02,7,7,10.2653
2009,02,8,0,11.0535
2009,02,8,1,11.4747
2009,02,8,2,10.1971
2009,02,8,3,9.055719999999999
2009,02,8,4,8.615870000000001
2009,02,8,5,8.34667
2009,02,8,6,7.85689
2009,02,8,7,7.33958
2009,02,9,0,7.10806
2009,02,9,1,6.35874
2009,02,9,2,4.9369700000000005
2009,02,9,3,5.291
2009,02,9,4,5.4469899999999996
2009,02,9,5,4.38207
2009,02,9,6,3.28017
2009,02,9,7,3.16832
2009,02,10,0,3.71279
2009,02,10,1,4.11684
2009,02,10,2,3.18819
2009,02,10,3,2.61887
2009,02,10,4,2.503
2009,02,10,5,2.7661100000000003
2009,02,10,6,4.21317
2009,02,10,7,5.3281
2009,02,11,0,5.5234
2009,02,11,1,4.5421000000000005
2009,02,11,2,3.2360700000000002
2009,02,11,3,2.86433
2009,02,11,4,3.75688
2009,02,11,5,4.241359999999999
2009,02,11,6,5.06017
2009,02,11,7,5.2701400000000005
2009,02,12,0,4.702859999999999
2009,02,12,1,5.18139
2009,02,12,2,5.304399999999999
2009,02,12,3,4.56766
2009,02,12,4,5.10417
2009,02,12,5,4.77687
2009,02,12,6,3.6113000000000004
2009,02,12,7,2.34734
2009,02,13,0,2.4559499999999996
2009,02,13,1,3.20759
2009,02,13,2,4.0782
2009,02,13,3,5.08605
2009,02,13,4,5.0642
2009,02,13,5,5.2412399999999995
2009,02,13,6,5.40633
2009,02,13,7,5.90032
2009,02,14,0,4.2543
2009,02,14,1,2.66608
2009,02,14,2,3.11652
2009,02,14,3,2.6146
2009,02,14,4,3.0083200000000003
2009,02,14,5,3.74928
2009,02,14,6,4.07909
2009,02,14,7,5.28212
2009,02,15,0,5.803
2009,02,15,1,5.69425
2009,02,15,2,6.26778
2009,02,15,3,6.2456700000000005
2009,02,15,4,5.62007
2009,02,15,5,5.01635
2009,02,15,6,4.88566
2009,02,15,7,5.04754
2009,02,16,0,4.39318
2009,02,16,1,4.4186499999999995
2009,02,16,2,5.0118599999999995
2009,02,16,3,6.06863
2009,02,16,4,6.75957
2009,02,16,5,8.76855
2009,02,16,6,8.88041
2009,02,16,7,9.60051
2009,02,17,0,9.6021
2009,02,17,1,7.25272
2009,02,17,2,5.64585
2009,02,17,3,5.82263
2009,02,17,4,5.58186
2009,02,17,5,4.30062
2009,02,17,6,4.394270000000001
2009,02,17,7,4.51603
2009,02,18,0,5.0738
2009,02,18,1,5.85738
2009,02,18,2,5.73503
2009,02,18,3,5.327100000000001
2009,02,18,4,5.01694
2009,02,18,5,4.88847
2009,02,18,6,4.943239999999999
2009,02,18,7,4.99458
2009,02,19,0,5.328180000000001
2009,02,19,1,5.698810000000001
2009,02,19,2,5.8229
2009,02,19,3,5.51668
2009,02,19,4,5.03702
2009,02,19,5,4.4994700000000005
2009,02,19,6,4.24679
2009,02,19,7,4.0264
2009,02,20,0,3.8646
2009,02,20,1,3.6926900000000002
2009,02,20,2,3.44394
2009,02,20,3,3.5369699999999997
2009,02,20,4,3.42637
2009,02,20,5,3.1973000000000003
2009,02,20,6,3.37595
2009,02,20,7,3.56205
2009,02,21,0,3.64331
2009,02,21,1,3.73971
2009,02,21,2,3.9690700000000003
2009,02,21,3,4.28116
2009,02,21,4,4.73975
2009,02,21,5,4.41688
2009,02,21,6,4.90717
2009,02,21,7,5.465979999999999
2009,02,22,0,6.00677
2009,02,22,1,7.42131
2009,02,22,2,9.045399999999999
2009,02,22,3,11.9166
2009,02,22,4,12.474200000000002
2009,02,22,5,13.0466
2009,02,22,6,14.833
2009,02,22,7,16.5315
2009,02,23,0,17.375799999999998
2009,02,23,1,16.2639
2009,02,23,2,16.2992
2009,02,23,3,16.6145
2009,02,23,4,17.3417
2009,02,23,5,16.957
2009,02,23,6,15.4363
2009,02,23,7,9.72954
2009,02,24,0,7.27247
2009,02,24,1,6.38581
2009,02,24,2,4.9563500000000005
2009,02,24,3,4.16539
2009,02,24,4,4.3349899999999995
2009,02,24,5,4.28333
2009,02,24,6,4.21705
2009,02,24,7,3.6943099999999998
2009,02,25,0,4.67779
2009,02,25,1,5.683470000000001
2009,02,25,2,5.52007
2009,02,25,3,5.08934
2009,02,25,4,5.32292
2009,02,25,5,4.45378
2009,02,25,6,5.19041
2009,02,25,7,5.501189999999999
2009,02,26,0,6.0917200000000005
2009,02,26,1,6.17261
2009,02,26,2,5.46572
2009,02,26,3,6.3793999999999995
2009,02,26,4,7.15216
2009,02,26,5,5.921939999999999
2009,02,26,6,5.20562
2009,02,26,7,4.502020000000001
2009,02,27,0,4.679729999999999
2009,02,27,1,4.684159999999999
2009,02,27,2,3.33955
2009,02,27,3,3.4227600000000002
2009,02,27,4,4.0728800000000005
2009,02,27,5,4.715310000000001
2009,02,27,6,6.26401
2009,02,27,7,6.378550000000001
2009,02,28,0,7.06571
2009,02,28,1,7.0541
2009,02,28,2,6.86134
2009,02,28,3,7.57175
2009,02,28,4,8.551870000000001
2009,02,28,5,8.59831
2009,02,28,6,6.95972
2009,02,28,7,8.24023
2009,02,1,0,8.27623
2009,02,1,1,7.53284
2009,02,1,2,7.28911
2009,02,1,3,7.4576899999999995
2009,02,1,4,8.0965
2009,02,1,5,8.35954
2009,02,1,6,8.4079
2009,02,1,7,8.043899999999999
2009,02,2,0,7.89798
2009,02,2,1,8.90685
2009,02,2,2,12.3141
2009,02,2,3,15.1784
2009,02,2,4,15.417
2009,02,2,5,15.209299999999999
2009,02,2,6,15.6418
2009,02,2,7,14.5829
2009,02,3,0,12.755600000000001
2009,02,3,1,11.1904
2009,02,3,2,8.07659
2009,02,3,3,5.96348
2009,02,3,4,4.86964
2009,02,3,5,4.91484
2009,02,3,6,5.9196
2009,02,3,7,6.52529
2009,02,4,0,7.67746
2009,02,4,1,8.77623
2009,02,4,2,7.74835
2009,02,4,3,7.1355200000000005
2009,02,4,4,7.51225
2009,02,4,5,7.1884
2009,02,4,6,5.53846
2009,02,4,7,4.73434
2009,02,5,0,4.93468
2009,02,5,1,4.15308
2009,02,5,2,3.01529
2009,02,5,3,2.54582
2009,02,5,4,2.7321500000000003
2009,02,5,5,3.1713299999999998
2009,02,5,6,3.10502
2009,02,5,7,3.4331199999999997
2009,02,6,0,4.1803
2009,02,6,1,4.9854899999999995
2009,02,6,2,5.40994
2009,02,6,3,5.2489099999999995
2009,02,6,4,4.93222
2009,02,6,5,4.871479999999999
2009,02,6,6,4.7902700000000005
2009,02,6,7,5.130850000000001
2009,02,7,0,5.37833
2009,02,7,1,5.2690600000000005
2009,02,7,2,4.67605
2009,02,7,3,4.3404300000000005
2009,02,7,4,4.07996
2009,02,7,5,3.75978
2009,02,7,6,3.53994
2009,02,7,7,3.59303
2009,02,8,0,3.9105700000000003
2009,02,8,1,4.05488
2009,02,8,2,4.04647
2009,02,8,3,4.83061
2009,02,8,4,5.01326
2009,02,8,5,3.9603
2009,02,8,6,3.50352
2009,02,8,7,3.84131
2009,02,9,0,4.99864
2009,02,9,1,5.65342
2009,02,9,2,4.59956
2009,02,9,3,4.69596
2009,02,9,4,4.64874
2009,02,9,5,3.28879
2009,02,9,6,2.0450999999999997
2009,02,9,7,2.27096
2009,02,10,0,2.73171
2009,02,10,1,2.95434
2009,02,10,2,2.85396
2009,02,10,3,2.90192
2009,02,10,4,2.89769
2009,02,10,5,2.7847399999999998
2009,02,10,6,2.9445
2009,02,10,7,2.9124899999999996
2009,02,11,0,3.16079
2009,02,11,1,2.6494899999999997
2009,02,11,2,2.40975
2009,02,11,3,2.5668699999999998
2009,02,11,4,2.8841900000000003
2009,02,11,5,3.12637
2009,02,11,6,3.38884
2009,02,11,7,4.1373999999999995
2009,02,12,0,4.77598
2009,02,12,1,4.814220000000001
2009,02,12,2,4.851850000000001
2009,02,12,3,4.56565
2009,02,12,4,5.08952
2009,02,12,5,3.70165
2009,02,12,6,3.85384
2009,02,12,7,3.83177
2009,02,13,0,3.70577
2009,02,13,1,3.50893
2009,02,13,2,3.197
2009,02,13,3,2.76155
2009,02,13,4,2.5388699999999997
2009,02,13,5,2.45575
2009,02,13,6,2.2611
2009,02,13,7,2.26067
2009,02,14,0,2.1397600000000003
2009,02,14,1,1.69577
2009,02,14,2,1.55409
2009,02,14,3,1.56057
2009,02,14,4,1.58369
2009,02,14,5,1.52335
2009,02,14,6,2.0046500000000003
2009,02,14,7,3.0621199999999997
2009,02,15,0,4.420640000000001
2009,02,15,1,5.78634
2009,02,15,2,6.0105200000000005
2009,02,15,3,6.17767
2009,02,15,4,6.715319999999999
2009,02,15,5,7.0759799999999995
2009,02,15,6,7.858569999999999
2009,02,15,7,7.68393
2009,02,16,0,8.97423
2009,02,16,1,9.64582
2009,02,16,2,9.41627
2009,02,16,3,9.61675
2009,02,16,4,10.1234
2009,02,16,5,9.5745
2009,02,16,6,8.79212
2009,02,16,7,9.062520000000001
2009,02,17,0,9.45898
2009,02,17,1,8.944120000000002
2009,02,17,2,7.9975
2009,02,17,3,7.72795
2009,02,17,4,6.96403
2009,02,17,5,6.41496
2009,02,17,6,6.7977
2009,02,17,7,7.57106
2009,02,18,0,7.361470000000001
2009,02,18,1,7.50114
2009,02,18,2,7.71926
2009,02,18,3,8.388200000000001
2009,02,18,4,9.0562
2009,02,18,5,9.35517
2009,02,18,6,10.019200000000001
2009,02,18,7,10.813799999999999
2009,02,19,0,11.1721
2009,02,19,1,11.3623
2009,02,19,2,11.1738
2009,02,19,3,10.4914
2009,02,19,4,9.507530000000001
2009,02,19,5,8.7917
2009,02,19,6,8.234110000000001
2009,02,19,7,8.3091
2009,02,20,0,9.438799999999999
2009,02,20,1,9.19661
2009,02,20,2,8.372530000000001
2009,02,20,3,6.82578
2009,02,20,4,5.916270000000001
2009,02,20,5,5.776350000000001
2009,02,20,6,6.35022
2009,02,20,7,6.84779
2009,02,21,0,7.17424
2009,02,21,1,7.42903
2009,02,21,2,7.08233
2009,02,21,3,5.509930000000001
2009,02,21,4,5.9839899999999995
2009,02,21,5,6.90003
2009,02,21,6,8.76257
2009,02,21,7,10.654200000000001
2009,02,22,0,8.58943
2009,02,22,1,6.534479999999999
2009,02,22,2,6.57554
2009,02,22,3,6.80377
2009,02,22,4,5.93919
2009,02,22,5,5.742430000000001
2009,02,22,6,5.45486
2009,02,22,7,3.15495
2009,02,23,0,3.37221
2009,02,23,1,3.8455100000000004
2009,02,23,2,4.27145
2009,02,23,3,4.2855799999999995
2009,02,23,4,3.93357
2009,02,23,5,3.58211
2009,02,23,6,3.4393200000000004
2009,02,23,7,3.31409
2009,02,24,0,3.28062
2009,02,24,1,3.78719
2009,02,24,2,4.39595
2009,02,24,3,4.83311
2009,02,24,4,4.63265
2009,02,24,5,3.3163
2009,02,24,6,3.4051
2009,02,24,7,3.9233200000000004
2009,02,25,0,3.97833
2009,02,25,1,4.8886199999999995
2009,02,25,2,6.061310000000001
2009,02,25,3,6.31147
2009,02,25,4,6.49665
2009,02,25,5,6.6588
2009,02,25,6,7.16296
2009,02,25,7,8.7084
2009,02,26,0,10.0227
2009,02,26,1,9.765600000000001
2009,02,26,2,10.4091
2009,02,26,3,10.2243
2009,02,26,4,10.0559
2009,02,26,5,10.1318
2009,02,26,6,8.96116
2009,02,26,7,6.1743999999999994
2009,02,27,0,5.44328
2009,02,27,1,5.37278
2009,02,27,2,5.208819999999999
2009,02,27,3,5.20649
2009,02,27,4,5.07268
2009,02,27,5,5.059
2009,02,27,6,5.11611
2009,02,27,7,5.455850000000001
2009,02,28,0,6.154310000000001
2009,02,28,1,7.06156
2009,02,28,2,6.73646
2009,02,28,3,6.08557
2009,02,28,4,5.518560000000001
2009,02,28,5,5.46588
2009,02,28,6,5.84108
2009,02,28,7,6.47509
2009,02,29,0,8.40225
2009,02,29,1,8.83691
2009,02,29,2,7.644
2009,02,29,3,6.03125
2009,02,29,4,5.1291
2009,02,29,5,4.15502
2009,02,29,6,4.5065
2009,02,29,7,5.6453999999999995
2009,02,30,0,5.62632
2009,02,30,1,3.7118800000000003
2009,02,30,2,2.78991
2009,02,30,3,2.5706700000000002
2009,02,30,4,2.90687
2009,02,30,5,3.18326
2009,02,30,6,2.87413
2009,02,30,7,3.19087
2009,02,31,0,3.74293
2009,02,31,1,4.13435
2009,02,31,2,4.3504700000000005
2009,02,31,3,4.64992
2009,02,31,4,4.57586
2009,02,31,5,5.2549399999999995
2009,02,31,6,5.7381400000000005
2009,02,31,7,7.2508
2009,02,1,0,9.56368
2009,02,1,1,10.5327
2009,02,1,2,11.2714
2009,02,1,3,10.6554
2009,02,1,4,9.898639999999999
2009,02,1,5,10.2702
2009,02,1,6,9.75032
2009,02,1,7,10.543899999999999
2009,02,2,0,10.9116
2009,02,2,1,9.45794
2009,02,2,2,8.25089
2009,02,2,3,8.58684
2009,02,2,4,9.13481
2009,02,2,5,8.44135
2009,02,2,6,7.57031
2009,02,2,7,4.87652
2009,02,3,0,4.89918
2009,02,3,1,4.9218
2009,02,3,2,5.21394
2009,02,3,3,4.1937
2009,02,3,4,3.8371999999999997
2009,02,3,5,5.00737
2009,02,3,6,3.45234
2009,02,3,7,3.46954
2009,02,4,0,4.26912
2009,02,4,1,3.4392199999999997
2009,02,4,2,2.57911
2009,02,4,3,2.35076
2009,02,4,4,2.35175
2009,02,4,5,2.4760999999999997
2009,02,4,6,2.13179
2009,02,4,7,2.11546
2009,02,5,0,2.29014
2009,02,5,1,2.19216
2009,02,5,2,2.07924
2009,02,5,3,2.1155999999999997
2009,02,5,4,2.1949699999999996
2009,02,5,5,2.74712
2009,02,5,6,3.03086
2009,02,5,7,2.9032
2009,02,6,0,2.905
2009,02,6,1,2.86291
2009,02,6,2,3.077
2009,02,6,3,3.33419
2009,02,6,4,3.45783
2009,02,6,5,3.47614
2009,02,6,6,3.69133
2009,02,6,7,4.05036
2009,02,7,0,4.23418
2009,02,7,1,4.45809
2009,02,7,2,4.43687
2009,02,7,3,4.9358699999999995
2009,02,7,4,4.86268
2009,02,7,5,5.14963
2009,02,7,6,5.92751
2009,02,7,7,7.06547
2009,02,8,0,8.09473
2009,02,8,1,8.15847
2009,02,8,2,8.27612
2009,02,8,3,6.1163
2009,02,8,4,6.12099
2009,02,8,5,4.6453299999999995
2009,02,8,6,4.792979999999999
2009,02,8,7,8.28636
2009,02,9,0,6.09758
2009,02,9,1,6.5614799999999995
2009,02,9,2,6.49063
2009,02,9,3,7.25407
2009,02,9,4,8.29881
2009,02,9,5,9.14588
2009,02,9,6,12.4472
2009,02,9,7,10.6422
2009,02,10,0,9.07229
2009,02,10,1,8.431700000000001
2009,02,10,2,7.65855
2009,02,10,3,7.7682
2009,02,10,4,7.96883
2009,02,10,5,8.13098
2009,02,10,6,8.83669
2009,02,10,7,9.118450000000001
2009,02,11,0,9.49859
2009,02,11,1,10.6368
2009,02,11,2,10.1976
2009,02,11,3,9.63242
2009,02,11,4,8.95013
2009,02,11,5,7.21361
2009,02,11,6,5.94316
2009,02,11,7,6.72171
2009,02,12,0,7.48608
2009,02,12,1,6.885260000000001
2009,02,12,2,6.5476
2009,02,12,3,6.73467
2009,02,12,4,6.91874
2009,02,12,5,7.92055
2009,02,12,6,8.46633
2009,02,12,7,8.824549999999999
2009,02,13,0,9.404069999999999
2009,02,13,1,9.68249
2009,02,13,2,9.90428
2009,02,13,3,9.89769
2009,02,13,4,9.37291
2009,02,13,5,9.81906
2009,02,13,6,11.437700000000001
2009,02,13,7,13.2181
2009,02,14,0,14.1329
2009,02,14,1,13.95
2009,02,14,2,14.0854
2009,02,14,3,14.4024
2009,02,14,4,11.548399999999999
2009,02,14,5,8.245610000000001
2009,02,14,6,6.16236
2009,02,14,7,4.33669
2009,02,15,0,4.36729
2009,02,15,1,4.19163
2009,02,15,2,5.2678400000000005
2009,02,15,3,4.55609
2009,02,15,4,3.9257600000000004
2009,02,15,5,3.52396
2009,02,15,6,3.82118
2009,02,15,7,4.5405299999999995
2009,02,16,0,5.94728
2009,02,16,1,6.6597
2009,02,16,2,6.05583
2009,02,16,3,5.16195
2009,02,16,4,5.1526000000000005
2009,02,16,5,4.79742
2009,02,16,6,4.76553
2009,02,16,7,5.568989999999999
2009,02,17,0,5.56906
2009,02,17,1,5.7939300000000005
2009,02,17,2,6.07929
2009,02,17,3,6.000439999999999
2009,02,17,4,5.6531899999999995
2009,02,17,5,5.52578
2009,02,17,6,5.90166
2009,02,17,7,6.81371
2009,02,18,0,8.09628
2009,02,18,1,7.93689
2009,02,18,2,7.161770000000001
2009,02,18,3,7.29643
2009,02,18,4,7.738060000000001
2009,02,18,5,7.78089
2009,02,18,6,7.53563
2009,02,18,7,7.67272
2009,02,19,0,7.62299
2009,02,19,1,6.82295
2009,02,19,2,6.0033900000000004
2009,02,19,3,5.71943
2009,02,19,4,5.63377
2009,02,19,5,5.24533
2009,02,19,6,4.9426499999999995
2009,02,19,7,4.548
2009,02,20,0,9.23955
2009,02,20,1,4.36048
2009,02,20,2,4.118060000000001
2009,02,20,3,4.68142
2009,02,20,4,5.07909
2009,02,20,5,4.967890000000001
2009,02,20,6,4.64328
2009,02,20,7,4.83251
2009,02,21,0,5.6431700000000005
2009,02,21,1,5.84024
2009,02,21,2,5.34485
2009,02,21,3,5.60792
2009,02,21,4,5.58035
2009,02,21,5,5.500640000000001
2009,02,21,6,5.55774
2009,02,21,7,6.02247
2009,02,22,0,7.91758
2009,02,22,1,7.42815
2009,02,22,2,9.38239
2009,02,22,3,11.2365
2009,02,22,4,11.228
2009,02,22,5,11.1647
2009,02,22,6,10.606200000000001
2009,02,22,7,10.7637
2009,02,23,0,12.5662
2009,02,23,1,12.707
2009,02,23,2,11.5736
2009,02,23,3,8.27058
2009,02,23,4,7.18926
2009,02,23,5,8.55724
2009,02,23,6,9.93855
2009,02,23,7,10.4573
2009,02,24,0,9.569139999999999
2009,02,24,1,9.112459999999999
2009,02,24,2,9.348040000000001
2009,02,24,3,8.744309999999999
2009,02,24,4,9.48695
2009,02,24,5,10.668899999999999
2009,02,24,6,10.893
2009,02,24,7,9.68597
2009,02,25,0,8.01071
2009,02,25,1,6.38948
2009,02,25,2,4.52613
2009,02,25,3,3.91347
2009,02,25,4,4.2799499999999995
2009,02,25,5,7.32487
2009,02,25,6,4.6746099999999995
2009,02,25,7,4.68758
2009,02,26,0,5.52838
2009,02,26,1,5.60137
2009,02,26,2,5.92038
2009,02,26,3,6.5125
2009,02,26,4,6.57709
2009,02,26,5,7.23704
2009,02,26,6,7.49599
2009,02,26,7,8.22181
2009,02,27,0,9.15142
2009,02,27,1,8.52956
2009,02,27,2,6.75463
2009,02,27,3,5.915109999999999
2009,02,27,4,5.55413
2009,02,27,5,5.79882
2009,02,27,6,6.26797
2009,02,27,7,6.4483999999999995
2009,02,28,0,5.12835
2009,02,28,1,5.3846300000000005
2009,02,28,2,4.718109999999999
2009,02,28,3,4.75108
2009,02,28,4,4.18424
2009,02,28,5,4.1060799999999995
2009,02,28,6,3.9679499999999996
2009,02,28,7,3.63719
2009,02,29,0,3.30236
2009,02,29,1,3.24758
2009,02,29,2,2.36388
2009,02,29,3,2.91749
2009,02,29,4,3.63354
2009,02,29,5,3.39903
2009,02,29,6,2.99035
2009,02,29,7,3.275
2009,02,30,0,4.7572600000000005
2009,02,30,1,6.54636
2009,02,30,2,6.21791
2009,02,30,3,6.44768
2009,02,30,4,7.52896
2009,02,30,5,8.0045
2009,02,30,6,10.6281
2009,02,30,7,13.0785
2009,02,1,0,16.2459
2009,02,1,1,17.3852
2009,02,1,2,17.5016
2009,02,1,3,18.5423
2009,02,1,4,17.8294
2009,02,1,5,18.1949
2009,02,1,6,18.5667
2009,02,1,7,17.7454
2009,02,2,0,17.189
2009,02,2,1,17.098599999999998
2009,02,2,2,15.3986
2009,02,2,3,15.0764
2009,02,2,4,13.9056
2009,02,2,5,12.786
2009,02,2,6,15.9543
2009,02,2,7,17.5106
2009,02,3,0,18.1365
2009,02,3,1,16.352899999999998
2009,02,3,2,10.9134
2009,02,3,3,12.5108
2009,02,3,4,14.406600000000001
2009,02,3,5,11.231
2009,02,3,6,10.654399999999999
2009,02,3,7,10.4679
2009,02,4,0,12.453899999999999
2009,02,4,1,12.6682
2009,02,4,2,12.9314
2009,02,4,3,14.0276
2009,02,4,4,13.7262
2009,02,4,5,13.890799999999999
2009,02,4,6,14.1516
2009,02,4,7,16.9983
2009,02,5,0,14.2134
2009,02,5,1,11.963299999999998
2009,02,5,2,12.4792
2009,02,5,3,13.7159
2009,02,5,4,14.437100000000001
2009,02,5,5,14.4002
2009,02,5,6,13.315700000000001
2009,02,5,7,13.048
2009,02,6,0,13.6265
2009,02,6,1,13.9681
2009,02,6,2,13.426
2009,02,6,3,12.1119
2009,02,6,4,10.1794
2009,02,6,5,8.68768
2009,02,6,6,6.67156
2009,02,6,7,6.31692
2009,02,7,0,9.149610000000001
2009,02,7,1,9.978489999999999
2009,02,7,2,5.6299399999999995
2009,02,7,3,3.70044
2009,02,7,4,4.71967
2009,02,7,5,5.50047
2009,02,7,6,6.428850000000001
2009,02,7,7,7.23379
2009,02,8,0,11.7581
2009,02,8,1,9.447059999999999
2009,02,8,2,8.10432
2009,02,8,3,8.01552
2009,02,8,4,7.81097
2009,02,8,5,8.426120000000001
2009,02,8,6,8.668629999999999
2009,02,8,7,8.97729
2009,02,9,0,10.7361
2009,02,9,1,10.5
2009,02,9,2,7.85702
2009,02,9,3,7.18012
2009,02,9,4,6.97956
2009,02,9,5,7.74768
2009,02,9,6,8.07864
2009,02,9,7,9.82467
2009,02,10,0,10.873
2009,02,10,1,11.005600000000001
2009,02,10,2,10.4615
2009,02,10,3,9.58679
2009,02,10,4,8.95757
2009,02,10,5,9.01025
2009,02,10,6,8.71966
2009,02,10,7,9.3636
2009,02,11,0,11.1949
2009,02,11,1,12.2962
2009,02,11,2,11.5529
2009,02,11,3,9.76432
2009,02,11,4,8.77101
2009,02,11,5,7.59661
2009,02,11,6,7.06961
2009,02,11,7,8.015270000000001
2009,02,12,0,9.42283
2009,02,12,1,8.41405
2009,02,12,2,4.1575500000000005
2009,02,12,3,3.89665
2009,02,12,4,5.52004
2009,02,12,5,7.120979999999999
2009,02,12,6,8.73126
2009,02,12,7,12.050799999999999
2009,02,13,0,12.1366
2009,02,13,1,12.5724
2009,02,13,2,12.5124
2009,02,13,3,10.319700000000001
2009,02,13,4,8.48856
2009,02,13,5,9.00159
2009,02,13,6,10.4914
2009,02,13,7,12.006200000000002
2009,02,14,0,13.4314
2009,02,14,1,14.7902
2009,02,14,2,14.0848
2009,02,14,3,12.9309
2009,02,14,4,11.863
2009,02,14,5,12.1096
2009,02,14,6,13.6614
2009,02,14,7,15.7484
2009,02,15,0,16.847900000000003
2009,02,15,1,17.2692
2009,02,15,2,16.4954
2009,02,15,3,16.3139
2009,02,15,4,16.3029
2009,02,15,5,15.5184
2009,02,15,6,14.229899999999999
2009,02,15,7,14.8132
2009,02,16,0,15.5369
2009,02,16,1,15.5022
2009,02,16,2,13.2968
2009,02,16,3,10.1684
2009,02,16,4,8.663590000000001
2009,02,16,5,8.04133
2009,02,16,6,8.880690000000001
2009,02,16,7,8.9882
2009,02,17,0,8.96458
2009,02,17,1,7.7046
2009,02,17,2,6.29125
2009,02,17,3,6.33626
2009,02,17,4,6.61928
2009,02,17,5,6.801159999999999
2009,02,17,6,7.175859999999999
2009,02,17,7,9.074959999999999
2009,02,18,0,9.14694
2009,02,18,1,10.187299999999999
2009,02,18,2,10.1341
2009,02,18,3,10.1539
2009,02,18,4,10.677200000000001
2009,02,18,5,11.4511
2009,02,18,6,12.101600000000001
2009,02,18,7,16.402099999999997
2009,02,19,0,25.500700000000002
2009,02,19,1,18.477400000000003
2009,02,19,2,18.9322
2009,02,19,3,17.6088
2009,02,19,4,16.344
2009,02,19,5,16.1084
2009,02,19,6,16.3798
2009,02,19,7,16.7397
2009,02,20,0,15.1202
2009,02,20,1,12.3262
2009,02,20,2,10.1856
2009,02,20,3,8.419979999999999
2009,02,20,4,8.573879999999999
2009,02,20,5,7.88392
2009,02,20,6,6.81867
2009,02,20,7,8.5616
2009,02,21,0,7.8331
2009,02,21,1,8.923770000000001
2009,02,21,2,8.36374
2009,02,21,3,8.34033
2009,02,21,4,8.55179
2009,02,21,5,8.71793
2009,02,21,6,9.66732
2009,02,21,7,10.9344
2009,02,22,0,12.436399999999999
2009,02,22,1,12.1823
2009,02,22,2,12.0252
2009,02,22,3,12.0929
2009,02,22,4,13.1053
2009,02,22,5,15.2103
2009,02,22,6,14.5715
2009,02,22,7,14.7467
2009,02,23,0,15.816600000000001
2009,02,23,1,16.5658
2009,02,23,2,16.890900000000002
2009,02,23,3,17.8017
2009,02,23,4,18.5797
2009,02,23,5,17.8063
2009,02,23,6,16.7382
2009,02,23,7,16.3138
2009,02,24,0,16.426
2009,02,24,1,14.446200000000001
2009,02,24,2,14.6805
2009,02,24,3,15.646
2009,02,24,4,14.5031
2009,02,24,5,13.835899999999999
2009,02,24,6,13.1526
2009,02,24,7,13.7391
2009,02,25,0,14.396
2009,02,25,1,12.678600000000001
2009,02,25,2,12.081700000000001
2009,02,25,3,12.7564
2009,02,25,4,13.9716
2009,02,25,5,14.2029
2009,02,25,6,13.8132
2009,02,25,7,14.282
2009,02,26,0,14.939
2009,02,26,1,16.1946
2009,02,26,2,17.6742
2009,02,26,3,15.7992
2009,02,26,4,15.2065
2009,02,26,5,14.8376
2009,02,26,6,14.5734
2009,02,26,7,16.5359
2009,02,27,0,16.1999
2009,02,27,1,20.6534
2009,02,27,2,15.8446
2009,02,27,3,15.9205
2009,02,27,4,16.1742
2009,02,27,5,15.386700000000001
2009,02,27,6,14.8937
2009,02,27,7,15.1681
2009,02,28,0,16.1133
2009,02,28,1,16.4452
2009,02,28,2,16.026799999999998
2009,02,28,3,15.994399999999999
2009,02,28,4,15.478
2009,02,28,5,15.226799999999999
2009,02,28,6,14.6197
2009,02,28,7,14.005700000000001
2009,02,29,0,13.6052
2009,02,29,1,12.843200000000001
2009,02,29,2,13.5996
2009,02,29,3,13.3399
2009,02,29,4,14.2196
2009,02,29,5,15.7638
2009,02,29,6,15.2581
2009,02,29,7,20.9753
2009,02,30,0,20.8326
2009,02,30,1,20.069
2009,02,30,2,21.143
2009,02,30,3,23.1919
2009,02,30,4,23.4942
2009,02,30,5,23.4174
2009,02,30,6,23.2732
2009,02,30,7,22.6315
2009,02,31,0,22.9037
2009,02,31,1,22.1315
2009,02,31,2,21.5748
2009,02,31,3,20.948700000000002
2009,02,31,4,20.4716
2009,02,31,5,20.4327
2009,02,31,6,20.497400000000003
2009,02,31,7,20.6502
2009,02,1,0,27.934900000000003
2009,02,1,1,21.8445
2009,02,1,2,22.8601
2009,02,1,3,22.4838
2009,02,1,4,20.7524
2009,02,1,5,19.7858
2009,02,1,6,22.316200000000002
2009,02,1,7,24.3395
2009,02,2,0,22.791700000000002
2009,02,2,1,21.779700000000002
2009,02,2,2,18.4928
2009,02,2,3,17.6698
2009,02,2,4,16.5861
2009,02,2,5,16.0877
2009,02,2,6,16.86
2009,02,2,7,17.6835
2009,02,3,0,16.695700000000002
2009,02,3,1,15.286
2009,02,3,2,13.9747
2009,02,3,3,12.763
2009,02,3,4,10.4867
2009,02,3,5,11.8803
2009,02,3,6,12.8216
2009,02,3,7,11.0355
2009,02,4,0,14.6759
2009,02,4,1,18.0136
2009,02,4,2,17.9131
2009,02,4,3,15.402899999999999
2009,02,4,4,13.697299999999998
2009,02,4,5,11.5144
2009,02,4,6,8.94238
2009,02,4,7,7.21645
2009,02,5,0,7.83696
2009,02,5,1,16.369600000000002
2009,02,5,2,9.3544
2009,02,5,3,8.95167
2009,02,5,4,10.2856
2009,02,5,5,12.5105
2009,02,5,6,11.3943
2009,02,5,7,9.1289
2009,02,6,0,12.0722
2009,02,6,1,10.350299999999999
2009,02,6,2,12.2431
2009,02,6,3,13.664200000000001
2009,02,6,4,14.2515
2009,02,6,5,14.524
2009,02,6,6,14.6368
2009,02,6,7,14.5545
2009,02,7,0,15.0685
2009,02,7,1,15.4323
2009,02,7,2,15.255700000000001
2009,02,7,3,14.6371
2009,02,7,4,14.94
2009,02,7,5,14.8732
2009,02,7,6,14.7287
2009,02,7,7,15.177200000000001
2009,02,8,0,16.412599999999998
2009,02,8,1,17.011
2009,02,8,2,15.7482
2009,02,8,3,14.3236
2009,02,8,4,13.805
2009,02,8,5,13.5684
2009,02,8,6,13.371799999999999
2009,02,8,7,14.2377
2009,02,9,0,21.016099999999998
2009,02,9,1,16.8771
2009,02,9,2,15.6673
2009,02,9,3,13.618
2009,02,9,4,14.3057
2009,02,9,5,17.039
2009,02,9,6,19.1822
2009,02,9,7,20.317
2009,02,10,0,20.2135
2009,02,10,1,19.3035
2009,02,10,2,17.526400000000002
2009,02,10,3,15.9858
2009,02,10,4,15.893
2009,02,10,5,17.2789
2009,02,10,6,17.5675
2009,02,10,7,17.4724
2009,02,11,0,17.9756
2009,02,11,1,17.8218
2009,02,11,2,18.213
2009,02,11,3,18.3938
2009,02,11,4,17.3145
2009,02,11,5,15.8876
2009,02,11,6,15.018
2009,02,11,7,15.2367
2009,02,12,0,16.9836
2009,02,12,1,16.407
2009,02,12,2,15.8772
2009,02,12,3,16.976599999999998
2009,02,12,4,16.6806
2009,02,12,5,16.6662
2009,02,12,6,15.527299999999999
2009,02,12,7,15.626100000000001
2009,02,13,0,16.2861
2009,02,13,1,17.1206
2009,02,13,2,17.356900000000003
2009,02,13,3,17.902099999999997
2009,02,13,4,18.4602
2009,02,13,5,17.3725
2009,02,13,6,15.5865
2009,02,13,7,14.9467
2009,02,14,0,15.2713
2009,02,14,1,15.041799999999999
2009,02,14,2,15.5505
2009,02,14,3,15.8699
2009,02,14,4,16.331
2009,02,14,5,15.4424
2009,02,14,6,14.2921
2009,02,14,7,14.5879
2009,02,15,0,15.6029
2009,02,15,1,15.7389
2009,02,15,2,16.0687
2009,02,15,3,26.2321
2009,02,15,4,16.0917
2009,02,15,5,16.809900000000003
2009,02,15,6,17.5065
2009,02,15,7,17.4597
2009,02,16,0,15.998700000000001
2009,02,16,1,14.3605
2009,02,16,2,14.4069
2009,02,16,3,17.4513
2009,02,16,4,20.2573
2009,02,16,5,20.7937
2009,02,16,6,20.2044
2009,02,16,7,20.1013
2009,02,17,0,19.367900000000002
2009,02,17,1,19.2227
2009,02,17,2,18.718700000000002
2009,02,17,3,18.916
2009,02,17,4,18.8412
2009,02,17,5,19.5987
2009,02,17,6,20.1493
2009,02,17,7,21.370900000000002
2009,02,18,0,24.9045
2009,02,18,1,26.035400000000003
2009,02,18,2,22.747400000000003
2009,02,18,3,18.8424
2009,02,18,4,18.5078
2009,02,18,5,18.2672
2009,02,18,6,17.9331
2009,02,18,7,18.6015
2009,02,19,0,19.543
2009,02,19,1,18.7087
2009,02,19,2,15.536700000000002
2009,02,19,3,13.799
2009,02,19,4,13.329799999999999
2009,02,19,5,13.158
2009,02,19,6,16.1203
2009,02,19,7,22.495
2009,02,20,0,19.8253
2009,02,20,1,15.3384
2009,02,20,2,12.431299999999998
2009,02,20,3,11.9828
2009,02,20,4,8.173680000000001
2009,02,20,5,4.542770000000001
2009,02,20,6,3.2967
2009,02,20,7,4.66026
2009,02,21,0,6.9646099999999995
2009,02,21,1,8.273520000000001
2009,02,21,2,8.274479999999999
2009,02,21,3,8.13559
2009,02,21,4,7.88136
2009,02,21,5,6.97679
2009,02,21,6,5.86607
2009,02,21,7,6.3633500000000005
2009,02,22,0,7.0663
2009,02,22,1,7.520239999999999
2009,02,22,2,8.63991
2009,02,22,3,9.388959999999999
2009,02,22,4,9.86125
2009,02,22,5,10.3217
2009,02,22,6,9.66724
2009,02,22,7,9.55726
2009,02,23,0,9.6275
2009,02,23,1,9.44637
2009,02,23,2,8.61611
2009,02,23,3,7.91084
2009,02,23,4,7.47483
2009,02,23,5,7.80541
2009,02,23,6,8.634780000000001
2009,02,23,7,9.19606
2009,02,24,0,11.5446
2009,02,24,1,9.48393
2009,02,24,2,8.128029999999999
2009,02,24,3,8.0032
2009,02,24,4,8.46709
2009,02,24,5,8.412870000000002
2009,02,24,6,7.93834
2009,02,24,7,8.3685
2009,02,25,0,9.168610000000001
2009,02,25,1,8.96691
2009,02,25,2,10.593
2009,02,25,3,12.540700000000001
2009,02,25,4,13.1511
2009,02,25,5,11.5763
2009,02,25,6,9.547450000000001
2009,02,25,7,11.5223
2009,02,26,0,12.659600000000001
2009,02,26,1,17.5822
2009,02,26,2,15.8224
2009,02,26,3,15.9281
2009,02,26,4,15.462299999999999
2009,02,26,5,14.9553
2009,02,26,6,14.4084
2009,02,26,7,13.869299999999999
2009,02,27,0,13.5228
2009,02,27,1,13.0212
2009,02,27,2,11.2886
2009,02,27,3,9.12406
2009,02,27,4,8.77398
2009,02,27,5,10.3971
2009,02,27,6,9.701709999999999
2009,02,27,7,9.488040000000002
2009,02,28,0,10.5531
2009,02,28,1,10.181700000000001
2009,02,28,2,10.7651
2009,02,28,3,11.6202
2009,02,28,4,12.0125
2009,02,28,5,13.3218
2009,02,28,6,13.907399999999999
2009,02,28,7,14.5114
2009,02,29,0,15.4949
2009,02,29,1,17.015900000000002
2009,02,29,2,18.765900000000002
2009,02,29,3,15.377799999999999
2009,02,29,4,14.6329
2009,02,29,5,13.6531
2009,02,29,6,13.856399999999999
2009,02,29,7,15.3988
2009,02,30,0,18.9528
2009,02,30,1,20.616400000000002
2009,02,30,2,22.884
2009,02,30,3,21.7973
2009,02,30,4,24.121299999999998
2009,02,30,5,28.1798
2009,02,30,6,24.1666
2009,02,30,7,22.4135
2009,02,1,0,23.140099999999997
2009,02,1,1,21.896
2009,02,1,2,22.4878
2009,02,1,3,24.5344
2009,02,1,4,23.9994
2009,02,1,5,23.6081
2009,02,1,6,23.098599999999998
2009,02,1,7,24.1583
2009,02,2,0,23.820700000000002
2009,02,2,1,23.3697
2009,02,2,2,22.3388
2009,02,2,3,22.1775
2009,02,2,4,22.170900000000003
2009,02,2,5,21.537200000000002
2009,02,2,6,21.0377
2009,02,2,7,20.411
2009,02,3,0,19.256700000000002
2009,02,3,1,15.033299999999999
2009,02,3,2,9.407290000000001
2009,02,3,3,6.9624
2009,02,3,4,7.12613
2009,02,3,5,8.406540000000001
2009,02,3,6,9.27011
2009,02,3,7,11.8946
2009,02,4,0,12.619
2009,02,4,1,10.7539
2009,02,4,2,11.619299999999999
2009,02,4,3,8.98906
2009,02,4,4,8.74972
2009,02,4,5,9.21392
2009,02,4,6,9.13002
2009,02,4,7,9.80685
2009,02,5,0,10.523399999999999
2009,02,5,1,9.80254
2009,02,5,2,8.76187
2009,02,5,3,7.4078599999999994
2009,02,5,4,7.50738
2009,02,5,5,8.32568
2009,02,5,6,8.55339
2009,02,5,7,8.14672
2009,02,6,0,6.96047
2009,02,6,1,6.14907
2009,02,6,2,4.29078
2009,02,6,3,4.04711
2009,02,6,4,3.8034899999999996
2009,02,6,5,3.93398
2009,02,6,6,4.82468
2009,02,6,7,5.9225900000000005
2009,02,7,0,7.79945
2009,02,7,1,7.03885
2009,02,7,2,6.24105
2009,02,7,3,5.44653
2009,02,7,4,5.56055
2009,02,7,5,5.40172
2009,02,7,6,5.03606
2009,02,7,7,5.36534
2009,02,8,0,5.2554
2009,02,8,1,5.03059
2009,02,8,2,4.07383
2009,02,8,3,4.11714
2009,02,8,4,3.8618699999999997
2009,02,8,5,3.97993
2009,02,8,6,4.11993
2009,02,8,7,4.644430000000001
2009,02,9,0,4.87239
2009,02,9,1,5.39757
2009,02,9,2,4.78428
2009,02,9,3,5.1769
2009,02,9,4,5.116779999999999
2009,02,9,5,4.3615699999999995
2009,02,9,6,4.13034
2009,02,9,7,4.4878
2009,02,10,0,4.61338
2009,02,10,1,4.49923
2009,02,10,2,4.13438
2009,02,10,3,3.97153
2009,02,10,4,4.50095
2009,02,10,5,5.23981
2009,02,10,6,5.993930000000001
2009,02,10,7,8.67617
2009,02,11,0,13.1448
2009,02,11,1,16.422
2009,02,11,2,17.4715
2009,02,11,3,20.1722
2009,02,11,4,22.481099999999998
2009,02,11,5,18.8463
2009,02,11,6,18.5906
2009,02,11,7,18.1975
2009,02,12,0,15.8077
2009,02,12,1,13.9686
2009,02,12,2,12.6005
2009,02,12,3,12.4082
2009,02,12,4,12.780700000000001
2009,02,12,5,12.6812
2009,02,12,6,12.608600000000001
2009,02,12,7,12.792399999999999
2009,02,13,0,11.3336
2009,02,13,1,10.4846
2009,02,13,2,9.35958
2009,02,13,3,10.017299999999999
2009,02,13,4,11.3779
2009,02,13,5,12.078899999999999
2009,02,13,6,12.6027
2009,02,13,7,13.3668
2009,02,14,0,14.8174
2009,02,14,1,15.8847
2009,02,14,2,12.107700000000001
2009,02,14,3,9.38046
2009,02,14,4,8.290989999999999
2009,02,14,5,13.2694
2009,02,14,6,8.27369
2009,02,14,7,8.5931
2009,02,15,0,8.97775
2009,02,15,1,9.95375
2009,02,15,2,9.266290000000001
2009,02,15,3,8.539219999999998
2009,02,15,4,8.13278
2009,02,15,5,8.82145
2009,02,15,6,9.05932
2009,02,15,7,10.972100000000001
2009,02,16,0,10.974200000000002
2009,02,16,1,10.949399999999999
2009,02,16,2,10.3318
2009,02,16,3,9.35342
2009,02,16,4,8.92183
2009,02,16,5,8.58124
2009,02,16,6,8.203850000000001
2009,02,16,7,8.691870000000002
2009,02,17,0,10.4427
2009,02,17,1,13.2222
2009,02,17,2,14.2627
2009,02,17,3,14.087299999999999
2009,02,17,4,14.2088
2009,02,17,5,13.7934
2009,02,17,6,16.0121
2009,02,17,7,19.486900000000002
2009,02,18,0,21.7907
2009,02,18,1,21.5446
2009,02,18,2,22.2331
2009,02,18,3,21.9621
2009,02,18,4,20.779
2009,02,18,5,19.8353
2009,02,18,6,21.774900000000002
2009,02,18,7,24.142400000000002
2009,02,19,0,26.6905
2009,02,19,1,24.1165
2009,02,19,2,24.5365
2009,02,19,3,26.3547
2009,02,19,4,26.1388
2009,02,19,5,25.3293
2009,02,19,6,24.2931
2009,02,19,7,27.319
2009,02,20,0,27.8983
2009,02,20,1,26.230700000000002
2009,02,20,2,28.6738
2009,02,20,3,29.9157
2009,02,20,4,25.119400000000002
2009,02,20,5,23.6117
2009,02,20,6,22.836
2009,02,20,7,26.749299999999998
2009,02,21,0,30.405
2009,02,21,1,28.3794
2009,02,21,2,28.935299999999998
2009,02,21,3,27.594099999999997
2009,02,21,4,19.401799999999998
2009,02,21,5,21.0015
2009,02,21,6,18.622400000000003
2009,02,21,7,20.395400000000002
2009,02,22,0,21.8823
2009,02,22,1,21.794900000000002
2009,02,22,2,20.4392
2009,02,22,3,19.7089
2009,02,22,4,18.7673
2009,02,22,5,18.1056
2009,02,22,6,19.1346
2009,02,22,7,21.4501
2009,02,23,0,23.712
2009,02,23,1,24.2784
2009,02,23,2,26.744
2009,02,23,3,26.9168
2009,02,23,4,32.190799999999996
2009,02,23,5,29.5337
2009,02,23,6,30.0385
2009,02,23,7,31.839599999999997
2009,02,24,0,31.3717
2009,02,24,1,29.2025
2009,02,24,2,28.5103
2009,02,24,3,26.7697
2009,02,24,4,25.2603
2009,02,24,5,24.056099999999997
2009,02,24,6,23.8974
2009,02,24,7,24.814
2009,02,25,0,23.8793
2009,02,25,1,22.7988
2009,02,25,2,24.6706
2009,02,25,3,25.921799999999998
2009,02,25,4,28.9247
2009,02,25,5,27.182599999999997
2009,02,25,6,25.268099999999997
2009,02,25,7,24.962400000000002
2009,02,26,0,25.3368
2009,02,26,1,23.773
2009,02,26,2,22.895599999999998
2009,02,26,3,22.8834
2009,02,26,4,21.953
2009,02,26,5,23.6815
2009,02,26,6,23.760900000000003
2009,02,26,7,24.218700000000002
2009,02,27,0,26.3625
2009,02,27,1,26.4637
2009,02,27,2,25.9378
2009,02,27,3,24.0426
2009,02,27,4,22.759400000000003
2009,02,27,5,25.6222
2009,02,27,6,24.9678
2009,02,27,7,24.3409
2009,02,28,0,26.8695
2009,02,28,1,27.6244
2009,02,28,2,25.7405
2009,02,28,3,24.0559
2009,02,28,4,22.7509
2009,02,28,5,21.8734
2009,02,28,6,21.3203
2009,02,28,7,23.1391
2009,02,29,0,24.4752
2009,02,29,1,24.3592
2009,02,29,2,24.1978
2009,02,29,3,22.0929
2009,02,29,4,20.9273
2009,02,29,5,20.722099999999998
2009,02,29,6,20.4793
2009,02,29,7,21.520599999999998
2009,02,30,0,24.416700000000002
2009,02,30,1,27.9548
2009,02,30,2,20.5047
2009,02,30,3,17.4303
2009,02,30,4,17.328799999999998
2009,02,30,5,17.0184
2009,02,30,6,16.728900000000003
2009,02,30,7,17.7805
2009,02,31,0,18.0388
2009,02,31,1,18.3831
2009,02,31,2,18.2366
2009,02,31,3,18.548599999999997
2009,02,31,4,18.8676
2009,02,31,5,18.527
2009,02,31,6,18.139400000000002
2009,02,31,7,17.8927
2009,02,1,0,17.087400000000002
2009,02,1,1,15.842799999999999
2009,02,1,2,15.2771
2009,02,1,3,17.187
2009,02,1,4,17.6756
2009,02,1,5,17.517400000000002
2009,02,1,6,16.279
2009,02,1,7,15.6296
2009,02,2,0,15.6488
2009,02,2,1,13.7294
2009,02,2,2,11.4756
2009,02,2,3,10.3045
2009,02,2,4,9.23244
2009,02,2,5,9.01297
2009,02,2,6,8.80485
2009,02,2,7,8.7254
2009,02,3,0,9.66471
2009,02,3,1,9.632520000000001
2009,02,3,2,8.66873
2009,02,3,3,6.36718
2009,02,3,4,6.68962
2009,02,3,5,7.68688
2009,02,3,6,7.78249
2009,02,3,7,7.05833
2009,02,4,0,7.9377200000000006
2009,02,4,1,9.560979999999999
2009,02,4,2,11.898200000000001
2009,02,4,3,26.1053
2009,02,4,4,28.1116
2009,02,4,5,19.7264
2009,02,4,6,19.6985
2009,02,4,7,19.8317
2009,02,5,0,20.0713
2009,02,5,1,22.1172
2009,02,5,2,20.8206
2009,02,5,3,36.0216
2009,02,5,4,19.5001
2009,02,5,5,18.5258
2009,02,5,6,18.2533
2009,02,5,7,18.8971
2009,02,6,0,16.1886
2009,02,6,1,12.8139
2009,02,6,2,10.7416
2009,02,6,3,8.71833
2009,02,6,4,6.18928
2009,02,6,5,6.82492
2009,02,6,6,6.6362
2009,02,6,7,6.21393
2009,02,7,0,7.8154200000000005
2009,02,7,1,7.97072
2009,02,7,2,7.30683
2009,02,7,3,8.329540000000001
2009,02,7,4,8.327309999999999
2009,02,7,5,8.927430000000001
2009,02,7,6,9.82253
2009,02,7,7,10.267
2009,02,8,0,11.094700000000001
2009,02,8,1,11.604
2009,02,8,2,11.8193
2009,02,8,3,13.9505
2009,02,8,4,14.7311
2009,02,8,5,14.476799999999999
2009,02,8,6,13.4009
2009,02,8,7,13.389899999999999
2009,02,9,0,14.206700000000001
2009,02,9,1,13.524899999999999
2009,02,9,2,11.5122
2009,02,9,3,11.2745
2009,02,9,4,11.4739
2009,02,9,5,11.373700000000001
2009,02,9,6,10.9412
2009,02,9,7,11.293899999999999
2009,02,10,0,12.7775
2009,02,10,1,13.8638
2009,02,10,2,12.8557
2009,02,10,3,12.0457
2009,02,10,4,11.687700000000001
2009,02,10,5,11.0649
2009,02,10,6,11.9348
2009,02,10,7,11.751700000000001
2009,02,11,0,10.7912
2009,02,11,1,10.9515
2009,02,11,2,10.0963
2009,02,11,3,9.28594
2009,02,11,4,8.85984
2009,02,11,5,8.702
2009,02,11,6,8.71279
2009,02,11,7,9.39892
2009,02,12,0,10.380600000000001
2009,02,12,1,12.0667
2009,02,12,2,12.4544
2009,02,12,3,12.1087
2009,02,12,4,11.3004
2009,02,12,5,9.77983
2009,02,12,6,10.413
2009,02,12,7,10.7755
2009,02,13,0,13.0459
2009,02,13,1,14.0903
2009,02,13,2,14.171899999999999
2009,02,13,3,13.2087
2009,02,13,4,12.2352
2009,02,13,5,10.8847
2009,02,13,6,10.4124
2009,02,13,7,10.7214
2009,02,14,0,11.9679
2009,02,14,1,10.899899999999999
2009,02,14,2,11.3275
2009,02,14,3,10.8396
2009,02,14,4,9.84791
2009,02,14,5,8.77822
2009,02,14,6,7.40867
2009,02,14,7,7.203810000000001
2009,02,15,0,7.6988
2009,02,15,1,7.46392
2009,02,15,2,6.40455
2009,02,15,3,5.67847
2009,02,15,4,4.69338
2009,02,15,5,6.69795
2009,02,15,6,6.85327
2009,02,15,7,6.30339
2009,02,16,0,6.3021
2009,02,16,1,6.89715
2009,02,16,2,8.654069999999999
2009,02,16,3,6.0283299999999995
2009,02,16,4,5.77215
2009,02,16,5,5.61848
2009,02,16,6,5.74397
2009,02,16,7,5.88313
2009,02,17,0,6.89121
2009,02,17,1,7.10704
2009,02,17,2,6.56229
2009,02,17,3,6.18007
2009,02,17,4,6.36513
2009,02,17,5,6.3990100000000005
2009,02,17,6,6.23844
2009,02,17,7,6.555359999999999
2009,02,18,0,6.97585
2009,02,18,1,8.17513
2009,02,18,2,7.64058
2009,02,18,3,7.64278
2009,02,18,4,7.36964
2009,02,18,5,7.185359999999999
2009,02,18,6,7.47827
2009,02,18,7,8.04147
2009,02,19,0,9.47085
2009,02,19,1,9.326360000000001
2009,02,19,2,9.08003
2009,02,19,3,8.86221
2009,02,19,4,9.10158
2009,02,19,5,9.1164
2009,02,19,6,8.981069999999999
2009,02,19,7,9.47063
2009,02,20,0,8.899370000000001
2009,02,20,1,8.8728
2009,02,20,2,10.0595
2009,02,20,3,10.4032
2009,02,20,4,10.7146
2009,02,20,5,11.9575
2009,02,20,6,12.857
2009,02,20,7,13.8248
2009,02,21,0,14.046
2009,02,21,1,13.063
2009,02,21,2,11.9331
2009,02,21,3,12.210600000000001
2009,02,21,4,12.2071
2009,02,21,5,12.7934
2009,02,21,6,13.5695
2009,02,21,7,14.9264
2009,02,22,0,17.4452
2009,02,22,1,18.5388
2009,02,22,2,18.3469
2009,02,22,3,19.1616
2009,02,22,4,19.9779
2009,02,22,5,18.9999
2009,02,22,6,21.7182
2009,02,22,7,27.3756
2009,02,23,0,30.464
2009,02,23,1,30.957900000000002
2009,02,23,2,31.0205
2009,02,23,3,29.715799999999998
2009,02,23,4,25.0044
2009,02,23,5,21.7912
2009,02,23,6,19.1045
2009,02,23,7,18.3719
2009,02,24,0,18.9547
2009,02,24,1,21.993599999999997
2009,02,24,2,23.8515
2009,02,24,3,22.1
2009,02,24,4,20.691
2009,02,24,5,18.8547
2009,02,24,6,17.973
2009,02,24,7,18.0352
2009,02,25,0,18.3955
2009,02,25,1,17.823700000000002
2009,02,25,2,14.795399999999999
2009,02,25,3,11.8771
2009,02,25,4,10.6655
2009,02,25,5,10.2769
2009,02,25,6,9.48321
2009,02,25,7,8.39908
2009,02,26,0,7.81534
2009,02,26,1,7.471310000000001
2009,02,26,2,7.09012
2009,02,26,3,6.691949999999999
2009,02,26,4,6.07221
2009,02,26,5,5.99271
2009,02,26,6,5.77118
2009,02,26,7,5.79582
2009,02,27,0,6.5205
2009,02,27,1,7.109100000000001
2009,02,27,2,7.1258
2009,02,27,3,6.8224
2009,02,27,4,6.3713500000000005
2009,02,27,5,6.13408
2009,02,27,6,6.51561
2009,02,27,7,7.39253
2009,02,28,0,8.36993
2009,02,28,1,8.72475
2009,02,28,2,8.44249
2009,02,28,3,9.3425
2009,02,28,4,10.546899999999999
2009,02,28,5,10.701
2009,02,28,6,13.2464
2009,02,28,7,15.425
2009,02,29,0,14.9485
2009,02,29,1,13.8657
2009,02,29,2,13.7143
2009,02,29,3,13.5948
2009,02,29,4,11.2651
2009,02,29,5,10.2111
2009,02,29,6,10.5174
2009,02,29,7,12.744399999999999
2009,02,30,0,12.6552
2009,02,30,1,11.226600000000001
2009,02,30,2,12.005799999999999
2009,02,30,3,13.1649
2009,02,30,4,13.6461
2009,02,30,5,12.206100000000001
2009,02,30,6,9.79851
2009,02,30,7,11.3777
2009,02,31,0,12.0751
2009,02,31,1,13.5652
2009,02,31,2,14.0169
2009,02,31,3,13.585600000000001
2009,02,31,4,13.074399999999999
2009,02,31,5,12.8365
2009,02,31,6,12.831100000000001
2009,02,31,7,15.0022
2009,02,1,0,14.696200000000001
2009,02,1,1,14.1753
2009,02,1,2,12.9476
2009,02,1,3,11.061200000000001
2009,02,1,4,10.6198
2009,02,1,5,10.265799999999999
2009,02,1,6,9.55052
2009,02,1,7,10.7979
2009,02,2,0,11.6939
2009,02,2,1,11.919
2009,02,2,2,13.9223
2009,02,2,3,15.254700000000001
2009,02,2,4,14.7241
2009,02,2,5,14.2942
2009,02,2,6,15.9981
2009,02,2,7,19.0187
2009,02,3,0,20.604200000000002
2009,02,3,1,21.349700000000002
2009,02,3,2,20.7908
2009,02,3,3,19.8457
2009,02,3,4,19.503400000000003
2009,02,3,5,19.035400000000003
2009,02,3,6,18.5515
2009,02,3,7,19.8003
2009,02,4,0,21.773
2009,02,4,1,25.236
2009,02,4,2,20.3601
2009,02,4,3,20.279
2009,02,4,4,21.615599999999997
2009,02,4,5,28.4173
2009,02,4,6,21.926299999999998
2009,02,4,7,26.8403
2009,02,5,0,24.3146
2009,02,5,1,20.781299999999998
2009,02,5,2,14.7274
2009,02,5,3,11.9274
2009,02,5,4,10.779
2009,02,5,5,10.6169
2009,02,5,6,10.0662
2009,02,5,7,9.80382
2009,02,6,0,9.73757
2009,02,6,1,9.14424
2009,02,6,2,8.27011
2009,02,6,3,7.16292
2009,02,6,4,8.2753
2009,02,6,5,8.237639999999999
2009,02,6,6,9.69249
2009,02,6,7,10.7987
2009,02,7,0,11.6896
2009,02,7,1,12.4041
2009,02,7,2,13.1664
2009,02,7,3,12.891200000000001
2009,02,7,4,12.7439
2009,02,7,5,13.048399999999999
2009,02,7,6,12.9028
2009,02,7,7,13.026
2009,02,8,0,13.4139
2009,02,8,1,13.489
2009,02,8,2,12.8175
2009,02,8,3,12.256
2009,02,8,4,11.5
2009,02,8,5,11.1765
2009,02,8,6,11.5777
2009,02,8,7,11.9949
2009,02,9,0,13.5059
2009,02,9,1,13.0373
2009,02,9,2,15.6422
2009,02,9,3,13.6124
2009,02,9,4,13.0644
2009,02,9,5,12.5625
2009,02,9,6,11.9308
2009,02,9,7,12.0419
2009,02,10,0,12.3455
2009,02,10,1,12.5786
2009,02,10,2,11.895299999999999
2009,02,10,3,11.0106
2009,02,10,4,10.518799999999999
2009,02,10,5,10.600200000000001
2009,02,10,6,10.6284
2009,02,10,7,11.0406
2009,02,11,0,10.5644
2009,02,11,1,11.2949
2009,02,11,2,12.7728
2009,02,11,3,13.835700000000001
2009,02,11,4,14.0076
2009,02,11,5,13.9541
2009,02,11,6,13.9465
2009,02,11,7,13.8625
2009,02,12,0,14.279399999999999
2009,02,12,1,14.5344
2009,02,12,2,15.505
2009,02,12,3,16.5738
2009,02,12,4,16.902
2009,02,12,5,17.8971
2009,02,12,6,19.758200000000002
2009,02,12,7,21.281
2009,02,13,0,21.1282
2009,02,13,1,20.7082
2009,02,13,2,20.464299999999998
2009,02,13,3,17.8051
2009,02,13,4,15.1212
2009,02,13,5,15.3659
2009,02,13,6,15.218200000000001
2009,02,13,7,14.5414
2009,02,14,0,13.0797
2009,02,14,1,12.3719
2009,02,14,2,11.6021
2009,02,14,3,12.5
2009,02,14,4,11.6014
2009,02,14,5,10.6268
2009,02,14,6,9.60804
2009,02,14,7,9.77989
2009,02,15,0,11.5453
2009,02,15,1,12.7156
2009,02,15,2,13.206700000000001
2009,02,15,3,12.885200000000001
2009,02,15,4,13.292200000000001
2009,02,15,5,13.6501
2009,02,15,6,12.091299999999999
2009,02,15,7,11.6902
2009,02,16,0,11.738100000000001
2009,02,16,1,12.1281
2009,02,16,2,13.0852
2009,02,16,3,14.2938
2009,02,16,4,14.785
2009,02,16,5,14.4396
2009,02,16,6,14.455200000000001
2009,02,16,7,14.404200000000001
2009,02,17,0,14.7105
2009,02,17,1,15.02
2009,02,17,2,14.184700000000001
2009,02,17,3,13.5972
2009,02,17,4,13.6449
2009,02,17,5,13.5133
2009,02,17,6,12.951
2009,02,17,7,13.890600000000001
2009,02,18,0,14.582600000000001
2009,02,18,1,15.126299999999999
2009,02,18,2,14.861799999999999
2009,02,18,3,13.7983
2009,02,18,4,14.1506
2009,02,18,5,14.675600000000001
2009,02,18,6,14.838799999999999
2009,02,18,7,15.4711
2009,02,19,0,18.1936
2009,02,19,1,19.102700000000002
2009,02,19,2,19.5963
2009,02,19,3,19.014400000000002
2009,02,19,4,18.4185
2009,02,19,5,18.201400000000003
2009,02,19,6,17.953
2009,02,19,7,19.149900000000002
2009,02,20,0,19.991799999999998
2009,02,20,1,18.0966
2009,02,20,2,16.9392
2009,02,20,3,15.622200000000001
2009,02,20,4,14.440100000000001
2009,02,20,5,16.8549
2009,02,20,6,11.756
2009,02,20,7,11.3029
2009,02,21,0,10.353200000000001
2009,02,21,1,8.72483
2009,02,21,2,9.05287
2009,02,21,3,9.835790000000001
2009,02,21,4,8.79476
2009,02,21,5,7.524970000000001
2009,02,21,6,6.96319
2009,02,21,7,6.066949999999999
2009,02,22,0,4.54242
2009,02,22,1,3.5505500000000003
2009,02,22,2,3.55463
2009,02,22,3,3.9141399999999997
2009,02,22,4,4.1264899999999995
2009,02,22,5,4.38469
2009,02,22,6,4.733890000000001
2009,02,22,7,5.67678
2009,02,23,0,6.452529999999999
2009,02,23,1,6.15588
2009,02,23,2,6.945720000000001
2009,02,23,3,7.049300000000001
2009,02,23,4,7.44297
2009,02,23,5,7.61037
2009,02,23,6,7.519819999999999
2009,02,23,7,7.72843
2009,02,24,0,7.45388
2009,02,24,1,7.3148800000000005
2009,02,24,2,7.99364
2009,02,24,3,8.51576
2009,02,24,4,8.17948
2009,02,24,5,7.55279
2009,02,24,6,7.37348
2009,02,24,7,7.31646
2009,02,25,0,7.13704
2009,02,25,1,6.94616
2009,02,25,2,7.060770000000001
2009,02,25,3,7.66418
2009,02,25,4,7.98664
2009,02,25,5,7.8595500000000005
2009,02,25,6,7.4858
2009,02,25,7,6.81934
2009,02,26,0,6.0969
2009,02,26,1,6.3074200000000005
2009,02,26,2,7.1541999999999994
2009,02,26,3,7.49895
2009,02,26,4,8.149659999999999
2009,02,26,5,7.34767
2009,02,26,6,7.250100000000001
2009,02,26,7,7.3571
2009,02,27,0,7.59454
2009,02,27,1,7.33808
2009,02,27,2,7.06691
2009,02,27,3,7.017810000000001
2009,02,27,4,6.94269
2009,02,27,5,6.96144
2009,02,27,6,6.77397
2009,02,27,7,6.8050500000000005
2009,02,28,0,6.99134
2009,02,28,1,8.78495
2009,02,28,2,7.97075
2009,02,28,3,8.08885
2009,02,28,4,9.33098
2009,02,28,5,10.211
2009,02,28,6,9.95034
2009,02,28,7,10.8569
2009,02,29,0,12.197
2009,02,29,1,13.1372
2009,02,29,2,12.101700000000001
2009,02,29,3,10.839799999999999
2009,02,29,4,10.6292
2009,02,29,5,10.849200000000002
2009,02,29,6,11.266200000000001
2009,02,29,7,13.079799999999999
2009,02,30,0,11.7646
2009,02,30,1,7.1377
2009,02,30,2,3.63146
2009,02,30,3,3.317
2009,02,30,4,4.9112
2009,02,30,5,5.387899999999999
2009,02,30,6,5.0771999999999995
2009,02,30,7,4.6784300000000005
2009,02,1,0,4.17341
2009,02,1,1,4.23978
2009,02,1,2,4.33429
2009,02,1,3,4.30834
2009,02,1,4,4.51383
2009,02,1,5,4.9933000000000005
2009,02,1,6,4.80889
2009,02,1,7,4.6076999999999995
2009,02,2,0,4.91718
2009,02,2,1,4.56331
2009,02,2,2,4.47476
2009,02,2,3,4.6318
2009,02,2,4,4.4783800000000005
2009,02,2,5,4.1260200000000005
2009,02,2,6,4.13705
2009,02,2,7,4.14192
2009,02,3,0,4.518800000000001
2009,02,3,1,5.6029
2009,02,3,2,6.73937
2009,02,3,3,8.853860000000001
2009,02,3,4,11.5864
2009,02,3,5,11.261899999999999
2009,02,3,6,9.324620000000001
2009,02,3,7,7.99326
2009,02,4,0,6.43527
2009,02,4,1,2.77024
2009,02,4,2,5.135689999999999
2009,02,4,3,2.85784
2009,02,4,4,3.7912
2009,02,4,5,5.0152
2009,02,4,6,5.40404
2009,02,4,7,5.50069
2009,02,5,0,5.2365200000000005
2009,02,5,1,5.4211599999999995
2009,02,5,2,6.42471
2009,02,5,3,6.74682
2009,02,5,4,5.98712
2009,02,5,5,6.18462
2009,02,5,6,5.74472
2009,02,5,7,5.62812
2009,02,6,0,5.11203
2009,02,6,1,5.5407399999999996
2009,02,6,2,6.56853
2009,02,6,3,6.84849
2009,02,6,4,6.08117
2009,02,6,5,5.53811
2009,02,6,6,5.4288
2009,02,6,7,5.92755
2009,02,7,0,6.33179
2009,02,7,1,8.98748
2009,02,7,2,5.4115
2009,02,7,3,5.3041
2009,02,7,4,5.41573
2009,02,7,5,5.426819999999999
2009,02,7,6,5.42901
2009,02,7,7,5.2926
2009,02,8,0,5.2786
2009,02,8,1,5.11754
2009,02,8,2,5.13276
2009,02,8,3,5.01983
2009,02,8,4,5.07575
2009,02,8,5,6.00689
2009,02,8,6,6.36166
2009,02,8,7,6.0855500000000005
2009,02,9,0,6.1128800000000005
2009,02,9,1,6.21393
2009,02,9,2,6.7665299999999995
2009,02,9,3,6.89286
2009,02,9,4,6.903989999999999
2009,02,9,5,6.87928
2009,02,9,6,6.53974
2009,02,9,7,6.15862
2009,02,10,0,6.18905
2009,02,10,1,6.44193
2009,02,10,2,6.783939999999999
2009,02,10,3,7.1921800000000005
2009,02,10,4,7.605729999999999
2009,02,10,5,7.91218
2009,02,10,6,7.50516
2009,02,10,7,7.05466
2009,02,11,0,7.3166199999999995
2009,02,11,1,7.70991
2009,02,11,2,8.63833
2009,02,11,3,8.92823
2009,02,11,4,8.36272
2009,02,11,5,8.45723
2009,02,11,6,8.319700000000001
2009,02,11,7,8.39073
2009,02,12,0,9.135209999999999
2009,02,12,1,9.48072
2009,02,12,2,10.3335
2009,02,12,3,10.6286
2009,02,12,4,10.2929
2009,02,12,5,9.93429
2009,02,12,6,10.976600000000001
2009,02,12,7,10.989799999999999
2009,02,13,0,10.305200000000001
2009,02,13,1,10.159799999999999
2009,02,13,2,9.88631
2009,02,13,3,9.92645
2009,02,13,4,12.2435
2009,02,13,5,15.102
2009,02,13,6,18.9569
2009,02,13,7,20.1053
2009,02,14,0,20.5392
2009,02,14,1,21.269299999999998
2009,02,14,2,20.379900000000003
2009,02,14,3,19.5507
2009,02,14,4,17.3933
2009,02,14,5,14.745700000000001
2009,02,14,6,14.0372
2009,02,14,7,12.7435
2009,02,15,0,14.254100000000001
2009,02,15,1,10.1912
2009,02,15,2,8.752799999999999
2009,02,15,3,10.3872
2009,02,15,4,16.1485
2009,02,15,5,14.1324
2009,02,15,6,17.5521
2009,02,15,7,13.5839
2009,02,16,0,13.5566
2009,02,16,1,12.2334
2009,02,16,2,12.3264
2009,02,16,3,13.2988
2009,02,16,4,13.4283
2009,02,16,5,12.9376
2009,02,16,6,12.519200000000001
2009,02,16,7,12.1256
2009,02,17,0,12.05
2009,02,17,1,11.1622
2009,02,17,2,10.1359
2009,02,17,3,10.4367
2009,02,17,4,10.131200000000002
2009,02,17,5,9.975790000000002
2009,02,17,6,10.4249
2009,02,17,7,11.4543
2009,02,18,0,12.7687
2009,02,18,1,12.8355
2009,02,18,2,12.750200000000001
2009,02,18,3,12.468200000000001
2009,02,18,4,11.871799999999999
2009,02,18,5,11.678
2009,02,18,6,11.2524
2009,02,18,7,11.2581
2009,02,19,0,11.218399999999999
2009,02,19,1,12.0678
2009,02,19,2,8.94392
2009,02,19,3,7.47195
2009,02,19,4,8.40893
2009,02,19,5,7.91378
2009,02,19,6,7.19919
2009,02,19,7,6.54551
2009,02,20,0,7.72129
2009,02,20,1,8.7081
2009,02,20,2,9.336649999999999
2009,02,20,3,10.117
2009,02,20,4,9.18197
2009,02,20,5,8.23555
2009,02,20,6,7.83074
2009,02,20,7,7.32226
2009,02,21,0,7.46539
2009,02,21,1,8.13409
2009,02,21,2,8.797139999999999
2009,02,21,3,8.82349
2009,02,21,4,8.67914
2009,02,21,5,7.67413
2009,02,21,6,8.35987
2009,02,21,7,8.93257
2009,02,22,0,7.99399
2009,02,22,1,7.6046499999999995
2009,02,22,2,7.46416
2009,02,22,3,8.299059999999999
2009,02,22,4,9.23998
2009,02,22,5,9.40157
2009,02,22,6,10.052299999999999
2009,02,22,7,10.0547
2009,02,23,0,9.34261
2009,02,23,1,8.728530000000001
2009,02,23,2,8.94743
2009,02,23,3,9.60398
2009,02,23,4,9.86181
2009,02,23,5,10.4967
2009,02,23,6,13.4854
2009,02,23,7,14.471200000000001
2009,02,24,0,13.804799999999998
2009,02,24,1,12.2334
2009,02,24,2,11.3265
2009,02,24,3,11.0297
2009,02,24,4,12.029
2009,02,24,5,10.331100000000001
2009,02,24,6,9.59685
2009,02,24,7,9.77465
2009,02,25,0,11.007
2009,02,25,1,12.952
2009,02,25,2,11.6562
2009,02,25,3,8.92502
2009,02,25,4,7.3945
2009,02,25,5,7.75005
2009,02,25,6,6.2118400000000005
2009,02,25,7,5.32779
2009,02,26,0,5.47992
2009,02,26,1,7.07704
2009,02,26,2,7.72683
2009,02,26,3,8.04152
2009,02,26,4,8.03434
2009,02,26,5,8.11047
2009,02,26,6,8.223559999999999
2009,02,26,7,8.349879999999999
2009,02,27,0,8.31166
2009,02,27,1,7.97475
2009,02,27,2,9.459430000000001
2009,02,27,3,10.3894
2009,02,27,4,7.04147
2009,02,27,5,5.87686
2009,02,27,6,5.41548
2009,02,27,7,5.41303
2009,02,28,0,3.76338
2009,02,28,1,3.3364000000000003
2009,02,28,2,4.08898
2009,02,28,3,4.83245
2009,02,28,4,3.96743
2009,02,28,5,3.2736199999999998
2009,02,28,6,3.0829299999999997
2009,02,28,7,3.4356999999999998
2009,02,29,0,3.47602
2009,02,29,1,3.80911
2009,02,29,2,4.15558
2009,02,29,3,4.71867
2009,02,29,4,4.93163
2009,02,29,5,6.30967
2009,02,29,6,7.16722
2009,02,29,7,9.69082
2009,02,30,0,11.4237
2009,02,30,1,12.8926
2009,02,30,2,13.619
2009,02,30,3,13.8645
2009,02,30,4,12.5417
2009,02,30,5,10.9826
2009,02,30,6,8.85795
2009,02,30,7,7.95353
2009,02,31,0,7.57951
2009,02,31,1,7.5035
2009,02,31,2,7.08572
2009,02,31,3,5.44418
2009,02,31,4,3.87775
2009,02,31,5,4.28031
2009,02,31,6,7.257359999999999
2009,02,31,7,6.48598
2009,02,1,0,5.94537
2009,02,1,1,5.45221
2009,02,1,2,5.363149999999999
2009,02,1,3,5.57808
2009,02,1,4,5.94326
2009,02,1,5,6.250520000000001
2009,02,1,6,6.50845
2009,02,1,7,6.97471
2009,02,2,0,7.06076
2009,02,2,1,6.759270000000001
2009,02,2,2,6.38284
2009,02,2,3,6.14157
2009,02,2,4,6.058949999999999
2009,02,2,5,6.49667
2009,02,2,6,6.3822600000000005
2009,02,2,7,6.71729
2009,02,3,0,6.72194
2009,02,3,1,6.3564099999999994
2009,02,3,2,6.0773
2009,02,3,3,5.97948
2009,02,3,4,6.389
2009,02,3,5,6.1457299999999995
2009,02,3,6,5.48489
2009,02,3,7,5.09518
2009,02,4,0,5.48461
2009,02,4,1,5.53658
2009,02,4,2,5.2290600000000005
2009,02,4,3,5.027609999999999
2009,02,4,4,5.12078
2009,02,4,5,5.52061
2009,02,4,6,5.61171
2009,02,4,7,6.61832
2009,02,5,0,7.72572
2009,02,5,1,8.242379999999999
2009,02,5,2,6.61104
2009,02,5,3,5.50207
2009,02,5,4,5.7085799999999995
2009,02,5,5,6.18917
2009,02,5,6,5.86688
2009,02,5,7,5.57401
2009,02,6,0,5.40918
2009,02,6,1,5.75467
2009,02,6,2,4.84839
2009,02,6,3,3.93295
2009,02,6,4,3.39915
2009,02,6,5,4.11533
2009,02,6,6,5.29767
2009,02,6,7,6.10037
2009,02,7,0,6.42651
2009,02,7,1,5.88671
2009,02,7,2,6.02811
2009,02,7,3,5.94688
2009,02,7,4,6.491350000000001
2009,02,7,5,6.51637
2009,02,7,6,7.2694399999999995
2009,02,7,7,6.261609999999999
2009,02,8,0,5.74737
2009,02,8,1,6.24084
2009,02,8,2,5.8626499999999995
2009,02,8,3,6.19358
2009,02,8,4,6.2412
2009,02,8,5,6.31308
2009,02,8,6,6.07013
2009,02,8,7,6.21234
2009,02,9,0,5.83185
2009,02,9,1,5.3412299999999995
2009,02,9,2,5.21382
2009,02,9,3,5.1684399999999995
2009,02,9,4,5.186319999999999
2009,02,9,5,5.04911
2009,02,9,6,5.87955
2009,02,9,7,6.16529
2009,02,10,0,6.2171199999999995
2009,02,10,1,6.71446
2009,02,10,2,6.16215
2009,02,10,3,5.38516
2009,02,10,4,5.4398800000000005
2009,02,10,5,5.91229
2009,02,10,6,6.23987
2009,02,10,7,5.738149999999999
2009,02,11,0,5.56374
2009,02,11,1,6.15712
2009,02,11,2,5.87845
2009,02,11,3,6.0668
2009,02,11,4,7.37047
2009,02,11,5,7.88776
2009,02,11,6,8.335700000000001
2009,02,11,7,8.80749
2009,02,12,0,8.997110000000001
2009,02,12,1,9.63138
2009,02,12,2,10.847100000000001
2009,02,12,3,10.81
2009,02,12,4,9.39626
2009,02,12,5,8.72022
2009,02,12,6,10.1145
2009,02,12,7,11.5489
2009,02,13,0,12.517700000000001
2009,02,13,1,12.641200000000001
2009,02,13,2,11.469299999999999
2009,02,13,3,9.53818
2009,02,13,4,7.423109999999999
2009,02,13,5,6.77496
2009,02,13,6,6.78329
2009,02,13,7,6.5980799999999995
2009,02,14,0,6.86195
2009,02,14,1,7.31139
2009,02,14,2,7.70198
2009,02,14,3,5.40777
2009,02,14,4,5.264
2009,02,14,5,5.22699
2009,02,14,6,5.48086
2009,02,14,7,5.3406199999999995
2009,02,15,0,4.99804
2009,02,15,1,4.18907
2009,02,15,2,3.43877
2009,02,15,3,3.45961
2009,02,15,4,3.7220500000000003
2009,02,15,5,4.085
2009,02,15,6,4.45063
2009,02,15,7,5.20592
2009,02,16,0,5.567729999999999
2009,02,16,1,5.67528
2009,02,16,2,5.68628
2009,02,16,3,5.10043
2009,02,16,4,4.465229999999999
2009,02,16,5,4.26597
2009,02,16,6,3.8088200000000003
2009,02,16,7,4.39893
2009,02,17,0,4.5185900000000006
2009,02,17,1,4.558140000000001
2009,02,17,2,4.52028
2009,02,17,3,4.35154
2009,02,17,4,4.16432
2009,02,17,5,4.076
2009,02,17,6,4.27379
2009,02,17,7,4.64981
2009,02,18,0,4.85942
2009,02,18,1,4.74874
2009,02,18,2,4.36341
2009,02,18,3,4.3628100000000005
2009,02,18,4,4.27306
2009,02,18,5,4.44817
2009,02,18,6,4.79847
2009,02,18,7,5.25101
2009,02,19,0,6.6391
2009,02,19,1,6.38699
2009,02,19,2,5.5359
2009,02,19,3,4.761520000000001
2009,02,19,4,3.60519
2009,02,19,5,2.58443
2009,02,19,6,2.14398
2009,02,19,7,2.7544
2009,02,20,0,2.84661
2009,02,20,1,2.79415
2009,02,20,2,2.87945
2009,02,20,3,2.98475
2009,02,20,4,2.8970599999999997
2009,02,20,5,2.88788
2009,02,20,6,3.3535500000000003
2009,02,20,7,3.75436
2009,02,21,0,3.84523
2009,02,21,1,5.240819999999999
2009,02,21,2,6.25241
2009,02,21,3,6.82937
2009,02,21,4,7.026020000000001
2009,02,21,5,6.51483
2009,02,21,6,5.75767
2009,02,21,7,4.651350000000001
2009,02,22,0,4.89298
2009,02,22,1,4.85094
2009,02,22,2,5.4338999999999995
2009,02,22,3,7.1519200000000005
2009,02,22,4,5.7726999999999995
2009,02,22,5,5.69494
2009,02,22,6,7.244560000000001
2009,02,22,7,8.43123
2009,02,23,0,8.37654
2009,02,23,1,7.893
2009,02,23,2,7.17004
2009,02,23,3,7.009720000000001
2009,02,23,4,6.14136
2009,02,23,5,5.4197
2009,02,23,6,5.8807
2009,02,23,7,6.14724
2009,02,24,0,5.88077
2009,02,24,1,5.07641
2009,02,24,2,4.74733
2009,02,24,3,4.39114
2009,02,24,4,4.19989
2009,02,24,5,4.76606
2009,02,24,6,5.8171800000000005
2009,02,24,7,6.7239700000000004
2009,02,25,0,7.23388
2009,02,25,1,7.21496
2009,02,25,2,7.29521
2009,02,25,3,7.57706
2009,02,25,4,8.09254
2009,02,25,5,8.11373
2009,02,25,6,7.61808
2009,02,25,7,7.0444700000000005
2009,02,26,0,6.40272
2009,02,26,1,5.317159999999999
2009,02,26,2,4.46212
2009,02,26,3,3.42977
2009,02,26,4,3.09398
2009,02,26,5,2.7280300000000004
2009,02,26,6,2.5508699999999997
2009,02,26,7,3.17174
2009,02,27,0,3.3488
2009,02,27,1,3.6738600000000003
2009,02,27,2,3.91255
2009,02,27,3,4.17241
2009,02,27,4,4.87626
2009,02,27,5,5.58666
2009,02,27,6,5.55639
2009,02,27,7,5.96357
2009,02,28,0,6.10625
2009,02,28,1,7.53766
2009,02,28,2,7.414359999999999
2009,02,28,3,8.63761
2009,02,28,4,8.992049999999999
2009,02,28,5,9.20968
2009,02,28,6,9.12186
2009,02,28,7,9.15205
2009,02,29,0,9.33224
2009,02,29,1,8.35402
2009,02,29,2,7.0528900000000005
2009,02,29,3,5.122859999999999
2009,02,29,4,4.29395
2009,02,29,5,3.40645
2009,02,29,6,3.47427
2009,02,29,7,3.77226
2009,02,30,0,4.3652299999999995
2009,02,30,1,4.394909999999999
2009,02,30,2,4.59882
2009,02,30,3,4.4578
2009,02,30,4,4.18933
2009,02,30,5,4.05848
2009,02,30,6,3.61969
2009,02,30,7,3.61021
2009,02,1,0,3.83754
2009,02,1,1,4.45022
2009,02,1,2,5.14223
2009,02,1,3,5.49069
2009,02,1,4,5.64853
2009,02,1,5,5.63876
2009,02,1,6,6.27666
2009,02,1,7,6.58476
2009,02,2,0,5.99578
2009,02,2,1,5.35375
2009,02,2,2,4.59324
2009,02,2,3,4.4436
2009,02,2,4,4.28015
2009,02,2,5,4.21589
2009,02,2,6,3.7891999999999997
2009,02,2,7,4.2221
2009,02,3,0,4.52676
2009,02,3,1,4.07466
2009,02,3,2,3.6906
2009,02,3,3,3.10731
2009,02,3,4,2.7065799999999998
2009,02,3,5,2.17974
2009,02,3,6,2.4440500000000003
2009,02,3,7,2.7888200000000003
2009,02,4,0,3.01294
2009,02,4,1,3.21772
2009,02,4,2,2.89287
2009,02,4,3,2.45564
2009,02,4,4,2.3676500000000003
2009,02,4,5,2.60517
2009,02,4,6,3.27879
2009,02,4,7,3.83226
2009,02,5,0,4.27027
2009,02,5,1,4.85365
2009,02,5,2,5.418270000000001
2009,02,5,3,4.85267
2009,02,5,4,8.55987
2009,02,5,5,6.93513
2009,02,5,6,4.20118
2009,02,5,7,3.8680100000000004
2009,02,6,0,4.189229999999999
2009,02,6,1,3.6058600000000003
2009,02,6,2,2.77106
2009,02,6,3,2.94624
2009,02,6,4,2.44798
2009,02,6,5,2.2301599999999997
2009,02,6,6,2.27538
2009,02,6,7,2.37262
2009,02,7,0,3.20194
2009,02,7,1,3.78827
2009,02,7,2,4.04602
2009,02,7,3,4.19283
2009,02,7,4,4.80625
2009,02,7,5,6.197
2009,02,7,6,7.3761
2009,02,7,7,8.08469
2009,02,8,0,6.80168
2009,02,8,1,4.38599
2009,02,8,2,3.05382
2009,02,8,3,2.6238
2009,02,8,4,1.96923
2009,02,8,5,2.1401
2009,02,8,6,2.5953000000000004
2009,02,8,7,3.42554
2009,02,9,0,4.44359
2009,02,9,1,4.826
2009,02,9,2,4.90204
2009,02,9,3,3.78092
2009,02,9,4,2.84973
2009,02,9,5,2.50012
2009,02,9,6,2.5787199999999997
2009,02,9,7,2.2688800000000002
2009,02,10,0,3.04409
2009,02,10,1,3.76152
2009,02,10,2,4.17222
2009,02,10,3,4.821149999999999
2009,02,10,4,5.89675
2009,02,10,5,7.36491
2009,02,10,6,8.5952
2009,02,10,7,9.04967
2009,02,11,0,9.7295
2009,02,11,1,10.2953
2009,02,11,2,9.91334
2009,02,11,3,10.4312
2009,02,11,4,10.6982
2009,02,11,5,10.1824
2009,02,11,6,10.222299999999999
2009,02,11,7,8.548879999999999
2009,02,12,0,9.624319999999999
2009,02,12,1,9.344940000000001
2009,02,12,2,8.52267
2009,02,12,3,9.24534
2009,02,12,4,8.752120000000001
2009,02,12,5,8.65941
2009,02,12,6,9.48249
2009,02,12,7,11.0968
2009,02,13,0,11.269
2009,02,13,1,12.864
2009,02,13,2,10.8572
2009,02,13,3,8.00639
2009,02,13,4,7.39425
2009,02,13,5,6.482939999999999
2009,02,13,6,6.9962
2009,02,13,7,7.03055
2009,02,14,0,7.1895299999999995
2009,02,14,1,7.215520000000001
2009,02,14,2,7.116689999999999
2009,02,14,3,6.9025799999999995
2009,02,14,4,6.42298
2009,02,14,5,6.2005799999999995
2009,02,14,6,6.17067
2009,02,14,7,6.1226400000000005
2009,02,15,0,6.23112
2009,02,15,1,7.0722
2009,02,15,2,7.056109999999999
2009,02,15,3,6.651560000000001
2009,02,15,4,6.56792
2009,02,15,5,7.44916
2009,02,15,6,8.72075
2009,02,15,7,9.36395
2009,02,16,0,10.4185
2009,02,16,1,11.23
2009,02,16,2,9.669030000000001
2009,02,16,3,6.815300000000001
2009,02,16,4,6.00069
2009,02,16,5,5.20687
2009,02,16,6,5.23418
2009,02,16,7,5.95674
2009,02,17,0,7.32809
2009,02,17,1,8.73037
2009,02,17,2,9.39476
2009,02,17,3,8.78902
2009,02,17,4,9.24577
2009,02,17,5,9.10326
2009,02,17,6,8.982149999999999
2009,02,17,7,8.79973
2009,02,18,0,8.65086
2009,02,18,1,8.73908
2009,02,18,2,7.7598199999999995
2009,02,18,3,6.98708
2009,02,18,4,6.611689999999999
2009,02,18,5,7.0688699999999995
2009,02,18,6,7.049060000000001
2009,02,18,7,6.10834
2009,02,19,0,6.2944700000000005
2009,02,19,1,6.835640000000001
2009,02,19,2,6.18448
2009,02,19,3,6.0684499999999995
2009,02,19,4,6.57433
2009,02,19,5,6.910220000000001
2009,02,19,6,6.63133
2009,02,19,7,6.7492600000000005
2009,02,20,0,6.96956
2009,02,20,1,6.91417
2009,02,20,2,6.69128
2009,02,20,3,6.495640000000001
2009,02,20,4,6.392600000000001
2009,02,20,5,6.37951
2009,02,20,6,7.84565
2009,02,20,7,9.05258
2009,02,21,0,8.29605
2009,02,21,1,6.66542
2009,02,21,2,5.874560000000001
2009,02,21,3,5.62895
2009,02,21,4,5.32403
2009,02,21,5,5.40987
2009,02,21,6,6.16946
2009,02,21,7,9.42825
2009,02,22,0,9.45101
2009,02,22,1,8.63238
2009,02,22,2,8.08408
2009,02,22,3,7.65796
2009,02,22,4,6.2853
2009,02,22,5,4.04752
2009,02,22,6,4.44264
2009,02,22,7,3.3783600000000003
2009,02,23,0,3.1509
2009,02,23,1,3.63356
2009,02,23,2,3.80179
2009,02,23,3,4.30551
2009,02,23,4,3.81896
2009,02,23,5,3.76815
2009,02,23,6,3.73508
2009,02,23,7,3.95762
2009,02,24,0,3.64242
2009,02,24,1,3.5745999999999998
2009,02,24,2,4.1391
2009,02,24,3,4.23346
2009,02,24,4,4.372310000000001
2009,02,24,5,4.4850699999999994
2009,02,24,6,4.30713
2009,02,24,7,4.54212
2009,02,25,0,4.65263
2009,02,25,1,5.02491
2009,02,25,2,5.24308
2009,02,25,3,5.17109
2009,02,25,4,5.14393
2009,02,25,5,4.62399
2009,02,25,6,3.9208000000000003
2009,02,25,7,4.21763
2009,02,26,0,4.6456
2009,02,26,1,5.45033
2009,02,26,2,5.92475
2009,02,26,3,6.18212
2009,02,26,4,6.29126
2009,02,26,5,6.28923
2009,02,26,6,6.23469
2009,02,26,7,6.85339
2009,02,27,0,7.46526
2009,02,27,1,7.90354
2009,02,27,2,7.06189
2009,02,27,3,6.30184
2009,02,27,4,6.248819999999999
2009,02,27,5,6.141439999999999
2009,02,27,6,5.99713
2009,02,27,7,5.88818
2009,02,28,0,6.1056099999999995
2009,02,28,1,6.397189999999999
2009,02,28,2,6.63997
2009,02,28,3,6.703390000000001
2009,02,28,4,6.57628
2009,02,28,5,6.67395
2009,02,28,6,6.79863
2009,02,28,7,7.20429
2009,02,29,0,7.40833
2009,02,29,1,7.4876499999999995
2009,02,29,2,7.36927
2009,02,29,3,7.40724
2009,02,29,4,7.63475
2009,02,29,5,6.95289
2009,02,29,6,6.0303
2009,02,29,7,5.52862
2009,02,30,0,5.8243100000000005
2009,02,30,1,8.08685
2009,02,30,2,9.21666
2009,02,30,3,10.7746
2009,02,30,4,11.1688
2009,02,30,5,10.6861
2009,02,30,6,9.73512
2009,02,30,7,8.15584
2009,02,31,0,6.92436
2009,02,31,1,7.36967
2009,02,31,2,8.20485
2009,02,31,3,8.68961
2009,02,31,4,9.285639999999999
2009,02,31,5,9.98549
2009,02,31,6,10.5135
2009,02,31,7,11.111799999999999
2010,02,1,0,11.8232
2010,02,1,1,11.356200000000001
2010,02,1,2,9.98677
2010,02,1,3,9.847389999999999
2010,02,1,4,10.0115
2010,02,1,5,11.1184
2010,02,1,6,11.1597
2010,02,1,7,11.1358
2010,02,2,0,11.308399999999999
2010,02,2,1,11.0095
2010,02,2,2,8.300690000000001
2010,02,2,3,7.59338
2010,02,2,4,6.142930000000001
2010,02,2,5,2.454
2010,02,2,6,1.86004
2010,02,2,7,3.2201999999999997
2010,02,3,0,3.86885
2010,02,3,1,3.8075799999999997
2010,02,3,2,3.8701
2010,02,3,3,3.79418
2010,02,3,4,3.79938
2010,02,3,5,4.01305
2010,02,3,6,4.364649999999999
2010,02,3,7,5.17932
2010,02,4,0,5.72288
2010,02,4,1,5.52735
2010,02,4,2,5.257359999999999
2010,02,4,3,4.20366
2010,02,4,4,3.1865799999999997
2010,02,4,5,3.32098
2010,02,4,6,3.6760300000000004
2010,02,4,7,4.556310000000001
2010,02,5,0,5.43486
2010,02,5,1,5.70237
2010,02,5,2,5.46008
2010,02,5,3,5.12038
2010,02,5,4,4.87449
2010,02,5,5,4.64169
2010,02,5,6,4.73379
2010,02,5,7,6.2366
2010,02,6,0,8.04468
2010,02,6,1,9.948
2010,02,6,2,10.282
2010,02,6,3,10.585600000000001
2010,02,6,4,9.93741
2010,02,6,5,9.415049999999999
2010,02,6,6,9.31613
2010,02,6,7,9.48299
2010,02,7,0,9.8786
2010,02,7,1,10.3169
2010,02,7,2,11.072299999999998
2010,02,7,3,11.819700000000001
2010,02,7,4,12.3479
2010,02,7,5,12.191799999999999
2010,02,7,6,12.264700000000001
2010,02,7,7,11.530700000000001
2010,02,8,0,11.3928
2010,02,8,1,11.533
2010,02,8,2,11.726299999999998
2010,02,8,3,11.796299999999999
2010,02,8,4,11.9491
2010,02,8,5,12.4359
2010,02,8,6,13.0743
2010,02,8,7,13.042
2010,02,9,0,12.545
2010,02,9,1,12.3248
2010,02,9,2,12.3101
2010,02,9,3,12.5332
2010,02,9,4,11.818299999999999
2010,02,9,5,11.4315
2010,02,9,6,11.9233
2010,02,9,7,12.0205
2010,02,10,0,11.992700000000001
2010,02,10,1,17.5435
2010,02,10,2,13.6271
2010,02,10,3,11.6141
2010,02,10,4,9.194379999999999
2010,02,10,5,9.00873
2010,02,10,6,8.828209999999999
2010,02,10,7,8.857940000000001
2010,02,11,0,8.431809999999999
2010,02,11,1,8.27477
2010,02,11,2,7.8673
2010,02,11,3,7.94341
2010,02,11,4,8.54734
2010,02,11,5,9.2514
2010,02,11,6,9.90318
2010,02,11,7,9.031559999999999
2010,02,12,0,9.24113
2010,02,12,1,10.246799999999999
2010,02,12,2,10.46
2010,02,12,3,10.1765
2010,02,12,4,11.9558
2010,02,12,5,6.89575
2010,02,12,6,6.745010000000001
2010,02,12,7,8.92891
2010,02,13,0,9.83811
2010,02,13,1,8.708129999999999
2010,02,13,2,8.17578
2010,02,13,3,11.0602
2010,02,13,4,11.6934
2010,02,13,5,9.788870000000001
2010,02,13,6,9.0365
2010,02,13,7,5.56109
2010,02,14,0,4.82799
2010,02,14,1,4.89561
2010,02,14,2,5.608689999999999
2010,02,14,3,5.64442
2010,02,14,4,5.34387
2010,02,14,5,4.81117
2010,02,14,6,5.723520000000001
2010,02,14,7,5.0748999999999995
2010,02,15,0,5.44924
2010,02,15,1,4.92396
2010,02,15,2,5.17966
2010,02,15,3,4.88076
2010,02,15,4,5.42328
2010,02,15,5,5.95076
2010,02,15,6,5.9798
2010,02,15,7,5.91796
2010,02,16,0,5.97667
2010,02,16,1,5.98698
2010,02,16,2,5.96893
2010,02,16,3,5.66779
2010,02,16,4,5.07919
2010,02,16,5,4.728680000000001
2010,02,16,6,5.2254499999999995
2010,02,16,7,5.7174499999999995
2010,02,17,0,6.0543000000000005
2010,02,17,1,7.05291
2010,02,17,2,7.5208699999999995
2010,02,17,3,7.89484
2010,02,17,4,8.84972
2010,02,17,5,10.342600000000001
2010,02,17,6,11.0625
2010,02,17,7,11.866100000000001
2010,02,18,0,11.8219
2010,02,18,1,10.158
2010,02,18,2,10.6784
2010,02,18,3,11.279200000000001
2010,02,18,4,11.5782
2010,02,18,5,11.8881
2010,02,18,6,13.731200000000001
2010,02,18,7,14.860299999999999
2010,02,19,0,13.787700000000001
2010,02,19,1,5.35254
2010,02,19,2,3.41378
2010,02,19,3,4.8076099999999995
2010,02,19,4,6.03311
2010,02,19,5,6.17561
2010,02,19,6,6.93909
2010,02,19,7,7.393470000000001
2010,02,20,0,8.94078
2010,02,20,1,8.07962
2010,02,20,2,6.042350000000001
2010,02,20,3,5.387149999999999
2010,02,20,4,5.886010000000001
2010,02,20,5,8.07529
2010,02,20,6,9.966940000000001
2010,02,20,7,10.4862
2010,02,21,0,10.8122
2010,02,21,1,9.315010000000001
2010,02,21,2,5.24683
2010,02,21,3,3.20532
2010,02,21,4,4.20726
2010,02,21,5,4.31646
2010,02,21,6,5.55821
2010,02,21,7,10.9035
2010,02,22,0,11.3338
2010,02,22,1,8.226450000000002
2010,02,22,2,6.1347
2010,02,22,3,6.39762
2010,02,22,4,4.819850000000001
2010,02,22,5,3.8209299999999997
2010,02,22,6,4.56364
2010,02,22,7,6.093
2010,02,23,0,5.7714099999999995
2010,02,23,1,5.53533
2010,02,23,2,5.5334200000000004
2010,02,23,3,4.84776
2010,02,23,4,4.8688199999999995
2010,02,23,5,4.54802
2010,02,23,6,4.49021
2010,02,23,7,4.834770000000001
2010,02,24,0,5.2198
2010,02,24,1,5.00689
2010,02,24,2,5.481739999999999
2010,02,24,3,5.73955
2010,02,24,4,5.93043
2010,02,24,5,6.26801
2010,02,24,6,7.3583
2010,02,24,7,8.52602
2010,02,25,0,10.0525
2010,02,25,1,11.4305
2010,02,25,2,11.9305
2010,02,25,3,11.4323
2010,02,25,4,9.84237
2010,02,25,5,9.735059999999999
2010,02,25,6,10.171299999999999
2010,02,25,7,11.2332
2010,02,26,0,11.6688
2010,02,26,1,11.0647
2010,02,26,2,9.005840000000001
2010,02,26,3,7.38054
2010,02,26,4,7.61918
2010,02,26,5,7.68043
2010,02,26,6,8.44915
2010,02,26,7,9.27026
2010,02,27,0,10.296899999999999
2010,02,27,1,10.485700000000001
2010,02,27,2,10.1905
2010,02,27,3,10.218
2010,02,27,4,10.212
2010,02,27,5,8.64965
2010,02,27,6,7.914890000000001
2010,02,27,7,7.36706
2010,02,28,0,6.92521
2010,02,28,1,6.27196
2010,02,28,2,5.85663
2010,02,28,3,6.09953
2010,02,28,4,6.2056000000000004
2010,02,28,5,6.27082
2010,02,28,6,6.62854
2010,02,28,7,6.88812
2010,02,29,0,7.004479999999999
2010,02,29,1,6.043010000000001
2010,02,29,2,6.16198
2010,02,29,3,6.30785
2010,02,29,4,6.931310000000001
2010,02,29,5,8.261989999999999
2010,02,29,6,9.85804
2010,02,29,7,11.2786
2010,02,30,0,10.209299999999999
2010,02,30,1,7.924189999999999
2010,02,30,2,7.23945
2010,02,30,3,7.3421899999999996
2010,02,30,4,7.27065
2010,02,30,5,7.00873
2010,02,30,6,6.56759
2010,02,30,7,6.008850000000001
2010,02,31,0,5.85875
2010,02,31,1,6.063470000000001
2010,02,31,2,6.43467
2010,02,31,3,7.31925
2010,02,31,4,7.4517
2010,02,31,5,7.4524799999999995
2010,02,31,6,7.4248
2010,02,31,7,7.60149
2010,02,1,0,7.49541
2010,02,1,1,7.6501
2010,02,1,2,7.30504
2010,02,1,3,6.76924
2010,02,1,4,6.61704
2010,02,1,5,6.7389399999999995
2010,02,1,6,7.49321
2010,02,1,7,8.54767
2010,02,2,0,9.04697
2010,02,2,1,9.44864
2010,02,2,2,8.264149999999999
2010,02,2,3,7.2125
2010,02,2,4,7.65047
2010,02,2,5,7.2522
2010,02,2,6,7.206180000000001
2010,02,2,7,7.55436
2010,02,3,0,7.41442
2010,02,3,1,7.7910900000000005
2010,02,3,2,8.25012
2010,02,3,3,8.24008
2010,02,3,4,7.19587
2010,02,3,5,6.58841
2010,02,3,6,6.18684
2010,02,3,7,5.12261
2010,02,4,0,5.5922
2010,02,4,1,6.3840900000000005
2010,02,4,2,7.25936
2010,02,4,3,7.19513
2010,02,4,4,7.7591
2010,02,4,5,7.94571
2010,02,4,6,9.199209999999999
2010,02,4,7,10.4058
2010,02,5,0,10.3095
2010,02,5,1,10.6974
2010,02,5,2,11.3623
2010,02,5,3,10.4922
2010,02,5,4,9.61625
2010,02,5,5,9.77707
2010,02,5,6,10.6485
2010,02,5,7,12.2437
2010,02,6,0,12.9224
2010,02,6,1,11.039299999999999
2010,02,6,2,10.2497
2010,02,6,3,9.689620000000001
2010,02,6,4,10.0755
2010,02,6,5,10.539200000000001
2010,02,6,6,10.664399999999999
2010,02,6,7,11.3695
2010,02,7,0,11.5895
2010,02,7,1,11.244
2010,02,7,2,9.73946
2010,02,7,3,8.030100000000001
2010,02,7,4,8.3898
2010,02,7,5,9.32575
2010,02,7,6,9.740129999999999
2010,02,7,7,8.31517
2010,02,8,0,9.04234
2010,02,8,1,9.244159999999999
2010,02,8,2,8.67756
2010,02,8,3,7.9470600000000005
2010,02,8,4,7.425949999999999
2010,02,8,5,6.91763
2010,02,8,6,6.46372
2010,02,8,7,5.71774
2010,02,9,0,5.57369
2010,02,9,1,5.6206000000000005
2010,02,9,2,6.05699
2010,02,9,3,7.42976
2010,02,9,4,8.693629999999999
2010,02,9,5,8.88426
2010,02,9,6,8.12407
2010,02,9,7,7.64269
2010,02,10,0,8.70162
2010,02,10,1,9.230879999999999
2010,02,10,2,9.14899
2010,02,10,3,8.74918
2010,02,10,4,8.25548
2010,02,10,5,7.22032
2010,02,10,6,6.0906199999999995
2010,02,10,7,5.26392
2010,02,11,0,5.14606
2010,02,11,1,5.99964
2010,02,11,2,7.03848
2010,02,11,3,7.14752
2010,02,11,4,7.23342
2010,02,11,5,6.72314
2010,02,11,6,7.45284
2010,02,11,7,8.218969999999999
2010,02,12,0,9.14018
2010,02,12,1,8.42864
2010,02,12,2,7.902229999999999
2010,02,12,3,7.4954600000000005
2010,02,12,4,6.9257100000000005
2010,02,12,5,6.220020000000001
2010,02,12,6,6.03195
2010,02,12,7,4.90421
2010,02,13,0,5.15342
2010,02,13,1,5.54278
2010,02,13,2,5.4287
2010,02,13,3,5.256390000000001
2010,02,13,4,5.33346
2010,02,13,5,5.79835
2010,02,13,6,5.69065
2010,02,13,7,6.15123
2010,02,14,0,5.88408
2010,02,14,1,5.57438
2010,02,14,2,5.40327
2010,02,14,3,5.49052
2010,02,14,4,5.569229999999999
2010,02,14,5,5.366359999999999
2010,02,14,6,5.17478
2010,02,14,7,4.85705
2010,02,15,0,5.00038
2010,02,15,1,5.00514
2010,02,15,2,5.6864799999999995
2010,02,15,3,6.41266
2010,02,15,4,7.05368
2010,02,15,5,6.68098
2010,02,15,6,5.97757
2010,02,15,7,5.693029999999999
2010,02,16,0,5.51916
2010,02,16,1,5.2896
2010,02,16,2,5.344399999999999
2010,02,16,3,5.46148
2010,02,16,4,5.79636
2010,02,16,5,6.49348
2010,02,16,6,6.96234
2010,02,16,7,7.05544
2010,02,17,0,7.69543
2010,02,17,1,8.795209999999999
2010,02,17,2,9.86584
2010,02,17,3,10.330200000000001
2010,02,17,4,9.8876
2010,02,17,5,8.32794
2010,02,17,6,7.7249799999999995
2010,02,17,7,7.14612
2010,02,18,0,7.15703
2010,02,18,1,7.64571
2010,02,18,2,7.9503
2010,02,18,3,7.75224
2010,02,18,4,6.94232
2010,02,18,5,6.2045200000000005
2010,02,18,6,5.938680000000001
2010,02,18,7,5.4527
2010,02,19,0,5.95776
2010,02,19,1,7.19267
2010,02,19,2,7.82422
2010,02,19,3,7.59965
2010,02,19,4,6.52712
2010,02,19,5,6.21219
2010,02,19,6,6.86289
2010,02,19,7,7.87521
2010,02,20,0,8.94214
2010,02,20,1,10.5446
2010,02,20,2,12.5923
2010,02,20,3,11.5442
2010,02,20,4,9.05114
2010,02,20,5,7.86208
2010,02,20,6,8.03777
2010,02,20,7,8.42609
2010,02,21,0,8.81856
2010,02,21,1,8.03431
2010,02,21,2,6.39529
2010,02,21,3,5.48557
2010,02,21,4,5.2091199999999995
2010,02,21,5,5.28472
2010,02,21,6,5.753430000000001
2010,02,21,7,6.36254
2010,02,22,0,7.11341
2010,02,22,1,8.77645
2010,02,22,2,8.70214
2010,02,22,3,7.07378
2010,02,22,4,4.79708
2010,02,22,5,3.02394
2010,02,22,6,2.46379
2010,02,22,7,2.32138
2010,02,23,0,2.3378200000000002
2010,02,23,1,2.21475
2010,02,23,2,2.14811
2010,02,23,3,2.12719
2010,02,23,4,2.31565
2010,02,23,5,2.9379
2010,02,23,6,3.90402
2010,02,23,7,5.55377
2010,02,24,0,8.54206
2010,02,24,1,9.85562
2010,02,24,2,10.3811
2010,02,24,3,11.5908
2010,02,24,4,12.0298
2010,02,24,5,12.5754
2010,02,24,6,13.0075
2010,02,24,7,10.1868
2010,02,25,0,9.272020000000001
2010,02,25,1,9.23119
2010,02,25,2,9.39549
2010,02,25,3,8.30181
2010,02,25,4,6.95409
2010,02,25,5,6.29148
2010,02,25,6,6.18019
2010,02,25,7,6.26124
2010,02,26,0,6.64683
2010,02,26,1,6.58484
2010,02,26,2,6.6469499999999995
2010,02,26,3,7.44535
2010,02,26,4,7.99046
2010,02,26,5,7.94627
2010,02,26,6,7.17996
2010,02,26,7,7.83841
2010,02,27,0,8.52672
2010,02,27,1,8.415149999999999
2010,02,27,2,9.102469999999999
2010,02,27,3,11.887799999999999
2010,02,27,4,12.005600000000001
2010,02,27,5,11.1022
2010,02,27,6,9.24518
2010,02,27,7,9.76744
2010,02,28,0,10.213700000000001
2010,02,28,1,9.92698
2010,02,28,2,9.20129
2010,02,28,3,9.02863
2010,02,28,4,7.87077
2010,02,28,5,7.033180000000001
2010,02,28,6,6.77955
2010,02,28,7,6.44696
2010,02,1,0,6.098319999999999
2010,02,1,1,6.11606
2010,02,1,2,6.44709
2010,02,1,3,6.381189999999999
2010,02,1,4,6.6698699999999995
2010,02,1,5,6.73712
2010,02,1,6,7.02691
2010,02,1,7,6.94754
2010,02,2,0,7.40463
2010,02,2,1,7.84573
2010,02,2,2,8.68112
2010,02,2,3,9.28717
2010,02,2,4,8.407219999999999
2010,02,2,5,8.312209999999999
2010,02,2,6,8.612290000000002
2010,02,2,7,8.45059
2010,02,3,0,8.5402
2010,02,3,1,8.364450000000001
2010,02,3,2,6.39241
2010,02,3,3,5.49292
2010,02,3,4,5.91259
2010,02,3,5,5.66302
2010,02,3,6,5.2732399999999995
2010,02,3,7,5.13208
2010,02,4,0,6.23771
2010,02,4,1,7.59196
2010,02,4,2,7.271529999999999
2010,02,4,3,5.69299
2010,02,4,4,6.20509
2010,02,4,5,4.29923
2010,02,4,6,4.6435900000000006
2010,02,4,7,3.58927
2010,02,5,0,4.50113
2010,02,5,1,5.40728
2010,02,5,2,5.75239
2010,02,5,3,5.81494
2010,02,5,4,5.8151
2010,02,5,5,5.86014
2010,02,5,6,6.29493
2010,02,5,7,6.987010000000001
2010,02,6,0,7.89341
2010,02,6,1,7.97307
2010,02,6,2,7.98978
2010,02,6,3,7.70884
2010,02,6,4,7.46371
2010,02,6,5,7.07366
2010,02,6,6,7.19091
2010,02,6,7,7.5637
2010,02,7,0,8.10656
2010,02,7,1,8.4207
2010,02,7,2,9.32961
2010,02,7,3,10.3463
2010,02,7,4,10.4344
2010,02,7,5,9.75084
2010,02,7,6,9.005930000000001
2010,02,7,7,8.75281
2010,02,8,0,8.74439
2010,02,8,1,8.49287
2010,02,8,2,7.68941
2010,02,8,3,7.00914
2010,02,8,4,6.79948
2010,02,8,5,7.241560000000001
2010,02,8,6,7.7009799999999995
2010,02,8,7,8.67648
2010,02,9,0,8.06914
2010,02,9,1,6.80246
2010,02,9,2,4.19005
2010,02,9,3,3.76641
2010,02,9,4,4.37471
2010,02,9,5,4.9150100000000005
2010,02,9,6,4.62824
2010,02,9,7,3.93936
2010,02,10,0,4.50732
2010,02,10,1,6.17679
2010,02,10,2,7.04243
2010,02,10,3,5.43851
2010,02,10,4,5.31838
2010,02,10,5,4.72518
2010,02,10,6,3.5941300000000003
2010,02,10,7,3.65321
2010,02,11,0,3.77242
2010,02,11,1,3.3454
2010,02,11,2,3.4904
2010,02,11,3,3.79659
2010,02,11,4,4.29399
2010,02,11,5,4.30228
2010,02,11,6,5.24644
2010,02,11,7,5.9875
2010,02,12,0,6.19477
2010,02,12,1,5.6680399999999995
2010,02,12,2,5.26957
2010,02,12,3,5.57183
2010,02,12,4,5.79901
2010,02,12,5,5.30917
2010,02,12,6,5.46363
2010,02,12,7,7.7301899999999995
2010,02,13,0,9.30128
2010,02,13,1,10.677200000000001
2010,02,13,2,9.92667
2010,02,13,3,7.28532
2010,02,13,4,5.66238
2010,02,13,5,4.05761
2010,02,13,6,3.04023
2010,02,13,7,3.767
2010,02,14,0,3.56579
2010,02,14,1,3.1429699999999996
2010,02,14,2,3.3518000000000003
2010,02,14,3,3.06545
2010,02,14,4,2.76352
2010,02,14,5,2.5988200000000004
2010,02,14,6,3.45248
2010,02,14,7,3.77602
2010,02,15,0,3.96535
2010,02,15,1,3.6007
2010,02,15,2,3.4600999999999997
2010,02,15,3,3.37152
2010,02,15,4,3.31668
2010,02,15,5,5.01207
2010,02,15,6,5.71144
2010,02,15,7,5.7463500000000005
2010,02,16,0,6.292350000000001
2010,02,16,1,6.95472
2010,02,16,2,7.145899999999999
2010,02,16,3,7.445399999999999
2010,02,16,4,7.998729999999999
2010,02,16,5,8.01404
2010,02,16,6,7.97648
2010,02,16,7,8.20645
2010,02,17,0,9.09257
2010,02,17,1,9.47847
2010,02,17,2,8.545770000000001
2010,02,17,3,7.23134
2010,02,17,4,6.08667
2010,02,17,5,5.961399999999999
2010,02,17,6,6.10337
2010,02,17,7,6.41569
2010,02,18,0,7.349600000000001
2010,02,18,1,8.24142
2010,02,18,2,8.75482
2010,02,18,3,9.125860000000001
2010,02,18,4,9.09143
2010,02,18,5,8.44435
2010,02,18,6,7.2599
2010,02,18,7,8.77567
2010,02,19,0,10.893600000000001
2010,02,19,1,4.08235
2010,02,19,2,2.39421
2010,02,19,3,2.11204
2010,02,19,4,1.8378599999999998
2010,02,19,5,2.2063
2010,02,19,6,3.20461
2010,02,19,7,3.71277
2010,02,20,0,3.88226
2010,02,20,1,3.74117
2010,02,20,2,3.74263
2010,02,20,3,4.05111
2010,02,20,4,3.9186
2010,02,20,5,3.6323499999999997
2010,02,20,6,3.98217
2010,02,20,7,4.5193
2010,02,21,0,5.21026
2010,02,21,1,5.4056999999999995
2010,02,21,2,4.56753
2010,02,21,3,3.26673
2010,02,21,4,3.30308
2010,02,21,5,3.33683
2010,02,21,6,3.7416300000000002
2010,02,21,7,4.4189300000000005
2010,02,22,0,4.89798
2010,02,22,1,5.31408
2010,02,22,2,4.19337
2010,02,22,3,3.78274
2010,02,22,4,3.76601
2010,02,22,5,3.20257
2010,02,22,6,4.13209
2010,02,22,7,5.54282
2010,02,23,0,6.47645
2010,02,23,1,6.585850000000001
2010,02,23,2,5.96504
2010,02,23,3,3.62071
2010,02,23,4,3.21442
2010,02,23,5,3.0069
2010,02,23,6,3.0425500000000003
2010,02,23,7,3.45085
2010,02,24,0,3.93439
2010,02,24,1,3.5231399999999997
2010,02,24,2,3.39563
2010,02,24,3,3.88398
2010,02,24,4,4.26145
2010,02,24,5,4.38249
2010,02,24,6,5.15908
2010,02,24,7,5.58246
2010,02,25,0,5.643020000000001
2010,02,25,1,5.2936499999999995
2010,02,25,2,5.59741
2010,02,25,3,5.50071
2010,02,25,4,3.41615
2010,02,25,5,5.10466
2010,02,25,6,6.51839
2010,02,25,7,7.89012
2010,02,26,0,8.50925
2010,02,26,1,7.21308
2010,02,26,2,6.6843699999999995
2010,02,26,3,5.792800000000001
2010,02,26,4,4.67561
2010,02,26,5,4.59896
2010,02,26,6,4.94242
2010,02,26,7,5.38914
2010,02,27,0,6.43951
2010,02,27,1,6.46291
2010,02,27,2,5.961399999999999
2010,02,27,3,5.9803999999999995
2010,02,27,4,5.49277
2010,02,27,5,4.26463
2010,02,27,6,3.58707
2010,02,27,7,3.27814
2010,02,28,0,3.88762
2010,02,28,1,4.1500900000000005
2010,02,28,2,4.36895
2010,02,28,3,4.908810000000001
2010,02,28,4,4.899
2010,02,28,5,5.0069099999999995
2010,02,28,6,5.493390000000001
2010,02,28,7,6.571479999999999
2010,02,29,0,8.15043
2010,02,29,1,8.843110000000001
2010,02,29,2,9.09966
2010,02,29,3,9.01363
2010,02,29,4,7.4092
2010,02,29,5,5.63267
2010,02,29,6,7.03954
2010,02,29,7,9.20462
2010,02,30,0,10.3193
2010,02,30,1,9.528469999999999
2010,02,30,2,8.90874
2010,02,30,3,9.35107
2010,02,30,4,10.6614
2010,02,30,5,9.57363
2010,02,30,6,6.20057
2010,02,30,7,6.9940500000000005
2010,02,31,0,7.875520000000001
2010,02,31,1,8.725719999999999
2010,02,31,2,8.812940000000001
2010,02,31,3,7.48641
2010,02,31,4,7.0936
2010,02,31,5,6.03141
2010,02,31,6,4.71501
2010,02,31,7,4.72006
2010,02,1,0,4.18867
2010,02,1,1,4.2285200000000005
2010,02,1,2,3.98483
2010,02,1,3,4.12158
2010,02,1,4,4.28941
2010,02,1,5,4.469060000000001
2010,02,1,6,4.894399999999999
2010,02,1,7,5.27159
2010,02,2,0,6.02544
2010,02,2,1,6.0919099999999995
2010,02,2,2,6.27076
2010,02,2,3,6.81981
2010,02,2,4,7.4087
2010,02,2,5,8.57929
2010,02,2,6,9.09906
2010,02,2,7,11.1204
2010,02,3,0,10.1238
2010,02,3,1,7.71676
2010,02,3,2,6.21134
2010,02,3,3,4.92286
2010,02,3,4,3.82193
2010,02,3,5,4.548
2010,02,3,6,4.90704
2010,02,3,7,5.74279
2010,02,4,0,5.84977
2010,02,4,1,2.97014
2010,02,4,2,2.1572
2010,02,4,3,3.2297399999999996
2010,02,4,4,4.13485
2010,02,4,5,5.34858
2010,02,4,6,6.19589
2010,02,4,7,6.73116
2010,02,5,0,8.01493
2010,02,5,1,7.66072
2010,02,5,2,6.40396
2010,02,5,3,6.92857
2010,02,5,4,8.86056
2010,02,5,5,5.5426899999999995
2010,02,5,6,4.57876
2010,02,5,7,4.44901
2010,02,6,0,4.167260000000001
2010,02,6,1,3.6615100000000003
2010,02,6,2,3.5605599999999997
2010,02,6,3,2.8059499999999997
2010,02,6,4,3.00742
2010,02,6,5,4.01781
2010,02,6,6,4.761699999999999
2010,02,6,7,5.0538
2010,02,7,0,5.43723
2010,02,7,1,5.66218
2010,02,7,2,5.54209
2010,02,7,3,5.70503
2010,02,7,4,5.96877
2010,02,7,5,6.07793
2010,02,7,6,6.30025
2010,02,7,7,6.58911
2010,02,8,0,6.86607
2010,02,8,1,6.7573
2010,02,8,2,6.5067200000000005
2010,02,8,3,6.71534
2010,02,8,4,6.907850000000001
2010,02,8,5,6.17613
2010,02,8,6,6.47715
2010,02,8,7,7.48917
2010,02,9,0,7.465949999999999
2010,02,9,1,7.08239
2010,02,9,2,6.77536
2010,02,9,3,6.57659
2010,02,9,4,7.054060000000001
2010,02,9,5,7.2161599999999995
2010,02,9,6,7.734850000000001
2010,02,9,7,8.337819999999999
2010,02,10,0,9.69155
2010,02,10,1,9.60842
2010,02,10,2,7.8298000000000005
2010,02,10,3,7.02179
2010,02,10,4,6.86529
2010,02,10,5,5.90895
2010,02,10,6,5.99973
2010,02,10,7,6.88499
2010,02,11,0,8.0723
2010,02,11,1,8.16612
2010,02,11,2,8.23723
2010,02,11,3,7.534890000000001
2010,02,11,4,6.48851
2010,02,11,5,6.06831
2010,02,11,6,6.89171
2010,02,11,7,7.051489999999999
2010,02,12,0,8.63987
2010,02,12,1,10.8658
2010,02,12,2,11.101
2010,02,12,3,8.413110000000001
2010,02,12,4,4.47926
2010,02,12,5,3.12032
2010,02,12,6,5.0250200000000005
2010,02,12,7,6.57096
2010,02,13,0,6.92601
2010,02,13,1,6.478020000000001
2010,02,13,2,5.75075
2010,02,13,3,5.682930000000001
2010,02,13,4,5.86473
2010,02,13,5,6.0004
2010,02,13,6,5.56745
2010,02,13,7,6.114649999999999
2010,02,14,0,7.00272
2010,02,14,1,7.383220000000001
2010,02,14,2,7.34077
2010,02,14,3,7.06492
2010,02,14,4,6.93712
2010,02,14,5,6.5594399999999995
2010,02,14,6,6.06624
2010,02,14,7,6.16059
2010,02,15,0,6.45521
2010,02,15,1,6.24526
2010,02,15,2,5.30102
2010,02,15,3,5.28629
2010,02,15,4,6.20185
2010,02,15,5,6.55393
2010,02,15,6,6.98116
2010,02,15,7,7.70592
2010,02,16,0,8.422889999999999
2010,02,16,1,8.44144
2010,02,16,2,7.94011
2010,02,16,3,7.90272
2010,02,16,4,7.61146
2010,02,16,5,7.13136
2010,02,16,6,7.29111
2010,02,16,7,7.47171
2010,02,17,0,7.83162
2010,02,17,1,7.74714
2010,02,17,2,7.443899999999999
2010,02,17,3,7.406020000000001
2010,02,17,4,6.89106
2010,02,17,5,6.09228
2010,02,17,6,5.97737
2010,02,17,7,6.429810000000001
2010,02,18,0,7.504770000000001
2010,02,18,1,8.20645
2010,02,18,2,7.1079
2010,02,18,3,5.88083
2010,02,18,4,5.381819999999999
2010,02,18,5,5.71837
2010,02,18,6,6.959149999999999
2010,02,18,7,9.044559999999999
2010,02,19,0,10.1573
2010,02,19,1,10.201600000000001
2010,02,19,2,10.187100000000001
2010,02,19,3,10.4269
2010,02,19,4,11.479
2010,02,19,5,10.8349
2010,02,19,6,11.1251
2010,02,19,7,12.124
2010,02,20,0,13.9167
2010,02,20,1,14.143
2010,02,20,2,13.068
2010,02,20,3,11.6461
2010,02,20,4,10.5897
2010,02,20,5,9.54721
2010,02,20,6,10.9698
2010,02,20,7,11.9323
2010,02,21,0,9.65419
2010,02,21,1,7.0475900000000005
2010,02,21,2,5.8184700000000005
2010,02,21,3,8.69305
2010,02,21,4,8.24001
2010,02,21,5,7.91992
2010,02,21,6,8.61077
2010,02,21,7,8.62439
2010,02,22,0,8.84177
2010,02,22,1,9.44741
2010,02,22,2,9.478200000000001
2010,02,22,3,8.52606
2010,02,22,4,8.30385
2010,02,22,5,8.02209
2010,02,22,6,7.8760200000000005
2010,02,22,7,7.46346
2010,02,23,0,7.51768
2010,02,23,1,8.646600000000001
2010,02,23,2,10.2145
2010,02,23,3,10.591
2010,02,23,4,11.9475
2010,02,23,5,7.54933
2010,02,23,6,4.65769
2010,02,23,7,4.175479999999999
2010,02,24,0,4.29683
2010,02,24,1,5.1128
2010,02,24,2,5.2618599999999995
2010,02,24,3,4.606520000000001
2010,02,24,4,4.284800000000001
2010,02,24,5,4.154649999999999
2010,02,24,6,4.660489999999999
2010,02,24,7,5.31957
2010,02,25,0,8.66997
2010,02,25,1,7.01288
2010,02,25,2,7.04113
2010,02,25,3,7.07546
2010,02,25,4,7.9867
2010,02,25,5,7.58234
2010,02,25,6,7.65418
2010,02,25,7,8.39222
2010,02,26,0,9.15727
2010,02,26,1,8.860809999999999
2010,02,26,2,8.07133
2010,02,26,3,8.11858
2010,02,26,4,8.00911
2010,02,26,5,7.5667
2010,02,26,6,7.61982
2010,02,26,7,8.66037
2010,02,27,0,9.90739
2010,02,27,1,10.1679
2010,02,27,2,8.36137
2010,02,27,3,6.4697
2010,02,27,4,9.316270000000001
2010,02,27,5,10.5366
2010,02,27,6,10.1959
2010,02,27,7,13.8425
2010,02,28,0,12.885
2010,02,28,1,10.6939
2010,02,28,2,7.95129
2010,02,28,3,6.50328
2010,02,28,4,5.05345
2010,02,28,5,4.81712
2010,02,28,6,5.66258
2010,02,28,7,5.70139
2010,02,29,0,4.93396
2010,02,29,1,5.482819999999999
2010,02,29,2,4.52095
2010,02,29,3,4.37404
2010,02,29,4,4.69726
2010,02,29,5,5.04688
2010,02,29,6,4.99153
2010,02,29,7,5.10978
2010,02,30,0,5.22274
2010,02,30,1,4.67359
2010,02,30,2,4.88521
2010,02,30,3,4.94563
2010,02,30,4,5.53875
2010,02,30,5,5.822850000000001
2010,02,30,6,5.80892
2010,02,30,7,6.10365
2010,02,1,0,6.04387
2010,02,1,1,5.25481
2010,02,1,2,4.40175
2010,02,1,3,4.72711
2010,02,1,4,5.4409
2010,02,1,5,7.37338
2010,02,1,6,9.12049
2010,02,1,7,9.84998
2010,02,2,0,10.331299999999999
2010,02,2,1,10.1388
2010,02,2,2,8.61612
2010,02,2,3,7.08745
2010,02,2,4,6.02991
2010,02,2,5,4.72615
2010,02,2,6,4.585109999999999
2010,02,2,7,5.46395
2010,02,3,0,5.9743699999999995
2010,02,3,1,6.00978
2010,02,3,2,6.25589
2010,02,3,3,7.1465
2010,02,3,4,7.33644
2010,02,3,5,6.58975
2010,02,3,6,6.89041
2010,02,3,7,8.34516
2010,02,4,0,8.21186
2010,02,4,1,7.99314
2010,02,4,2,6.988090000000001
2010,02,4,3,7.02662
2010,02,4,4,5.4955
2010,02,4,5,4.80192
2010,02,4,6,6.03441
2010,02,4,7,7.40562
2010,02,5,0,8.81103
2010,02,5,1,10.5547
2010,02,5,2,10.4683
2010,02,5,3,8.93409
2010,02,5,4,6.54324
2010,02,5,5,6.48049
2010,02,5,6,8.01784
2010,02,5,7,10.3284
2010,02,6,0,11.2654
2010,02,6,1,9.46505
2010,02,6,2,7.8147
2010,02,6,3,6.65897
2010,02,6,4,6.35212
2010,02,6,5,6.109100000000001
2010,02,6,6,6.25751
2010,02,6,7,7.29754
2010,02,7,0,8.498610000000001
2010,02,7,1,7.40588
2010,02,7,2,5.36254
2010,02,7,3,5.03273
2010,02,7,4,5.12277
2010,02,7,5,5.25421
2010,02,7,6,6.2156400000000005
2010,02,7,7,7.41655
2010,02,8,0,8.62362
2010,02,8,1,8.50216
2010,02,8,2,8.6429
2010,02,8,3,8.545950000000001
2010,02,8,4,6.62226
2010,02,8,5,5.250109999999999
2010,02,8,6,4.83234
2010,02,8,7,6.0503
2010,02,9,0,6.82843
2010,02,9,1,6.81451
2010,02,9,2,5.48583
2010,02,9,3,4.59954
2010,02,9,4,5.82531
2010,02,9,5,7.07719
2010,02,9,6,6.7386099999999995
2010,02,9,7,7.02764
2010,02,10,0,6.4167
2010,02,10,1,7.09656
2010,02,10,2,6.67522
2010,02,10,3,6.5601400000000005
2010,02,10,4,7.2804899999999995
2010,02,10,5,8.58393
2010,02,10,6,9.69349
2010,02,10,7,9.2965
2010,02,11,0,7.53443
2010,02,11,1,7.32844
2010,02,11,2,3.60438
2010,02,11,3,4.67143
2010,02,11,4,5.246029999999999
2010,02,11,5,7.14085
2010,02,11,6,6.75108
2010,02,11,7,6.92742
2010,02,12,0,7.1626
2010,02,12,1,7.52895
2010,02,12,2,8.10437
2010,02,12,3,8.0463
2010,02,12,4,7.44407
2010,02,12,5,7.31575
2010,02,12,6,6.740819999999999
2010,02,12,7,7.03406
2010,02,13,0,7.92765
2010,02,13,1,8.30166
2010,02,13,2,8.70924
2010,02,13,3,8.967649999999999
2010,02,13,4,9.07094
2010,02,13,5,9.19046
2010,02,13,6,9.58076
2010,02,13,7,10.8499
2010,02,14,0,14.7243
2010,02,14,1,12.4816
2010,02,14,2,12.4424
2010,02,14,3,10.985700000000001
2010,02,14,4,9.51243
2010,02,14,5,8.59619
2010,02,14,6,8.667969999999999
2010,02,14,7,9.73774
2010,02,15,0,11.987
2010,02,15,1,13.6731
2010,02,15,2,13.4776
2010,02,15,3,12.9577
2010,02,15,4,12.0641
2010,02,15,5,11.5095
2010,02,15,6,10.3676
2010,02,15,7,12.0795
2010,02,16,0,12.3043
2010,02,16,1,13.4903
2010,02,16,2,13.4382
2010,02,16,3,12.4123
2010,02,16,4,11.2099
2010,02,16,5,11.2744
2010,02,16,6,9.86056
2010,02,16,7,10.4505
2010,02,17,0,11.4301
2010,02,17,1,14.399799999999999
2010,02,17,2,13.017
2010,02,17,3,13.4841
2010,02,17,4,12.2481
2010,02,17,5,13.140799999999999
2010,02,17,6,13.7565
2010,02,17,7,14.3656
2010,02,18,0,14.7315
2010,02,18,1,12.408700000000001
2010,02,18,2,11.287799999999999
2010,02,18,3,10.2341
2010,02,18,4,9.88362
2010,02,18,5,9.63955
2010,02,18,6,10.350100000000001
2010,02,18,7,11.7999
2010,02,19,0,13.174700000000001
2010,02,19,1,17.0812
2010,02,19,2,13.956700000000001
2010,02,19,3,11.6113
2010,02,19,4,11.0151
2010,02,19,5,10.9735
2010,02,19,6,10.801
2010,02,19,7,11.6648
2010,02,20,0,14.0241
2010,02,20,1,14.5428
2010,02,20,2,12.459200000000001
2010,02,20,3,8.16613
2010,02,20,4,5.85365
2010,02,20,5,4.9026499999999995
2010,02,20,6,5.835319999999999
2010,02,20,7,8.157020000000001
2010,02,21,0,8.79624
2010,02,21,1,8.15423
2010,02,21,2,7.08471
2010,02,21,3,5.79135
2010,02,21,4,4.8667
2010,02,21,5,4.68688
2010,02,21,6,5.85621
2010,02,21,7,8.15857
2010,02,22,0,8.85874
2010,02,22,1,6.95031
2010,02,22,2,4.0958499999999995
2010,02,22,3,2.8813899999999997
2010,02,22,4,3.1191
2010,02,22,5,3.7480599999999997
2010,02,22,6,3.842
2010,02,22,7,4.47477
2010,02,23,0,5.11577
2010,02,23,1,5.91292
2010,02,23,2,6.36887
2010,02,23,3,6.68039
2010,02,23,4,7.37198
2010,02,23,5,7.11937
2010,02,23,6,6.6259
2010,02,23,7,6.39995
2010,02,24,0,6.39169
2010,02,24,1,6.08642
2010,02,24,2,5.1916
2010,02,24,3,5.71441
2010,02,24,4,8.22526
2010,02,24,5,8.715950000000001
2010,02,24,6,9.12823
2010,02,24,7,9.53843
2010,02,25,0,9.265870000000001
2010,02,25,1,8.626040000000001
2010,02,25,2,8.04298
2010,02,25,3,7.27142
2010,02,25,4,6.676939999999999
2010,02,25,5,6.9685299999999994
2010,02,25,6,8.26034
2010,02,25,7,10.2012
2010,02,26,0,11.928700000000001
2010,02,26,1,12.973
2010,02,26,2,13.1184
2010,02,26,3,12.4726
2010,02,26,4,11.4575
2010,02,26,5,10.6752
2010,02,26,6,9.718110000000001
2010,02,26,7,8.81565
2010,02,27,0,7.78991
2010,02,27,1,8.26751
2010,02,27,2,6.83614
2010,02,27,3,7.40321
2010,02,27,4,6.608350000000001
2010,02,27,5,5.68433
2010,02,27,6,5.3566
2010,02,27,7,6.90733
2010,02,28,0,7.8264
2010,02,28,1,7.65525
2010,02,28,2,7.10748
2010,02,28,3,7.45406
2010,02,28,4,6.07826
2010,02,28,5,5.4358900000000006
2010,02,28,6,4.37825
2010,02,28,7,4.55417
2010,02,29,0,5.8319600000000005
2010,02,29,1,6.69397
2010,02,29,2,6.80901
2010,02,29,3,6.16886
2010,02,29,4,6.088430000000001
2010,02,29,5,6.10692
2010,02,29,6,5.96295
2010,02,29,7,6.347090000000001
2010,02,30,0,7.07024
2010,02,30,1,6.98522
2010,02,30,2,6.519520000000001
2010,02,30,3,6.91273
2010,02,30,4,7.27361
2010,02,30,5,6.94322
2010,02,30,6,7.2750200000000005
2010,02,30,7,8.8115
2010,02,31,0,8.90628
2010,02,31,1,9.04848
2010,02,31,2,9.162030000000001
2010,02,31,3,9.324959999999999
2010,02,31,4,9.96472
2010,02,31,5,11.639100000000001
2010,02,31,6,14.189
2010,02,31,7,14.9535
2010,02,1,0,16.364
2010,02,1,1,15.6225
2010,02,1,2,16.4039
2010,02,1,3,18.0506
2010,02,1,4,20.111099999999997
2010,02,1,5,21.764
2010,02,1,6,21.8345
2010,02,1,7,22.7619
2010,02,2,0,23.3719
2010,02,2,1,22.5409
2010,02,2,2,23.2178
2010,02,2,3,22.8134
2010,02,2,4,19.518
2010,02,2,5,19.6452
2010,02,2,6,21.217200000000002
2010,02,2,7,26.5867
2010,02,3,0,23.6665
2010,02,3,1,22.5637
2010,02,3,2,20.984
2010,02,3,3,18.1296
2010,02,3,4,18.122
2010,02,3,5,20.764
2010,02,3,6,22.510900000000003
2010,02,3,7,24.437900000000003
2010,02,4,0,25.526
2010,02,4,1,24.9713
2010,02,4,2,24.3087
2010,02,4,3,25.0977
2010,02,4,4,24.5789
2010,02,4,5,23.9539
2010,02,4,6,21.780900000000003
2010,02,4,7,20.8841
2010,02,5,0,19.481
2010,02,5,1,19.1263
2010,02,5,2,18.8529
2010,02,5,3,19.1848
2010,02,5,4,21.0304
2010,02,5,5,19.8296
2010,02,5,6,19.5433
2010,02,5,7,20.4565
2010,02,6,0,25.0753
2010,02,6,1,20.4607
2010,02,6,2,20.195400000000003
2010,02,6,3,19.5235
2010,02,6,4,17.730700000000002
2010,02,6,5,16.1557
2010,02,6,6,15.1889
2010,02,6,7,15.3716
2010,02,7,0,15.74
2010,02,7,1,14.1811
2010,02,7,2,11.7019
2010,02,7,3,9.583860000000001
2010,02,7,4,9.17555
2010,02,7,5,9.39055
2010,02,7,6,13.1441
2010,02,7,7,19.768099999999997
2010,02,8,0,24.1584
2010,02,8,1,21.3609
2010,02,8,2,22.0456
2010,02,8,3,20.7581
2010,02,8,4,19.8397
2010,02,8,5,21.9026
2010,02,8,6,22.205
2010,02,8,7,25.4242
2010,02,9,0,23.349
2010,02,9,1,20.6658
2010,02,9,2,19.2745
2010,02,9,3,17.9112
2010,02,9,4,19.9582
2010,02,9,5,20.3427
2010,02,9,6,20.3215
2010,02,9,7,18.1632
2010,02,10,0,15.5996
2010,02,10,1,17.704900000000002
2010,02,10,2,10.1955
2010,02,10,3,2.94292
2010,02,10,4,2.475
2010,02,10,5,3.6916100000000003
2010,02,10,6,3.35492
2010,02,10,7,4.43373
2010,02,11,0,6.70797
2010,02,11,1,7.8255
2010,02,11,2,8.11322
2010,02,11,3,8.00259
2010,02,11,4,8.0738
2010,02,11,5,7.48471
2010,02,11,6,6.93692
2010,02,11,7,7.27807
2010,02,12,0,8.74282
2010,02,12,1,9.038780000000001
2010,02,12,2,10.6693
2010,02,12,3,11.603299999999999
2010,02,12,4,11.2546
2010,02,12,5,11.3107
2010,02,12,6,10.6607
2010,02,12,7,12.3263
2010,02,13,0,15.0046
2010,02,13,1,18.020799999999998
2010,02,13,2,11.3873
2010,02,13,3,10.107899999999999
2010,02,13,4,9.14193
2010,02,13,5,8.88933
2010,02,13,6,8.27359
2010,02,13,7,7.98209
2010,02,14,0,8.01648
2010,02,14,1,7.24133
2010,02,14,2,6.1264899999999995
2010,02,14,3,5.77413
2010,02,14,4,5.753340000000001
2010,02,14,5,6.62807
2010,02,14,6,7.052029999999999
2010,02,14,7,7.8883
2010,02,15,0,9.74348
2010,02,15,1,12.188799999999999
2010,02,15,2,13.6576
2010,02,15,3,13.353399999999999
2010,02,15,4,12.4947
2010,02,15,5,11.604700000000001
2010,02,15,6,10.873700000000001
2010,02,15,7,10.5725
2010,02,16,0,8.05292
2010,02,16,1,6.43723
2010,02,16,2,4.927020000000001
2010,02,16,3,5.52796
2010,02,16,4,6.9872
2010,02,16,5,4.29491
2010,02,16,6,3.44759
2010,02,16,7,3.8527600000000004
2010,02,17,0,4.993930000000001
2010,02,17,1,6.24747
2010,02,17,2,6.01613
2010,02,17,3,5.12545
2010,02,17,4,4.71834
2010,02,17,5,4.58805
2010,02,17,6,4.86426
2010,02,17,7,6.30163
2010,02,18,0,7.182189999999999
2010,02,18,1,6.83284
2010,02,18,2,6.4240200000000005
2010,02,18,3,6.06909
2010,02,18,4,5.516430000000001
2010,02,18,5,5.90576
2010,02,18,6,6.52966
2010,02,18,7,8.33417
2010,02,19,0,6.96129
2010,02,19,1,5.949529999999999
2010,02,19,2,5.6001199999999995
2010,02,19,3,5.08743
2010,02,19,4,5.792560000000001
2010,02,19,5,6.0835
2010,02,19,6,5.4883500000000005
2010,02,19,7,7.76755
2010,02,20,0,6.691350000000001
2010,02,20,1,6.204770000000001
2010,02,20,2,5.48881
2010,02,20,3,5.84466
2010,02,20,4,6.72974
2010,02,20,5,7.08923
2010,02,20,6,7.0363999999999995
2010,02,20,7,8.01062
2010,02,21,0,9.69351
2010,02,21,1,8.45183
2010,02,21,2,8.47818
2010,02,21,3,8.27752
2010,02,21,4,9.46354
2010,02,21,5,9.16255
2010,02,21,6,11.2185
2010,02,21,7,10.295
2010,02,22,0,12.2298
2010,02,22,1,13.6443
2010,02,22,2,13.4169
2010,02,22,3,10.3469
2010,02,22,4,8.03257
2010,02,22,5,7.55471
2010,02,22,6,7.99932
2010,02,22,7,8.750110000000001
2010,02,23,0,9.86459
2010,02,23,1,10.4177
2010,02,23,2,10.4109
2010,02,23,3,9.50213
2010,02,23,4,8.526110000000001
2010,02,23,5,8.88584
2010,02,23,6,9.11241
2010,02,23,7,10.635399999999999
2010,02,24,0,12.143600000000001
2010,02,24,1,12.764299999999999
2010,02,24,2,13.5594
2010,02,24,3,14.2352
2010,02,24,4,14.4796
2010,02,24,5,14.187299999999999
2010,02,24,6,15.217
2010,02,24,7,16.8511
2010,02,25,0,16.0826
2010,02,25,1,14.3949
2010,02,25,2,16.1556
2010,02,25,3,17.999299999999998
2010,02,25,4,19.585099999999997
2010,02,25,5,21.4387
2010,02,25,6,19.887
2010,02,25,7,19.1895
2010,02,26,0,21.4204
2010,02,26,1,23.6372
2010,02,26,2,22.6925
2010,02,26,3,22.5078
2010,02,26,4,21.359
2010,02,26,5,20.1713
2010,02,26,6,18.2728
2010,02,26,7,17.7596
2010,02,27,0,17.8888
2010,02,27,1,17.7398
2010,02,27,2,17.8375
2010,02,27,3,16.9151
2010,02,27,4,15.5238
2010,02,27,5,14.5094
2010,02,27,6,14.0699
2010,02,27,7,13.9346
2010,02,28,0,14.5845
2010,02,28,1,15.0048
2010,02,28,2,12.543899999999999
2010,02,28,3,12.7509
2010,02,28,4,12.6761
2010,02,28,5,12.6525
2010,02,28,6,12.934
2010,02,28,7,13.2727
2010,02,29,0,14.6709
2010,02,29,1,16.068
2010,02,29,2,15.6575
2010,02,29,3,15.421899999999999
2010,02,29,4,13.9542
2010,02,29,5,11.0531
2010,02,29,6,8.63015
2010,02,29,7,9.82696
2010,02,30,0,11.1275
2010,02,30,1,11.3651
2010,02,30,2,11.4465
2010,02,30,3,10.9474
2010,02,30,4,11.440100000000001
2010,02,30,5,12.478299999999999
2010,02,30,6,12.217799999999999
2010,02,30,7,12.3536
2010,02,1,0,13.152899999999999
2010,02,1,1,10.4673
2010,02,1,2,9.0815
2010,02,1,3,7.1973199999999995
2010,02,1,4,6.55849
2010,02,1,5,6.088550000000001
2010,02,1,6,5.6923900000000005
2010,02,1,7,6.26009
2010,02,2,0,8.33576
2010,02,2,1,6.07501
2010,02,2,2,5.02676
2010,02,2,3,4.5305100000000005
2010,02,2,4,5.63593
2010,02,2,5,6.378340000000001
2010,02,2,6,6.03938
2010,02,2,7,7.55452
2010,02,3,0,11.1401
2010,02,3,1,10.0204
2010,02,3,2,12.219700000000001
2010,02,3,3,11.2858
2010,02,3,4,9.9188
2010,02,3,5,7.59453
2010,02,3,6,7.315600000000001
2010,02,3,7,8.21109
2010,02,4,0,9.69954
2010,02,4,1,10.7465
2010,02,4,2,9.979959999999998
2010,02,4,3,8.24133
2010,02,4,4,7.64267
2010,02,4,5,6.92227
2010,02,4,6,6.555350000000001
2010,02,4,7,6.69708
2010,02,5,0,7.153560000000001
2010,02,5,1,6.891979999999999
2010,02,5,2,6.32909
2010,02,5,3,5.58094
2010,02,5,4,6.41089
2010,02,5,5,6.34241
2010,02,5,6,6.92179
2010,02,5,7,8.523370000000002
2010,02,6,0,11.4596
2010,02,6,1,13.0611
2010,02,6,2,13.4634
2010,02,6,3,13.657
2010,02,6,4,13.3934
2010,02,6,5,12.886299999999999
2010,02,6,6,12.3286
2010,02,6,7,13.0881
2010,02,7,0,14.4994
2010,02,7,1,14.109
2010,02,7,2,13.319700000000001
2010,02,7,3,12.3909
2010,02,7,4,11.3555
2010,02,7,5,11.777299999999999
2010,02,7,6,11.411200000000001
2010,02,7,7,11.1113
2010,02,8,0,10.3122
2010,02,8,1,11.649700000000001
2010,02,8,2,7.16614
2010,02,8,3,6.82783
2010,02,8,4,6.23387
2010,02,8,5,6.433520000000001
2010,02,8,6,8.11837
2010,02,8,7,10.9091
2010,02,9,0,12.9314
2010,02,9,1,15.1982
2010,02,9,2,17.603
2010,02,9,3,15.0816
2010,02,9,4,7.26618
2010,02,9,5,7.65229
2010,02,9,6,10.4489
2010,02,9,7,15.7354
2010,02,10,0,14.570799999999998
2010,02,10,1,14.0656
2010,02,10,2,14.094100000000001
2010,02,10,3,15.8769
2010,02,10,4,17.86
2010,02,10,5,20.6839
2010,02,10,6,26.9619
2010,02,10,7,30.7566
2010,02,11,0,27.7715
2010,02,11,1,23.008599999999998
2010,02,11,2,20.491
2010,02,11,3,22.8371
2010,02,11,4,20.9322
2010,02,11,5,24.540200000000002
2010,02,11,6,25.7927
2010,02,11,7,27.2832
2010,02,12,0,28.1296
2010,02,12,1,27.4922
2010,02,12,2,27.1229
2010,02,12,3,26.0356
2010,02,12,4,21.1757
2010,02,12,5,16.5969
2010,02,12,6,17.902
2010,02,12,7,20.399099999999997
2010,02,13,0,24.5197
2010,02,13,1,25.796599999999998
2010,02,13,2,25.653299999999998
2010,02,13,3,23.8416
2010,02,13,4,19.4862
2010,02,13,5,16.7194
2010,02,13,6,16.796200000000002
2010,02,13,7,22.0167
2010,02,14,0,22.5143
2010,02,14,1,22.5789
2010,02,14,2,23.75
2010,02,14,3,22.740299999999998
2010,02,14,4,18.2821
2010,02,14,5,30.585099999999997
2010,02,14,6,14.3613
2010,02,14,7,14.187899999999999
2010,02,15,0,14.853399999999999
2010,02,15,1,15.283
2010,02,15,2,13.477
2010,02,15,3,11.5693
2010,02,15,4,10.6705
2010,02,15,5,11.2455
2010,02,15,6,11.5999
2010,02,15,7,14.4856
2010,02,16,0,18.200400000000002
2010,02,16,1,20.5887
2010,02,16,2,19.7419
2010,02,16,3,20.4633
2010,02,16,4,26.575200000000002
2010,02,16,5,30.542099999999998
2010,02,16,6,28.1602
2010,02,16,7,28.3882
2010,02,17,0,29.6193
2010,02,17,1,32.2852
2010,02,17,2,28.621
2010,02,17,3,23.9342
2010,02,17,4,22.4768
2010,02,17,5,21.7351
2010,02,17,6,21.7889
2010,02,17,7,22.6726
2010,02,18,0,24.2059
2010,02,18,1,23.799
2010,02,18,2,21.763099999999998
2010,02,18,3,19.2178
2010,02,18,4,17.5931
2010,02,18,5,16.6737
2010,02,18,6,17.2817
2010,02,18,7,20.189799999999998
2010,02,19,0,23.9258
2010,02,19,1,24.1539
2010,02,19,2,21.060299999999998
2010,02,19,3,17.2301
2010,02,19,4,15.914100000000001
2010,02,19,5,14.831100000000001
2010,02,19,6,14.1036
2010,02,19,7,15.9408
2010,02,20,0,18.2082
2010,02,20,1,18.7852
2010,02,20,2,17.9175
2010,02,20,3,17.2545
2010,02,20,4,15.7095
2010,02,20,5,14.0124
2010,02,20,6,13.449
2010,02,20,7,14.8775
2010,02,21,0,15.5475
2010,02,21,1,16.1117
2010,02,21,2,15.880700000000001
2010,02,21,3,14.904399999999999
2010,02,21,4,13.553600000000001
2010,02,21,5,12.8233
2010,02,21,6,11.7766
2010,02,21,7,9.20876
2010,02,22,0,7.03371
2010,02,22,1,8.05815
2010,02,22,2,8.56807
2010,02,22,3,7.93232
2010,02,22,4,7.95734
2010,02,22,5,8.06255
2010,02,22,6,8.00043
2010,02,22,7,10.602799999999998
2010,02,23,0,10.231200000000001
2010,02,23,1,10.8049
2010,02,23,2,10.655299999999999
2010,02,23,3,9.739450000000001
2010,02,23,4,9.71876
2010,02,23,5,10.9017
2010,02,23,6,12.9932
2010,02,23,7,14.5648
2010,02,24,0,15.770700000000001
2010,02,24,1,16.5072
2010,02,24,2,14.3931
2010,02,24,3,13.3077
2010,02,24,4,13.4484
2010,02,24,5,14.401200000000001
2010,02,24,6,15.6494
2010,02,24,7,18.09
2010,02,25,0,18.9241
2010,02,25,1,19.014200000000002
2010,02,25,2,18.9797
2010,02,25,3,18.8506
2010,02,25,4,19.1743
2010,02,25,5,19.741799999999998
2010,02,25,6,22.412599999999998
2010,02,25,7,26.2632
2010,02,26,0,29.2795
2010,02,26,1,26.356
2010,02,26,2,25.3804
2010,02,26,3,27.5057
2010,02,26,4,26.9038
2010,02,26,5,27.591900000000003
2010,02,26,6,26.837
2010,02,26,7,24.5608
2010,02,27,0,17.5966
2010,02,27,1,13.8416
2010,02,27,2,11.254100000000001
2010,02,27,3,9.45773
2010,02,27,4,12.2726
2010,02,27,5,14.4642
2010,02,27,6,14.9792
2010,02,27,7,14.1997
2010,02,28,0,13.1316
2010,02,28,1,12.5304
2010,02,28,2,14.913799999999998
2010,02,28,3,16.682299999999998
2010,02,28,4,17.514200000000002
2010,02,28,5,16.2304
2010,02,28,6,17.675900000000002
2010,02,28,7,19.7005
2010,02,29,0,18.5321
2010,02,29,1,15.786700000000002
2010,02,29,2,16.268
2010,02,29,3,18.6475
2010,02,29,4,19.3375
2010,02,29,5,19.037
2010,02,29,6,20.515099999999997
2010,02,29,7,21.3645
2010,02,30,0,20.9369
2010,02,30,1,21.0059
2010,02,30,2,18.3522
2010,02,30,3,17.2271
2010,02,30,4,15.553600000000001
2010,02,30,5,14.5502
2010,02,30,6,15.6202
2010,02,30,7,18.940099999999997
2010,02,31,0,19.147
2010,02,31,1,15.878
2010,02,31,2,12.8695
2010,02,31,3,10.9107
2010,02,31,4,10.1763
2010,02,31,5,9.985
2010,02,31,6,10.376100000000001
2010,02,31,7,10.5664
2010,02,1,0,10.6171
2010,02,1,1,10.065700000000001
2010,02,1,2,9.83752
2010,02,1,3,9.3702
2010,02,1,4,8.569870000000002
2010,02,1,5,7.86418
2010,02,1,6,7.58018
2010,02,1,7,8.29149
2010,02,2,0,9.263290000000001
2010,02,2,1,10.3858
2010,02,2,2,10.0069
2010,02,2,3,14.959
2010,02,2,4,7.90037
2010,02,2,5,7.602729999999999
2010,02,2,6,8.482569999999999
2010,02,2,7,8.77864
2010,02,3,0,8.45261
2010,02,3,1,7.54952
2010,02,3,2,6.79164
2010,02,3,3,6.13042
2010,02,3,4,5.57773
2010,02,3,5,5.30392
2010,02,3,6,5.70997
2010,02,3,7,5.86716
2010,02,4,0,6.11966
2010,02,4,1,6.20975
2010,02,4,2,5.79978
2010,02,4,3,5.43102
2010,02,4,4,4.9945699999999995
2010,02,4,5,4.74013
2010,02,4,6,4.56951
2010,02,4,7,4.78638
2010,02,5,0,5.58587
2010,02,5,1,6.39121
2010,02,5,2,6.4493100000000005
2010,02,5,3,6.24385
2010,02,5,4,6.30771
2010,02,5,5,6.00013
2010,02,5,6,5.33206
2010,02,5,7,5.10516
2010,02,6,0,7.04669
2010,02,6,1,7.06734
2010,02,6,2,6.7271
2010,02,6,3,6.83751
2010,02,6,4,7.7558
2010,02,6,5,7.15716
2010,02,6,6,6.99336
2010,02,6,7,7.049939999999999
2010,02,7,0,7.4558
2010,02,7,1,8.66618
2010,02,7,2,8.55669
2010,02,7,3,7.20488
2010,02,7,4,7.934159999999999
2010,02,7,5,7.67094
2010,02,7,6,7.49226
2010,02,7,7,8.74293
2010,02,8,0,9.983690000000001
2010,02,8,1,11.415
2010,02,8,2,11.342
2010,02,8,3,10.011299999999999
2010,02,8,4,8.77009
2010,02,8,5,8.46677
2010,02,8,6,8.08138
2010,02,8,7,9.36539
2010,02,9,0,11.485
2010,02,9,1,13.347700000000001
2010,02,9,2,13.4438
2010,02,9,3,13.294
2010,02,9,4,11.8563
2010,02,9,5,9.60564
2010,02,9,6,8.54935
2010,02,9,7,9.06672
2010,02,10,0,9.44388
2010,02,10,1,9.463280000000001
2010,02,10,2,9.30419
2010,02,10,3,7.82455
2010,02,10,4,7.663729999999999
2010,02,10,5,7.76442
2010,02,10,6,7.43438
2010,02,10,7,6.54266
2010,02,11,0,7.29265
2010,02,11,1,7.8956
2010,02,11,2,7.10912
2010,02,11,3,6.94047
2010,02,11,4,7.61329
2010,02,11,5,8.50132
2010,02,11,6,8.645100000000001
2010,02,11,7,11.350200000000001
2010,02,12,0,9.07452
2010,02,12,1,9.217780000000001
2010,02,12,2,9.93731
2010,02,12,3,10.8948
2010,02,12,4,10.488299999999999
2010,02,12,5,10.0733
2010,02,12,6,10.2972
2010,02,12,7,10.6558
2010,02,13,0,12.1388
2010,02,13,1,9.922870000000001
2010,02,13,2,13.7451
2010,02,13,3,9.143379999999999
2010,02,13,4,8.63473
2010,02,13,5,7.939100000000001
2010,02,13,6,7.35753
2010,02,13,7,7.88068
2010,02,14,0,9.24649
2010,02,14,1,10.3437
2010,02,14,2,10.0801
2010,02,14,3,9.490950000000002
2010,02,14,4,9.07096
2010,02,14,5,7.95152
2010,02,14,6,7.197229999999999
2010,02,14,7,8.19797
2010,02,15,0,9.17951
2010,02,15,1,9.590219999999999
2010,02,15,2,9.494639999999999
2010,02,15,3,8.18798
2010,02,15,4,7.403
2010,02,15,5,7.39628
2010,02,15,6,6.28225
2010,02,15,7,6.21253
2010,02,16,0,6.1648000000000005
2010,02,16,1,5.48155
2010,02,16,2,5.6364600000000005
2010,02,16,3,6.023029999999999
2010,02,16,4,5.96091
2010,02,16,5,5.9897
2010,02,16,6,6.18177
2010,02,16,7,7.00594
2010,02,17,0,7.42458
2010,02,17,1,7.5572
2010,02,17,2,7.090859999999999
2010,02,17,3,6.77208
2010,02,17,4,6.35701
2010,02,17,5,5.39415
2010,02,17,6,4.519609999999999
2010,02,17,7,4.45686
2010,02,18,0,5.4541
2010,02,18,1,5.61353
2010,02,18,2,5.58033
2010,02,18,3,7.73388
2010,02,18,4,12.6878
2010,02,18,5,16.2108
2010,02,18,6,20.9602
2010,02,18,7,24.0233
2010,02,19,0,23.3412
2010,02,19,1,19.1429
2010,02,19,2,14.3201
2010,02,19,3,11.012799999999999
2010,02,19,4,9.39339
2010,02,19,5,8.58498
2010,02,19,6,8.13563
2010,02,19,7,8.495149999999999
2010,02,20,0,9.17457
2010,02,20,1,9.789069999999999
2010,02,20,2,10.016
2010,02,20,3,8.683129999999998
2010,02,20,4,7.2543500000000005
2010,02,20,5,6.57575
2010,02,20,6,6.93149
2010,02,20,7,6.0013000000000005
2010,02,21,0,5.16996
2010,02,21,1,6.73712
2010,02,21,2,9.023729999999999
2010,02,21,3,12.2636
2010,02,21,4,14.7415
2010,02,21,5,16.4686
2010,02,21,6,17.94
2010,02,21,7,17.5839
2010,02,22,0,17.256700000000002
2010,02,22,1,15.981
2010,02,22,2,15.1935
2010,02,22,3,15.856399999999999
2010,02,22,4,15.3256
2010,02,22,5,13.391200000000001
2010,02,22,6,11.0885
2010,02,22,7,7.71063
2010,02,23,0,4.91074
2010,02,23,1,4.87017
2010,02,23,2,6.23013
2010,02,23,3,6.33293
2010,02,23,4,6.306970000000001
2010,02,23,5,6.82801
2010,02,23,6,6.86374
2010,02,23,7,7.21089
2010,02,24,0,6.63016
2010,02,24,1,6.7990699999999995
2010,02,24,2,8.10083
2010,02,24,3,8.69423
2010,02,24,4,8.73481
2010,02,24,5,8.64738
2010,02,24,6,8.42066
2010,02,24,7,7.971970000000001
2010,02,25,0,7.7501999999999995
2010,02,25,1,6.9849499999999995
2010,02,25,2,6.39301
2010,02,25,3,6.70895
2010,02,25,4,7.36974
2010,02,25,5,8.540989999999999
2010,02,25,6,10.461
2010,02,25,7,12.754
2010,02,26,0,16.1994
2010,02,26,1,20.0248
2010,02,26,2,21.445
2010,02,26,3,20.0216
2010,02,26,4,24.7447
2010,02,26,5,22.051599999999997
2010,02,26,6,21.8562
2010,02,26,7,23.8811
2010,02,27,0,24.1013
2010,02,27,1,18.377
2010,02,27,2,14.7279
2010,02,27,3,13.529200000000001
2010,02,27,4,13.0626
2010,02,27,5,12.069
2010,02,27,6,10.8651
2010,02,27,7,9.187959999999999
2010,02,28,0,7.21271
2010,02,28,1,6.14742
2010,02,28,2,4.35262
2010,02,28,3,4.58033
2010,02,28,4,4.655600000000001
2010,02,28,5,3.86671
2010,02,28,6,4.09367
2010,02,28,7,6.56658
2010,02,29,0,9.77894
2010,02,29,1,10.389100000000001
2010,02,29,2,11.420200000000001
2010,02,29,3,12.0822
2010,02,29,4,12.0643
2010,02,29,5,11.7071
2010,02,29,6,10.5969
2010,02,29,7,10.8575
2010,02,30,0,12.648100000000001
2010,02,30,1,13.9372
2010,02,30,2,12.8963
2010,02,30,3,11.6675
2010,02,30,4,11.0955
2010,02,30,5,11.047
2010,02,30,6,10.0009
2010,02,30,7,9.96205
2010,02,31,0,10.1345
2010,02,31,1,9.92455
2010,02,31,2,9.03706
2010,02,31,3,8.78093
2010,02,31,4,9.14143
2010,02,31,5,8.66197
2010,02,31,6,7.932600000000001
2010,02,31,7,8.22542
2010,02,1,0,8.79151
2010,02,1,1,9.5305
2010,02,1,2,9.859950000000001
2010,02,1,3,9.786010000000001
2010,02,1,4,9.4253
2010,02,1,5,9.403690000000001
2010,02,1,6,9.19958
2010,02,1,7,9.23434
2010,02,2,0,9.299719999999999
2010,02,2,1,9.39558
2010,02,2,2,9.61474
2010,02,2,3,9.80109
2010,02,2,4,9.92193
2010,02,2,5,9.909040000000001
2010,02,2,6,9.12023
2010,02,2,7,8.57058
2010,02,3,0,8.2925
2010,02,3,1,8.10745
2010,02,3,2,7.841069999999999
2010,02,3,3,7.25903
2010,02,3,4,6.62845
2010,02,3,5,6.0973500000000005
2010,02,3,6,6.49293
2010,02,3,7,6.63146
2010,02,4,0,6.92576
2010,02,4,1,7.50926
2010,02,4,2,7.64066
2010,02,4,3,7.35896
2010,02,4,4,7.02344
2010,02,4,5,6.1418
2010,02,4,6,5.84563
2010,02,4,7,5.4815
2010,02,5,0,5.36221
2010,02,5,1,5.308979999999999
2010,02,5,2,5.207229999999999
2010,02,5,3,4.83863
2010,02,5,4,3.7399299999999998
2010,02,5,5,3.08346
2010,02,5,6,2.85941
2010,02,5,7,3.22781
2010,02,6,0,3.85248
2010,02,6,1,5.04704
2010,02,6,2,6.91866
2010,02,6,3,7.318359999999999
2010,02,6,4,5.8168299999999995
2010,02,6,5,5.47669
2010,02,6,6,5.73862
2010,02,6,7,6.2548900000000005
2010,02,7,0,7.98364
2010,02,7,1,7.86874
2010,02,7,2,8.3125
2010,02,7,3,7.58278
2010,02,7,4,7.06238
2010,02,7,5,8.84188
2010,02,7,6,11.0093
2010,02,7,7,12.344
2010,02,8,0,12.6846
2010,02,8,1,10.6504
2010,02,8,2,8.262780000000001
2010,02,8,3,8.58091
2010,02,8,4,8.24662
2010,02,8,5,8.56599
2010,02,8,6,9.85173
2010,02,8,7,11.2324
2010,02,9,0,13.6506
2010,02,9,1,13.6204
2010,02,9,2,8.11432
2010,02,9,3,7.75304
2010,02,9,4,7.51196
2010,02,9,5,7.21767
2010,02,9,6,6.01206
2010,02,9,7,5.9248400000000006
2010,02,10,0,6.89234
2010,02,10,1,7.45796
2010,02,10,2,7.38818
2010,02,10,3,7.83788
2010,02,10,4,8.3173
2010,02,10,5,8.10163
2010,02,10,6,8.01077
2010,02,10,7,7.86625
2010,02,11,0,7.69568
2010,02,11,1,7.487439999999999
2010,02,11,2,7.570819999999999
2010,02,11,3,7.46072
2010,02,11,4,6.93791
2010,02,11,5,6.23562
2010,02,11,6,5.87082
2010,02,11,7,6.3028
2010,02,12,0,6.90262
2010,02,12,1,7.20208
2010,02,12,2,6.60956
2010,02,12,3,6.4191899999999995
2010,02,12,4,6.78077
2010,02,12,5,7.43759
2010,02,12,6,12.3045
2010,02,12,7,8.13332
2010,02,13,0,7.25337
2010,02,13,1,6.32923
2010,02,13,2,5.504239999999999
2010,02,13,3,5.03165
2010,02,13,4,5.15119
2010,02,13,5,5.49304
2010,02,13,6,5.924729999999999
2010,02,13,7,7.02051
2010,02,14,0,7.79408
2010,02,14,1,6.80986
2010,02,14,2,6.11834
2010,02,14,3,5.85062
2010,02,14,4,5.60627
2010,02,14,5,5.28237
2010,02,14,6,4.9976199999999995
2010,02,14,7,5.03078
2010,02,15,0,5.27535
2010,02,15,1,5.44508
2010,02,15,2,5.35079
2010,02,15,3,5.41064
2010,02,15,4,5.09971
2010,02,15,5,5.44074
2010,02,15,6,5.49937
2010,02,15,7,5.56661
2010,02,16,0,5.75485
2010,02,16,1,5.9958
2010,02,16,2,5.97645
2010,02,16,3,5.902270000000001
2010,02,16,4,5.98133
2010,02,16,5,6.17152
2010,02,16,6,5.9161
2010,02,16,7,5.7489799999999995
2010,02,17,0,6.04192
2010,02,17,1,6.65726
2010,02,17,2,6.9341800000000005
2010,02,17,3,6.652729999999999
2010,02,17,4,6.09871
2010,02,17,5,5.50375
2010,02,17,6,5.28907
2010,02,17,7,5.116029999999999
2010,02,18,0,5.45095
2010,02,18,1,6.2290600000000005
2010,02,18,2,6.92204
2010,02,18,3,6.5005
2010,02,18,4,6.7437700000000005
2010,02,18,5,6.648029999999999
2010,02,18,6,6.02978
2010,02,18,7,5.9044300000000005
2010,02,19,0,6.53259
2010,02,19,1,6.75932
2010,02,19,2,6.1752
2010,02,19,3,5.08045
2010,02,19,4,3.9351700000000003
2010,02,19,5,3.2146999999999997
2010,02,19,6,3.72181
2010,02,19,7,3.81844
2010,02,20,0,4.08959
2010,02,20,1,5.80539
2010,02,20,2,5.27579
2010,02,20,3,5.68646
2010,02,20,4,7.26844
2010,02,20,5,6.94841
2010,02,20,6,6.907520000000001
2010,02,20,7,5.34855
2010,02,21,0,5.45068
2010,02,21,1,5.47768
2010,02,21,2,5.50368
2010,02,21,3,5.13658
2010,02,21,4,4.5343
2010,02,21,5,4.5815
2010,02,21,6,4.13266
2010,02,21,7,3.81284
2010,02,22,0,3.91255
2010,02,22,1,5.24325
2010,02,22,2,5.920850000000001
2010,02,22,3,7.72099
2010,02,22,4,10.9603
2010,02,22,5,11.7446
2010,02,22,6,11.3771
2010,02,22,7,11.3109
2010,02,23,0,11.100100000000001
2010,02,23,1,9.54117
2010,02,23,2,6.73468
2010,02,23,3,6.39396
2010,02,23,4,7.34308
2010,02,23,5,8.05986
2010,02,23,6,7.79007
2010,02,23,7,7.9211599999999995
2010,02,24,0,11.5286
2010,02,24,1,11.6404
2010,02,24,2,8.085890000000001
2010,02,24,3,7.48332
2010,02,24,4,7.18357
2010,02,24,5,7.06184
2010,02,24,6,6.71785
2010,02,24,7,6.55762
2010,02,25,0,5.804810000000001
2010,02,25,1,5.02662
2010,02,25,2,4.66221
2010,02,25,3,5.05977
2010,02,25,4,4.74542
2010,02,25,5,4.89365
2010,02,25,6,4.80135
2010,02,25,7,4.44745
2010,02,26,0,4.27492
2010,02,26,1,4.0499
2010,02,26,2,4.26184
2010,02,26,3,4.81346
2010,02,26,4,5.08132
2010,02,26,5,5.412439999999999
2010,02,26,6,5.56838
2010,02,26,7,6.01438
2010,02,27,0,6.13797
2010,02,27,1,6.03303
2010,02,27,2,6.13047
2010,02,27,3,6.1825
2010,02,27,4,6.33058
2010,02,27,5,6.39978
2010,02,27,6,7.35671
2010,02,27,7,8.09806
2010,02,28,0,8.13241
2010,02,28,1,7.97613
2010,02,28,2,7.83583
2010,02,28,3,8.46252
2010,02,28,4,10.0815
2010,02,28,5,10.1295
2010,02,28,6,10.3634
2010,02,28,7,13.122200000000001
2010,02,29,0,12.3801
2010,02,29,1,11.726
2010,02,29,2,10.8734
2010,02,29,3,10.1662
2010,02,29,4,9.52458
2010,02,29,5,9.29332
2010,02,29,6,8.88494
2010,02,29,7,9.04495
2010,02,30,0,9.53622
2010,02,30,1,10.1012
2010,02,30,2,10.001
2010,02,30,3,12.0379
2010,02,30,4,13.7008
2010,02,30,5,15.6855
2010,02,30,6,17.736099999999997
2010,02,30,7,18.6567
2010,02,1,0,18.1765
2010,02,1,1,17.3232
2010,02,1,2,18.84
2010,02,1,3,19.8947
2010,02,1,4,19.105
2010,02,1,5,18.3055
2010,02,1,6,19.3178
2010,02,1,7,19.9542
2010,02,2,0,26.9478
2010,02,2,1,22.664900000000003
2010,02,2,2,23.669700000000002
2010,02,2,3,25.2301
2010,02,2,4,25.412599999999998
2010,02,2,5,25.1764
2010,02,2,6,24.4752
2010,02,2,7,24.1453
2010,02,3,0,23.3525
2010,02,3,1,22.795
2010,02,3,2,23.9147
2010,02,3,3,21.7746
2010,02,3,4,20.5723
2010,02,3,5,21.7432
2010,02,3,6,21.478
2010,02,3,7,21.286
2010,02,4,0,21.1502
2010,02,4,1,19.8994
2010,02,4,2,19.0321
2010,02,4,3,20.914099999999998
2010,02,4,4,22.7718
2010,02,4,5,21.2286
2010,02,4,6,14.1645
2010,02,4,7,13.821299999999999
2010,02,5,0,13.2044
2010,02,5,1,12.2129
2010,02,5,2,14.4124
2010,02,5,3,14.2934
2010,02,5,4,12.8868
2010,02,5,5,11.4933
2010,02,5,6,10.0428
2010,02,5,7,9.247959999999999
2010,02,6,0,8.228959999999999
2010,02,6,1,7.1377
2010,02,6,2,7.46157
2010,02,6,3,7.20713
2010,02,6,4,8.1486
2010,02,6,5,9.024059999999999
2010,02,6,6,10.038799999999998
2010,02,6,7,11.6835
2010,02,7,0,13.1623
2010,02,7,1,14.294799999999999
2010,02,7,2,13.6725
2010,02,7,3,13.469299999999999
2010,02,7,4,13.593399999999999
2010,02,7,5,14.005600000000001
2010,02,7,6,13.1914
2010,02,7,7,11.892299999999999
2010,02,8,0,11.290299999999998
2010,02,8,1,10.98
2010,02,8,2,11.1831
2010,02,8,3,11.3655
2010,02,8,4,10.8939
2010,02,8,5,10.2462
2010,02,8,6,9.93242
2010,02,8,7,9.63874
2010,02,9,0,10.3135
2010,02,9,1,10.924100000000001
2010,02,9,2,10.7992
2010,02,9,3,10.8128
2010,02,9,4,11.190299999999999
2010,02,9,5,11.7183
2010,02,9,6,13.2693
2010,02,9,7,13.415899999999999
2010,02,10,0,13.5024
2010,02,10,1,14.4397
2010,02,10,2,16.1512
2010,02,10,3,16.4393
2010,02,10,4,16.1986
2010,02,10,5,16.9475
2010,02,10,6,16.9935
2010,02,10,7,16.955
2010,02,11,0,16.8612
2010,02,11,1,16.5645
2010,02,11,2,16.132
2010,02,11,3,16.3172
2010,02,11,4,16.708099999999998
2010,02,11,5,15.479700000000001
2010,02,11,6,15.1231
2010,02,11,7,16.2071
2010,02,12,0,17.5759
2010,02,12,1,17.351
2010,02,12,2,17.34
2010,02,12,3,26.0995
2010,02,12,4,16.4623
2010,02,12,5,14.465
2010,02,12,6,13.266
2010,02,12,7,13.0444
2010,02,13,0,11.3779
2010,02,13,1,9.613190000000001
2010,02,13,2,7.47954
2010,02,13,3,5.18313
2010,02,13,4,3.40074
2010,02,13,5,2.74359
2010,02,13,6,4.26551
2010,02,13,7,5.53424
2010,02,14,0,6.67636
2010,02,14,1,7.64033
2010,02,14,2,7.81555
2010,02,14,3,7.3058000000000005
2010,02,14,4,7.0374099999999995
2010,02,14,5,6.99832
2010,02,14,6,7.33082
2010,02,14,7,8.26741
2010,02,15,0,9.36981
2010,02,15,1,10.0364
2010,02,15,2,10.4525
2010,02,15,3,11.2844
2010,02,15,4,11.3842
2010,02,15,5,11.6441
2010,02,15,6,16.4097
2010,02,15,7,13.1725
2010,02,16,0,14.594899999999999
2010,02,16,1,14.463
2010,02,16,2,14.1765
2010,02,16,3,13.2348
2010,02,16,4,11.9802
2010,02,16,5,11.626100000000001
2010,02,16,6,14.5877
2010,02,16,7,17.3793
2010,02,17,0,16.499
2010,02,17,1,15.8014
2010,02,17,2,16.465700000000002
2010,02,17,3,25.4198
2010,02,17,4,16.6848
2010,02,17,5,16.9877
2010,02,17,6,17.6943
2010,02,17,7,17.053099999999997
2010,02,18,0,16.1602
2010,02,18,1,15.754
2010,02,18,2,18.4325
2010,02,18,3,17.3779
2010,02,18,4,15.8158
2010,02,18,5,14.8638
2010,02,18,6,14.9049
2010,02,18,7,14.7681
2010,02,19,0,14.4152
2010,02,19,1,14.4435
2010,02,19,2,14.5139
2010,02,19,3,14.0829
2010,02,19,4,13.9703
2010,02,19,5,13.777
2010,02,19,6,13.7885
2010,02,19,7,14.153799999999999
2010,02,20,0,14.700700000000001
2010,02,20,1,14.2808
2010,02,20,2,13.702399999999999
2010,02,20,3,14.143600000000001
2010,02,20,4,14.443100000000001
2010,02,20,5,13.209700000000002
2010,02,20,6,16.668200000000002
2010,02,20,7,18.464
2010,02,21,0,17.950599999999998
2010,02,21,1,17.2144
2010,02,21,2,16.0337
2010,02,21,3,15.591700000000001
2010,02,21,4,16.454900000000002
2010,02,21,5,16.617900000000002
2010,02,21,6,15.879
2010,02,21,7,15.9596
2010,02,22,0,17.385900000000003
2010,02,22,1,19.5083
2010,02,22,2,19.2717
2010,02,22,3,17.4377
2010,02,22,4,14.594299999999999
2010,02,22,5,12.8651
2010,02,22,6,11.1576
2010,02,22,7,10.104
2010,02,23,0,10.5204
2010,02,23,1,13.3805
2010,02,23,2,14.5312
2010,02,23,3,13.847700000000001
2010,02,23,4,13.347100000000001
2010,02,23,5,13.6675
2010,02,23,6,14.473799999999999
2010,02,23,7,15.6216
2010,02,24,0,16.884400000000003
2010,02,24,1,17.44
2010,02,24,2,19.054599999999997
2010,02,24,3,20.2057
2010,02,24,4,21.291900000000002
2010,02,24,5,20.2774
2010,02,24,6,22.0028
2010,02,24,7,20.3025
2010,02,25,0,18.001099999999997
2010,02,25,1,18.5965
2010,02,25,2,20.0939
2010,02,25,3,18.6706
2010,02,25,4,11.442
2010,02,25,5,7.48488
2010,02,25,6,7.07378
2010,02,25,7,7.524859999999999
2010,02,26,0,8.49234
2010,02,26,1,8.366610000000001
2010,02,26,2,9.2615
2010,02,26,3,9.70343
2010,02,26,4,6.84588
2010,02,26,5,5.68288
2010,02,26,6,5.01
2010,02,26,7,3.9455999999999998
2010,02,27,0,3.97486
2010,02,27,1,4.74655
2010,02,27,2,4.38103
2010,02,27,3,3.68976
2010,02,27,4,2.84922
2010,02,27,5,2.60135
2010,02,27,6,2.84642
2010,02,27,7,3.49756
2010,02,28,0,5.50933
2010,02,28,1,6.34163
2010,02,28,2,4.554819999999999
2010,02,28,3,5.03158
2010,02,28,4,6.3087
2010,02,28,5,6.82675
2010,02,28,6,5.78853
2010,02,28,7,5.77124
2010,02,29,0,5.21999
2010,02,29,1,5.06682
2010,02,29,2,5.34597
2010,02,29,3,5.6970600000000005
2010,02,29,4,6.31627
2010,02,29,5,7.02746
2010,02,29,6,8.325940000000001
2010,02,29,7,9.26939
2010,02,30,0,9.5061
2010,02,30,1,10.7582
2010,02,30,2,11.3876
2010,02,30,3,10.9353
2010,02,30,4,10.5901
2010,02,30,5,10.9992
2010,02,30,6,9.0773
2010,02,30,7,6.79744
2010,02,31,0,7.12146
2010,02,31,1,8.17667
2010,02,31,2,7.7337
2010,02,31,3,8.23073
2010,02,31,4,8.519879999999999
2010,02,31,5,8.58539
2010,02,31,6,9.28794
2010,02,31,7,9.57321
2010,02,1,0,9.79885
2010,02,1,1,10.59
2010,02,1,2,11.244200000000001
2010,02,1,3,11.9495
2010,02,1,4,12.101299999999998
2010,02,1,5,12.1462
2010,02,1,6,11.739799999999999
2010,02,1,7,11.1528
2010,02,2,0,10.8554
2010,02,2,1,10.5501
2010,02,2,2,10.574200000000001
2010,02,2,3,10.677200000000001
2010,02,2,4,10.8158
2010,02,2,5,10.8575
2010,02,2,6,11.0502
2010,02,2,7,11.8079
2010,02,3,0,11.68
2010,02,3,1,11.6825
2010,02,3,2,11.8956
2010,02,3,3,11.9545
2010,02,3,4,11.7365
2010,02,3,5,11.6471
2010,02,3,6,11.9646
2010,02,3,7,12.5123
2010,02,4,0,12.687899999999999
2010,02,4,1,12.496799999999999
2010,02,4,2,12.277
2010,02,4,3,12.5709
2010,02,4,4,13.0395
2010,02,4,5,13.271
2010,02,4,6,13.2324
2010,02,4,7,12.798399999999999
2010,02,5,0,13.355799999999999
2010,02,5,1,13.5417
2010,02,5,2,13.5095
2010,02,5,3,12.8537
2010,02,5,4,12.0659
2010,02,5,5,11.647
2010,02,5,6,10.761899999999999
2010,02,5,7,10.6537
2010,02,6,0,10.178600000000001
2010,02,6,1,10.4399
2010,02,6,2,10.2142
2010,02,6,3,10.3125
2010,02,6,4,10.3918
2010,02,6,5,10.9949
2010,02,6,6,10.6904
2010,02,6,7,14.257299999999999
2010,02,7,0,13.505
2010,02,7,1,15.4236
2010,02,7,2,12.449200000000001
2010,02,7,3,12.5916
2010,02,7,4,14.5358
2010,02,7,5,14.7085
2010,02,7,6,12.9268
2010,02,7,7,11.5661
2010,02,8,0,12.8301
2010,02,8,1,13.8567
2010,02,8,2,13.282200000000001
2010,02,8,3,9.21629
2010,02,8,4,6.09037
2010,02,8,5,4.878310000000001
2010,02,8,6,4.52841
2010,02,8,7,4.84705
2010,02,9,0,5.1854
2010,02,9,1,5.026140000000001
2010,02,9,2,4.85062
2010,02,9,3,4.45127
2010,02,9,4,4.41874
2010,02,9,5,4.3878900000000005
2010,02,9,6,4.41788
2010,02,9,7,4.88534
2010,02,10,0,5.17763
2010,02,10,1,5.51121
2010,02,10,2,6.72647
2010,02,10,3,6.6104899999999995
2010,02,10,4,6.17753
2010,02,10,5,5.85264
2010,02,10,6,5.78509
2010,02,10,7,6.58697
2010,02,11,0,7.58091
2010,02,11,1,6.86597
2010,02,11,2,5.771109999999999
2010,02,11,3,5.16696
2010,02,11,4,4.290649999999999
2010,02,11,5,3.65863
2010,02,11,6,4.3262
2010,02,11,7,3.94036
2010,02,12,0,4.27101
2010,02,12,1,4.28534
2010,02,12,2,3.93121
2010,02,12,3,4.394489999999999
2010,02,12,4,4.57208
2010,02,12,5,4.78574
2010,02,12,6,5.58078
2010,02,12,7,6.6931899999999995
2010,02,13,0,7.32193
2010,02,13,1,7.70595
2010,02,13,2,8.584040000000002
2010,02,13,3,6.79438
2010,02,13,4,5.48104
2010,02,13,5,6.26435
2010,02,13,6,6.83238
2010,02,13,7,7.48801
2010,02,14,0,8.73822
2010,02,14,1,9.091209999999998
2010,02,14,2,8.1684
2010,02,14,3,10.006
2010,02,14,4,11.0036
2010,02,14,5,13.0125
2010,02,14,6,12.877
2010,02,14,7,13.9544
2010,02,15,0,14.2936
2010,02,15,1,13.9651
2010,02,15,2,12.3258
2010,02,15,3,11.9709
2010,02,15,4,10.2013
2010,02,15,5,9.35135
2010,02,15,6,9.37424
2010,02,15,7,9.91639
2010,02,16,0,9.89364
2010,02,16,1,9.740120000000001
2010,02,16,2,9.820200000000002
2010,02,16,3,8.19172
2010,02,16,4,7.411239999999999
2010,02,16,5,5.86854
2010,02,16,6,3.91066
2010,02,16,7,3.0957
2010,02,17,0,3.23833
2010,02,17,1,3.2747800000000002
2010,02,17,2,3.36003
2010,02,17,3,3.54027
2010,02,17,4,3.84395
2010,02,17,5,4.41667
2010,02,17,6,4.74772
2010,02,17,7,5.19
2010,02,18,0,5.15263
2010,02,18,1,4.85256
2010,02,18,2,4.07499
2010,02,18,3,3.5388800000000002
2010,02,18,4,3.5993000000000004
2010,02,18,5,4.19702
2010,02,18,6,4.9062
2010,02,18,7,5.020779999999999
2010,02,19,0,5.25938
2010,02,19,1,5.15631
2010,02,19,2,4.97107
2010,02,19,3,5.76837
2010,02,19,4,6.97396
2010,02,19,5,6.60896
2010,02,19,6,7.480569999999999
2010,02,19,7,8.590549999999999
2010,02,20,0,9.49893
2010,02,20,1,10.2648
2010,02,20,2,11.1185
2010,02,20,3,11.255
2010,02,20,4,9.29486
2010,02,20,5,7.94544
2010,02,20,6,9.1078
2010,02,20,7,5.32799
2010,02,21,0,3.62548
2010,02,21,1,3.4274899999999997
2010,02,21,2,3.91455
2010,02,21,3,5.345470000000001
2010,02,21,4,7.27792
2010,02,21,5,3.54858
2010,02,21,6,4.7343
2010,02,21,7,3.60866
2010,02,22,0,3.89753
2010,02,22,1,3.75653
2010,02,22,2,4.07375
2010,02,22,3,4.80743
2010,02,22,4,4.197520000000001
2010,02,22,5,3.94995
2010,02,22,6,4.10457
2010,02,22,7,4.27566
2010,02,23,0,4.93158
2010,02,23,1,5.27181
2010,02,23,2,5.08923
2010,02,23,3,5.1097
2010,02,23,4,5.45789
2010,02,23,5,5.45325
2010,02,23,6,6.68408
2010,02,23,7,6.49756
2010,02,24,0,6.59066
2010,02,24,1,2.75948
2010,02,24,2,2.88222
2010,02,24,3,3.85195
2010,02,24,4,3.96985
2010,02,24,5,3.2343200000000003
2010,02,24,6,2.8666199999999997
2010,02,24,7,2.24029
2010,02,25,0,1.66803
2010,02,25,1,1.6026099999999999
2010,02,25,2,1.7165599999999999
2010,02,25,3,1.55891
2010,02,25,4,1.68296
2010,02,25,5,2.21841
2010,02,25,6,2.6500500000000002
2010,02,25,7,3.09912
2010,02,26,0,3.19148
2010,02,26,1,3.68617
2010,02,26,2,3.51206
2010,02,26,3,3.1777399999999996
2010,02,26,4,2.90766
2010,02,26,5,2.76359
2010,02,26,6,2.76572
2010,02,26,7,2.8118600000000002
2010,02,27,0,2.99832
2010,02,27,1,3.22573
2010,02,27,2,3.27226
2010,02,27,3,3.1663099999999997
2010,02,27,4,3.43398
2010,02,27,5,4.5087399999999995
2010,02,27,6,7.01467
2010,02,27,7,7.2303500000000005
2010,02,28,0,7.4242
2010,02,28,1,6.92965
2010,02,28,2,5.65215
2010,02,28,3,5.12396
2010,02,28,4,4.7921000000000005
2010,02,28,5,4.20369
2010,02,28,6,3.2744
2010,02,28,7,2.9021999999999997
2010,02,29,0,2.85791
2010,02,29,1,2.92685
2010,02,29,2,2.97365
2010,02,29,3,2.56188
2010,02,29,4,2.47039
2010,02,29,5,2.5268800000000002
2010,02,29,6,2.77393
2010,02,29,7,2.8652800000000003
2010,02,30,0,3.08432
2010,02,30,1,3.9159800000000002
2010,02,30,2,4.5036499999999995
2010,02,30,3,5.2265500000000005
2010,02,30,4,5.6140799999999995
2010,02,30,5,6.41218
2010,02,30,6,6.923640000000001
2010,02,30,7,7.2238999999999995
2010,02,1,0,8.23557
2010,02,1,1,8.60542
2010,02,1,2,8.59834
2010,02,1,3,8.765229999999999
2010,02,1,4,8.37682
2010,02,1,5,7.745850000000001
2010,02,1,6,7.55456
2010,02,1,7,7.8037600000000005
2010,02,2,0,8.47264
2010,02,2,1,9.643049999999999
2010,02,2,2,10.3045
2010,02,2,3,10.5551
2010,02,2,4,10.674700000000001
2010,02,2,5,11.8258
2010,02,2,6,11.9179
2010,02,2,7,12.631
2010,02,3,0,13.4239
2010,02,3,1,11.6464
2010,02,3,2,9.57058
2010,02,3,3,9.46608
2010,02,3,4,9.51058
2010,02,3,5,11.492
2010,02,3,6,12.568299999999999
2010,02,3,7,12.9716
2010,02,4,0,13.838
2010,02,4,1,14.9833
2010,02,4,2,14.6272
2010,02,4,3,12.5791
2010,02,4,4,13.558399999999999
2010,02,4,5,13.5673
2010,02,4,6,13.965
2010,02,4,7,12.0923
2010,02,5,0,10.1665
2010,02,5,1,9.79837
2010,02,5,2,19.8281
2010,02,5,3,9.6774
2010,02,5,4,8.97616
2010,02,5,5,7.90032
2010,02,5,6,8.65142
2010,02,5,7,12.4129
2010,02,6,0,11.972299999999999
2010,02,6,1,12.0278
2010,02,6,2,14.0654
2010,02,6,3,9.66201
2010,02,6,4,7.1689099999999994
2010,02,6,5,5.7347
2010,02,6,6,4.96495
2010,02,6,7,5.91269
2010,02,7,0,6.55319
2010,02,7,1,7.7337
2010,02,7,2,8.24549
2010,02,7,3,7.13356
2010,02,7,4,7.58557
2010,02,7,5,6.97987
2010,02,7,6,6.43767
2010,02,7,7,6.22969
2010,02,8,0,6.26408
2010,02,8,1,5.91812
2010,02,8,2,6.17395
2010,02,8,3,6.379449999999999
2010,02,8,4,5.995939999999999
2010,02,8,5,5.7614
2010,02,8,6,5.91981
2010,02,8,7,7.73736
2010,02,9,0,11.014299999999999
2010,02,9,1,14.4369
2010,02,9,2,16.5251
2010,02,9,3,17.593799999999998
2010,02,9,4,17.4825
2010,02,9,5,18.1735
2010,02,9,6,19.5061
2010,02,9,7,19.059099999999997
2010,02,10,0,17.0534
2010,02,10,1,13.570200000000002
2010,02,10,2,12.3077
2010,02,10,3,12.5561
2010,02,10,4,14.501100000000001
2010,02,10,5,14.7938
2010,02,10,6,15.363100000000001
2010,02,10,7,16.5918
2010,02,11,0,16.2961
2010,02,11,1,14.803799999999999
2010,02,11,2,14.0413
2010,02,11,3,13.541
2010,02,11,4,13.2245
2010,02,11,5,11.3285
2010,02,11,6,10.5446
2010,02,11,7,10.5023
2010,02,12,0,10.0425
2010,02,12,1,10.3844
2010,02,12,2,9.986030000000001
2010,02,12,3,9.293379999999999
2010,02,12,4,8.668149999999999
2010,02,12,5,7.97066
2010,02,12,6,7.687060000000001
2010,02,12,7,7.63401
2010,02,13,0,7.35042
2010,02,13,1,6.61163
2010,02,13,2,3.80631
2010,02,13,3,2.91574
2010,02,13,4,2.5596
2010,02,13,5,2.49219
2010,02,13,6,2.44418
2010,02,13,7,3.80281
2010,02,14,0,3.7051399999999997
2010,02,14,1,5.7605
2010,02,14,2,5.58442
2010,02,14,3,6.46652
2010,02,14,4,6.984979999999999
2010,02,14,5,8.96548
2010,02,14,6,11.4423
2010,02,14,7,12.366299999999999
2010,02,15,0,14.1573
2010,02,15,1,15.8904
2010,02,15,2,14.7273
2010,02,15,3,13.7195
2010,02,15,4,10.0914
2010,02,15,5,8.67442
2010,02,15,6,8.13611
2010,02,15,7,8.65662
2010,02,16,0,9.069370000000001
2010,02,16,1,8.5808
2010,02,16,2,8.254850000000001
2010,02,16,3,7.44559
2010,02,16,4,7.35454
2010,02,16,5,6.98005
2010,02,16,6,6.7595
2010,02,16,7,5.96825
2010,02,17,0,5.61329
2010,02,17,1,6.232939999999999
2010,02,17,2,7.16518
2010,02,17,3,9.06147
2010,02,17,4,13.1555
2010,02,17,5,12.687
2010,02,17,6,12.406
2010,02,17,7,13.1435
2010,02,18,0,13.9443
2010,02,18,1,14.3469
2010,02,18,2,14.9125
2010,02,18,3,13.7657
2010,02,18,4,14.4237
2010,02,18,5,13.6519
2010,02,18,6,14.185
2010,02,18,7,14.164100000000001
2010,02,19,0,15.7209
2010,02,19,1,15.7071
2010,02,19,2,15.756200000000002
2010,02,19,3,14.9615
2010,02,19,4,17.3034
2010,02,19,5,16.8184
2010,02,19,6,17.1993
2010,02,19,7,16.4693
2010,02,20,0,14.6042
2010,02,20,1,12.4119
2010,02,20,2,11.1456
2010,02,20,3,10.34
2010,02,20,4,11.0266
2010,02,20,5,11.698
2010,02,20,6,12.2088
2010,02,20,7,12.969899999999999
2010,02,21,0,12.5982
2010,02,21,1,10.9502
2010,02,21,2,8.661290000000001
2010,02,21,3,8.26628
2010,02,21,4,7.513319999999999
2010,02,21,5,6.84233
2010,02,21,6,7.02879
2010,02,21,7,8.20032
2010,02,22,0,9.582120000000002
2010,02,22,1,10.5267
2010,02,22,2,12.0939
2010,02,22,3,12.2441
2010,02,22,4,12.2198
2010,02,22,5,13.3889
2010,02,22,6,13.717600000000001
2010,02,22,7,13.4245
2010,02,23,0,12.716299999999999
2010,02,23,1,11.9826
2010,02,23,2,10.6854
2010,02,23,3,9.37837
2010,02,23,4,8.34288
2010,02,23,5,7.963229999999999
2010,02,23,6,8.685709999999998
2010,02,23,7,8.90822
2010,02,24,0,9.16558
2010,02,24,1,9.63344
2010,02,24,2,9.77282
2010,02,24,3,8.387889999999999
2010,02,24,4,7.94655
2010,02,24,5,7.4622399999999995
2010,02,24,6,6.8772
2010,02,24,7,6.294020000000001
2010,02,25,0,6.6443900000000005
2010,02,25,1,6.75441
2010,02,25,2,6.43608
2010,02,25,3,6.627260000000001
2010,02,25,4,7.21717
2010,02,25,5,7.84689
2010,02,25,6,7.91899
2010,02,25,7,8.87935
2010,02,26,0,9.80609
2010,02,26,1,11.6645
2010,02,26,2,13.324399999999999
2010,02,26,3,11.1927
2010,02,26,4,7.744260000000001
2010,02,26,5,4.1182799999999995
2010,02,26,6,3.42543
2010,02,26,7,4.50889
2010,02,27,0,4.92423
2010,02,27,1,5.10448
2010,02,27,2,5.29863
2010,02,27,3,5.96805
2010,02,27,4,6.94622
2010,02,27,5,7.084029999999999
2010,02,27,6,7.2004399999999995
2010,02,27,7,7.31059
2010,02,28,0,7.28036
2010,02,28,1,7.29837
2010,02,28,2,7.71755
2010,02,28,3,8.9244
2010,02,28,4,8.557030000000001
2010,02,28,5,10.383899999999999
2010,02,28,6,11.571200000000001
2010,02,28,7,12.9804
2010,02,29,0,14.9871
2010,02,29,1,15.8721
2010,02,29,2,15.039200000000001
2010,02,29,3,13.228399999999999
2010,02,29,4,11.427700000000002
2010,02,29,5,8.5574
2010,02,29,6,8.12667
2010,02,29,7,5.81999
2010,02,30,0,4.36433
2010,02,30,1,4.80479
2010,02,30,2,4.25869
2010,02,30,3,3.23981
2010,02,30,4,2.86192
2010,02,30,5,2.9063000000000003
2010,02,30,6,3.0407100000000002
2010,02,30,7,3.11961
2010,02,31,0,3.3859299999999997
2010,02,31,1,3.1609000000000003
2010,02,31,2,2.80108
2010,02,31,3,2.46964
2010,02,31,4,2.19164
2010,02,31,5,1.9243299999999999
2010,02,31,6,1.94426
2010,02,31,7,2.3416799999999998
2011,02,1,0,2.97961
2011,02,1,1,3.36071
2011,02,1,2,3.90137
2011,02,1,3,4.37668
2011,02,1,4,5.16587
2011,02,1,5,5.46378
2011,02,1,6,11.7828
2011,02,1,7,6.4512
2011,02,2,0,8.808069999999999
2011,02,2,1,9.4237
2011,02,2,2,9.37653
2011,02,2,3,8.62399
2011,02,2,4,8.68002
2011,02,2,5,8.34303
2011,02,2,6,8.710420000000001
2011,02,2,7,8.77307
2011,02,3,0,8.42272
2011,02,3,1,7.97959
2011,02,3,2,7.51199
2011,02,3,3,7.10837
2011,02,3,4,6.92861
2011,02,3,5,6.75026
2011,02,3,6,6.9354499999999994
2011,02,3,7,6.7767
2011,02,4,0,6.760020000000001
2011,02,4,1,6.602270000000001
2011,02,4,2,6.2766
2011,02,4,3,5.69907
2011,02,4,4,5.11349
2011,02,4,5,4.5868199999999995
2011,02,4,6,3.56217
2011,02,4,7,3.1880300000000004
2011,02,5,0,3.07755
2011,02,5,1,2.53565
2011,02,5,2,1.71101
2011,02,5,3,1.45927
2011,02,5,4,1.30856
2011,02,5,5,1.32449
2011,02,5,6,1.26918
2011,02,5,7,1.24993
2011,02,6,0,1.2227000000000001
2011,02,6,1,1.45285
2011,02,6,2,2.07048
2011,02,6,3,1.9798099999999998
2011,02,6,4,1.76271
2011,02,6,5,2.0819099999999997
2011,02,6,6,2.99244
2011,02,6,7,3.35942
2011,02,7,0,3.54856
2011,02,7,1,3.81619
2011,02,7,2,4.21958
2011,02,7,3,6.08825
2011,02,7,4,5.294569999999999
2011,02,7,5,5.71314
2011,02,7,6,6.32419
2011,02,7,7,6.3984499999999995
2011,02,8,0,6.496090000000001
2011,02,8,1,7.20428
2011,02,8,2,8.905809999999999
2011,02,8,3,9.228110000000001
2011,02,8,4,9.19002
2011,02,8,5,9.434389999999999
2011,02,8,6,9.143450000000001
2011,02,8,7,8.94992
2011,02,9,0,8.12175
2011,02,9,1,7.56751
2011,02,9,2,6.4668
2011,02,9,3,5.35753
2011,02,9,4,5.08071
2011,02,9,5,4.08098
2011,02,9,6,3.99919
2011,02,9,7,4.76743
2011,02,10,0,5.04168
2011,02,10,1,4.96958
2011,02,10,2,4.33655
2011,02,10,3,3.79427
2011,02,10,4,3.73446
2011,02,10,5,3.78688
2011,02,10,6,3.9171199999999997
2011,02,10,7,4.51798
2011,02,11,0,5.06751
2011,02,11,1,5.69846
2011,02,11,2,6.29625
2011,02,11,3,7.16268
2011,02,11,4,7.69372
2011,02,11,5,7.43585
2011,02,11,6,7.80512
2011,02,11,7,8.37185
2011,02,12,0,8.51576
2011,02,12,1,8.22493
2011,02,12,2,9.64931
2011,02,12,3,8.52205
2011,02,12,4,7.85621
2011,02,12,5,7.430479999999999
2011,02,12,6,6.281350000000001
2011,02,12,7,7.09492
2011,02,13,0,7.1944099999999995
2011,02,13,1,7.39624
2011,02,13,2,8.02015
2011,02,13,3,8.21946
2011,02,13,4,8.20308
2011,02,13,5,8.588479999999999
2011,02,13,6,10.150799999999998
2011,02,13,7,11.516200000000001
2011,02,14,0,13.941600000000001
2011,02,14,1,11.2491
2011,02,14,2,10.2059
2011,02,14,3,10.0806
2011,02,14,4,7.403770000000001
2011,02,14,5,6.3070699999999995
2011,02,14,6,7.50501
2011,02,14,7,11.273700000000002
2011,02,15,0,13.2542
2011,02,15,1,10.968200000000001
2011,02,15,2,8.73994
2011,02,15,3,8.1701
2011,02,15,4,8.2273
2011,02,15,5,8.19185
2011,02,15,6,9.51601
2011,02,15,7,10.7683
2011,02,16,0,10.7956
2011,02,16,1,10.883299999999998
2011,02,16,2,11.578299999999999
2011,02,16,3,12.2416
2011,02,16,4,12.912600000000001
2011,02,16,5,11.9148
2011,02,16,6,14.8174
2011,02,16,7,16.4268
2011,02,17,0,18.846700000000002
2011,02,17,1,18.6963
2011,02,17,2,17.5987
2011,02,17,3,15.6443
2011,02,17,4,12.8466
2011,02,17,5,13.7839
2011,02,17,6,12.2675
2011,02,17,7,10.1706
2011,02,18,0,8.31628
2011,02,18,1,5.3941099999999995
2011,02,18,2,3.84977
2011,02,18,3,4.89259
2011,02,18,4,6.1673
2011,02,18,5,7.070189999999999
2011,02,18,6,7.68456
2011,02,18,7,8.473090000000001
2011,02,19,0,7.94287
2011,02,19,1,8.41787
2011,02,19,2,8.39522
2011,02,19,3,7.684189999999999
2011,02,19,4,6.18095
2011,02,19,5,7.04839
2011,02,19,6,7.1182799999999995
2011,02,19,7,6.63308
2011,02,20,0,5.77266
2011,02,20,1,5.38507
2011,02,20,2,4.5335
2011,02,20,3,2.80512
2011,02,20,4,2.18394
2011,02,20,5,2.07111
2011,02,20,6,3.55948
2011,02,20,7,3.84091
2011,02,21,0,4.278029999999999
2011,02,21,1,4.21037
2011,02,21,2,3.919
2011,02,21,3,4.868510000000001
2011,02,21,4,6.68701
2011,02,21,5,7.69741
2011,02,21,6,6.79696
2011,02,21,7,7.08704
2011,02,22,0,8.195409999999999
2011,02,22,1,8.820049999999998
2011,02,22,2,9.248569999999999
2011,02,22,3,9.51048
2011,02,22,4,10.6942
2011,02,22,5,12.558200000000001
2011,02,22,6,12.2499
2011,02,22,7,9.830969999999999
2011,02,23,0,5.058739999999999
2011,02,23,1,3.38658
2011,02,23,2,2.49586
2011,02,23,3,2.41824
2011,02,23,4,2.10475
2011,02,23,5,2.0106800000000002
2011,02,23,6,1.90146
2011,02,23,7,2.95723
2011,02,24,0,2.81861
2011,02,24,1,3.30038
2011,02,24,2,4.1226
2011,02,24,3,4.5991800000000005
2011,02,24,4,4.15929
2011,02,24,5,4.38255
2011,02,24,6,5.41551
2011,02,24,7,7.38017
2011,02,25,0,8.1739
2011,02,25,1,8.579559999999999
2011,02,25,2,7.69122
2011,02,25,3,6.42656
2011,02,25,4,6.43064
2011,02,25,5,6.48212
2011,02,25,6,6.19569
2011,02,25,7,5.7317
2011,02,26,0,5.84057
2011,02,26,1,5.906020000000001
2011,02,26,2,5.12009
2011,02,26,3,4.941229999999999
2011,02,26,4,4.7717
2011,02,26,5,3.35657
2011,02,26,6,4.91203
2011,02,26,7,4.30192
2011,02,27,0,3.8678600000000003
2011,02,27,1,3.90594
2011,02,27,2,3.0970999999999997
2011,02,27,3,2.05375
2011,02,27,4,2.20336
2011,02,27,5,2.17693
2011,02,27,6,2.40799
2011,02,27,7,3.3882600000000003
2011,02,28,0,3.6219099999999997
2011,02,28,1,3.75804
2011,02,28,2,3.8811199999999997
2011,02,28,3,3.7422199999999997
2011,02,28,4,3.73152
2011,02,28,5,3.8971199999999997
2011,02,28,6,4.15166
2011,02,28,7,4.30459
2011,02,29,0,4.0481799999999994
2011,02,29,1,3.41358
2011,02,29,2,3.37179
2011,02,29,3,3.8118600000000002
2011,02,29,4,3.99897
2011,02,29,5,3.70046
2011,02,29,6,4.13388
2011,02,29,7,4.92284
2011,02,30,0,5.88486
2011,02,30,1,5.39204
2011,02,30,2,4.2683100000000005
2011,02,30,3,4.05699
2011,02,30,4,4.72734
2011,02,30,5,6.12546
2011,02,30,6,6.66369
2011,02,30,7,7.90106
2011,02,31,0,9.36833
2011,02,31,1,7.2716
2011,02,31,2,6.5828299999999995
2011,02,31,3,6.36104
2011,02,31,4,5.58397
2011,02,31,5,4.69803
2011,02,31,6,4.888649999999999
2011,02,31,7,5.0539
2011,02,1,0,5.665520000000001
2011,02,1,1,6.3648
2011,02,1,2,6.958399999999999
2011,02,1,3,7.05534
2011,02,1,4,6.6299399999999995
2011,02,1,5,4.118930000000001
2011,02,1,6,3.5169699999999997
2011,02,1,7,2.82245
2011,02,2,0,1.9666199999999998
2011,02,2,1,1.43219
2011,02,2,2,1.43553
2011,02,2,3,1.3051700000000002
2011,02,2,4,0.915188
2011,02,2,5,0.7907580000000001
2011,02,2,6,1.37127
2011,02,2,7,1.8411099999999998
2011,02,3,0,2.01093
2011,02,3,1,2.4655
2011,02,3,2,2.70165
2011,02,3,3,2.73963
2011,02,3,4,2.92385
2011,02,3,5,3.61959
2011,02,3,6,4.24709
2011,02,3,7,3.97374
2011,02,4,0,3.70635
2011,02,4,1,4.18972
2011,02,4,2,4.20613
2011,02,4,3,5.99596
2011,02,4,4,8.21467
2011,02,4,5,9.589319999999999
2011,02,4,6,8.60747
2011,02,4,7,7.65108
2011,02,5,0,7.35645
2011,02,5,1,7.13378
2011,02,5,2,6.9173
2011,02,5,3,8.03069
2011,02,5,4,8.255690000000001
2011,02,5,5,9.684299999999999
2011,02,5,6,11.4626
2011,02,5,7,12.1625
2011,02,6,0,11.1409
2011,02,6,1,9.50469
2011,02,6,2,9.622129999999999
2011,02,6,3,9.985809999999999
2011,02,6,4,9.18398
2011,02,6,5,8.53331
2011,02,6,6,8.98416
2011,02,6,7,10.3316
2011,02,7,0,12.4634
2011,02,7,1,12.5297
2011,02,7,2,11.428
2011,02,7,3,9.5602
2011,02,7,4,7.017600000000001
2011,02,7,5,5.62938
2011,02,7,6,6.15182
2011,02,7,7,5.0178
2011,02,8,0,4.95057
2011,02,8,1,4.01367
2011,02,8,2,3.8951700000000002
2011,02,8,3,3.4511700000000003
2011,02,8,4,3.38368
2011,02,8,5,3.62086
2011,02,8,6,3.6268800000000003
2011,02,8,7,3.73381
2011,02,9,0,3.54257
2011,02,9,1,3.13437
2011,02,9,2,3.01639
2011,02,9,3,3.13457
2011,02,9,4,3.5056100000000003
2011,02,9,5,3.64092
2011,02,9,6,3.4077800000000003
2011,02,9,7,3.23189
2011,02,10,0,3.44852
2011,02,10,1,3.0751399999999998
2011,02,10,2,2.98051
2011,02,10,3,2.87427
2011,02,10,4,2.88731
2011,02,10,5,2.79772
2011,02,10,6,2.82116
2011,02,10,7,3.32165
2011,02,11,0,3.73726
2011,02,11,1,3.62879
2011,02,11,2,3.37169
2011,02,11,3,3.2080300000000004
2011,02,11,4,3.07823
2011,02,11,5,3.06962
2011,02,11,6,3.98173
2011,02,11,7,4.100689999999999
2011,02,12,0,4.74395
2011,02,12,1,5.2779300000000005
2011,02,12,2,6.040229999999999
2011,02,12,3,6.25348
2011,02,12,4,5.99331
2011,02,12,5,5.63162
2011,02,12,6,5.4847399999999995
2011,02,12,7,4.8695200000000005
2011,02,13,0,4.4656400000000005
2011,02,13,1,3.85151
2011,02,13,2,2.75514
2011,02,13,3,1.82243
2011,02,13,4,1.89953
2011,02,13,5,2.32721
2011,02,13,6,2.68982
2011,02,13,7,3.74053
2011,02,14,0,4.33671
2011,02,14,1,4.794029999999999
2011,02,14,2,4.78933
2011,02,14,3,5.36316
2011,02,14,4,6.74388
2011,02,14,5,5.3039
2011,02,14,6,7.48483
2011,02,14,7,5.840949999999999
2011,02,15,0,6.5062
2011,02,15,1,5.57545
2011,02,15,2,4.5387200000000005
2011,02,15,3,4.818560000000001
2011,02,15,4,5.10487
2011,02,15,5,4.67676
2011,02,15,6,4.7127
2011,02,15,7,4.42072
2011,02,16,0,4.69645
2011,02,16,1,4.38287
2011,02,16,2,4.66851
2011,02,16,3,4.42377
2011,02,16,4,4.91479
2011,02,16,5,6.5997200000000005
2011,02,16,6,9.598139999999999
2011,02,16,7,5.7512799999999995
2011,02,17,0,4.55791
2011,02,17,1,3.76463
2011,02,17,2,3.3900900000000003
2011,02,17,3,2.94827
2011,02,17,4,3.03949
2011,02,17,5,3.21866
2011,02,17,6,3.51435
2011,02,17,7,3.62998
2011,02,18,0,4.47591
2011,02,18,1,4.69436
2011,02,18,2,4.95486
2011,02,18,3,4.980449999999999
2011,02,18,4,4.9189300000000005
2011,02,18,5,4.90962
2011,02,18,6,5.56777
2011,02,18,7,6.64994
2011,02,19,0,7.68783
2011,02,19,1,10.0246
2011,02,19,2,12.2341
2011,02,19,3,10.6117
2011,02,19,4,6.83233
2011,02,19,5,5.48579
2011,02,19,6,4.03305
2011,02,19,7,3.67896
2011,02,20,0,4.23449
2011,02,20,1,4.79284
2011,02,20,2,4.99942
2011,02,20,3,5.44675
2011,02,20,4,5.39992
2011,02,20,5,4.10785
2011,02,20,6,3.10759
2011,02,20,7,2.67468
2011,02,21,0,3.4663600000000003
2011,02,21,1,3.92468
2011,02,21,2,4.06925
2011,02,21,3,4.07064
2011,02,21,4,3.99352
2011,02,21,5,4.01344
2011,02,21,6,4.58058
2011,02,21,7,4.86913
2011,02,22,0,5.57493
2011,02,22,1,5.868609999999999
2011,02,22,2,5.86524
2011,02,22,3,5.88891
2011,02,22,4,5.63532
2011,02,22,5,5.13034
2011,02,22,6,4.74238
2011,02,22,7,4.27588
2011,02,23,0,4.63524
2011,02,23,1,4.7094
2011,02,23,2,4.675020000000001
2011,02,23,3,4.5898
2011,02,23,4,4.78111
2011,02,23,5,5.092029999999999
2011,02,23,6,5.42314
2011,02,23,7,5.93304
2011,02,24,0,5.78524
2011,02,24,1,6.09913
2011,02,24,2,5.45784
2011,02,24,3,4.165439999999999
2011,02,24,4,4.6042700000000005
2011,02,24,5,5.48628
2011,02,24,6,6.59349
2011,02,24,7,7.4516599999999995
2011,02,25,0,8.63867
2011,02,25,1,9.133379999999999
2011,02,25,2,8.56958
2011,02,25,3,8.398010000000001
2011,02,25,4,7.76699
2011,02,25,5,6.8072799999999996
2011,02,25,6,6.051729999999999
2011,02,25,7,5.990609999999999
2011,02,26,0,7.66416
2011,02,26,1,8.522459999999999
2011,02,26,2,7.31177
2011,02,26,3,6.07925
2011,02,26,4,4.25483
2011,02,26,5,3.71169
2011,02,26,6,3.68603
2011,02,26,7,3.9237100000000003
2011,02,27,0,3.95942
2011,02,27,1,4.42965
2011,02,27,2,4.4974
2011,02,27,3,3.75265
2011,02,27,4,3.6043600000000002
2011,02,27,5,3.28846
2011,02,27,6,2.8867399999999996
2011,02,27,7,3.04667
2011,02,28,0,3.1715999999999998
2011,02,28,1,3.38458
2011,02,28,2,3.27726
2011,02,28,3,3.14914
2011,02,28,4,2.59097
2011,02,28,5,2.4316
2011,02,28,6,2.71719
2011,02,28,7,2.95454
2011,02,1,0,3.88294
2011,02,1,1,4.32688
2011,02,1,2,4.11171
2011,02,1,3,3.7445
2011,02,1,4,3.37976
2011,02,1,5,3.29296
2011,02,1,6,4.29203
2011,02,1,7,5.91162
2011,02,2,0,7.218100000000001
2011,02,2,1,7.71349
2011,02,2,2,8.440790000000002
2011,02,2,3,9.537540000000002
2011,02,2,4,11.2317
2011,02,2,5,13.409600000000001
2011,02,2,6,11.6921
2011,02,2,7,10.020100000000001
2011,02,3,0,8.40766
2011,02,3,1,6.513229999999999
2011,02,3,2,6.47448
2011,02,3,3,6.81789
2011,02,3,4,5.80786
2011,02,3,5,5.30842
2011,02,3,6,5.092479999999999
2011,02,3,7,5.09378
2011,02,4,0,5.33803
2011,02,4,1,5.48328
2011,02,4,2,5.40003
2011,02,4,3,5.22051
2011,02,4,4,5.04431
2011,02,4,5,4.790430000000001
2011,02,4,6,4.454
2011,02,4,7,3.91275
2011,02,5,0,4.475359999999999
2011,02,5,1,5.56757
2011,02,5,2,6.503640000000001
2011,02,5,3,6.81558
2011,02,5,4,7.39416
2011,02,5,5,7.1104899999999995
2011,02,5,6,8.222790000000002
2011,02,5,7,10.059
2011,02,6,0,11.7567
2011,02,6,1,12.7505
2011,02,6,2,13.261299999999999
2011,02,6,3,15.1511
2011,02,6,4,13.7239
2011,02,6,5,13.594700000000001
2011,02,6,6,14.7704
2011,02,6,7,12.4528
2011,02,7,0,10.0985
2011,02,7,1,9.702729999999999
2011,02,7,2,9.43826
2011,02,7,3,9.35413
2011,02,7,4,8.58508
2011,02,7,5,6.4057200000000005
2011,02,7,6,4.67793
2011,02,7,7,5.02177
2011,02,8,0,6.07625
2011,02,8,1,6.37754
2011,02,8,2,6.53556
2011,02,8,3,7.11249
2011,02,8,4,7.15845
2011,02,8,5,6.56387
2011,02,8,6,6.90649
2011,02,8,7,6.4462600000000005
2011,02,9,0,7.38828
2011,02,9,1,8.14785
2011,02,9,2,8.77272
2011,02,9,3,9.01633
2011,02,9,4,9.214889999999999
2011,02,9,5,9.5074
2011,02,9,6,9.31868
2011,02,9,7,9.073
2011,02,10,0,10.1899
2011,02,10,1,10.1913
2011,02,10,2,9.29439
2011,02,10,3,8.08435
2011,02,10,4,7.2708699999999995
2011,02,10,5,6.97233
2011,02,10,6,7.53944
2011,02,10,7,8.06307
2011,02,11,0,6.941319999999999
2011,02,11,1,5.43961
2011,02,11,2,5.19013
2011,02,11,3,3.9119099999999998
2011,02,11,4,3.81348
2011,02,11,5,3.5698000000000003
2011,02,11,6,5.82029
2011,02,11,7,6.61536
2011,02,12,0,7.311850000000001
2011,02,12,1,8.3145
2011,02,12,2,7.28228
2011,02,12,3,5.75016
2011,02,12,4,5.7547299999999995
2011,02,12,5,6.756279999999999
2011,02,12,6,9.02475
2011,02,12,7,9.45946
2011,02,13,0,7.3612
2011,02,13,1,6.243270000000001
2011,02,13,2,6.51363
2011,02,13,3,7.859439999999999
2011,02,13,4,8.7354
2011,02,13,5,9.185889999999999
2011,02,13,6,10.9133
2011,02,13,7,13.3567
2011,02,14,0,11.8617
2011,02,14,1,8.62256
2011,02,14,2,6.371479999999999
2011,02,14,3,7.11127
2011,02,14,4,8.70344
2011,02,14,5,9.47043
2011,02,14,6,8.12642
2011,02,14,7,9.588700000000001
2011,02,15,0,12.818200000000001
2011,02,15,1,14.2944
2011,02,15,2,13.1767
2011,02,15,3,10.9714
2011,02,15,4,9.70805
2011,02,15,5,11.270700000000001
2011,02,15,6,11.7595
2011,02,15,7,12.0214
2011,02,16,0,10.539
2011,02,16,1,10.6597
2011,02,16,2,11.070200000000002
2011,02,16,3,11.203700000000001
2011,02,16,4,10.615200000000002
2011,02,16,5,9.66433
2011,02,16,6,11.485700000000001
2011,02,16,7,12.675600000000001
2011,02,17,0,10.657399999999999
2011,02,17,1,9.399629999999998
2011,02,17,2,5.51218
2011,02,17,3,4.20309
2011,02,17,4,3.20961
2011,02,17,5,2.51159
2011,02,17,6,2.2930900000000003
2011,02,17,7,2.64864
2011,02,18,0,2.53124
2011,02,18,1,2.71343
2011,02,18,2,2.6256500000000003
2011,02,18,3,2.4286399999999997
2011,02,18,4,3.1725100000000004
2011,02,18,5,4.13208
2011,02,18,6,3.8514
2011,02,18,7,3.5794
2011,02,19,0,3.31755
2011,02,19,1,3.90825
2011,02,19,2,4.90268
2011,02,19,3,5.99159
2011,02,19,4,4.03184
2011,02,19,5,4.57371
2011,02,19,6,6.42432
2011,02,19,7,7.46251
2011,02,20,0,6.44158
2011,02,20,1,7.07943
2011,02,20,2,8.48282
2011,02,20,3,10.1957
2011,02,20,4,11.1405
2011,02,20,5,10.895299999999999
2011,02,20,6,11.2874
2011,02,20,7,12.028799999999999
2011,02,21,0,12.2275
2011,02,21,1,11.8382
2011,02,21,2,10.727
2011,02,21,3,8.43248
2011,02,21,4,7.3984
2011,02,21,5,7.1631800000000005
2011,02,21,6,6.81962
2011,02,21,7,7.17578
2011,02,22,0,6.271850000000001
2011,02,22,1,4.52654
2011,02,22,2,4.08644
2011,02,22,3,4.13599
2011,02,22,4,4.424060000000001
2011,02,22,5,5.31754
2011,02,22,6,6.50557
2011,02,22,7,6.51434
2011,02,23,0,6.3462
2011,02,23,1,6.68173
2011,02,23,2,7.43043
2011,02,23,3,7.61422
2011,02,23,4,8.39784
2011,02,23,5,9.08226
2011,02,23,6,10.0283
2011,02,23,7,11.4192
2011,02,24,0,11.6335
2011,02,24,1,10.4831
2011,02,24,2,8.73883
2011,02,24,3,6.25776
2011,02,24,4,5.645020000000001
2011,02,24,5,5.61622
2011,02,24,6,7.5283299999999995
2011,02,24,7,8.57674
2011,02,25,0,8.959010000000001
2011,02,25,1,8.59951
2011,02,25,2,9.015649999999999
2011,02,25,3,8.13484
2011,02,25,4,5.78627
2011,02,25,5,4.228149999999999
2011,02,25,6,4.0886
2011,02,25,7,5.8196
2011,02,26,0,6.05186
2011,02,26,1,6.36906
2011,02,26,2,7.64279
2011,02,26,3,9.04701
2011,02,26,4,10.1682
2011,02,26,5,9.03715
2011,02,26,6,8.34061
2011,02,26,7,8.70759
2011,02,27,0,8.427340000000001
2011,02,27,1,8.23256
2011,02,27,2,7.81193
2011,02,27,3,8.26798
2011,02,27,4,8.56781
2011,02,27,5,7.9224499999999995
2011,02,27,6,9.11464
2011,02,27,7,8.8355
2011,02,28,0,9.95808
2011,02,28,1,10.275799999999998
2011,02,28,2,8.52701
2011,02,28,3,8.396690000000001
2011,02,28,4,8.56401
2011,02,28,5,8.05632
2011,02,28,6,7.78514
2011,02,28,7,6.0895600000000005
2011,02,29,0,5.4015699999999995
2011,02,29,1,5.68076
2011,02,29,2,6.11477
2011,02,29,3,7.30409
2011,02,29,4,7.97497
2011,02,29,5,8.65793
2011,02,29,6,10.588799999999999
2011,02,29,7,12.5837
2011,02,30,0,13.1748
2011,02,30,1,13.1815
2011,02,30,2,14.2856
2011,02,30,3,14.3686
2011,02,30,4,14.5981
2011,02,30,5,16.211100000000002
2011,02,30,6,18.251
2011,02,30,7,17.519599999999997
2011,02,31,0,15.3803
2011,02,31,1,13.8409
2011,02,31,2,13.686399999999999
2011,02,31,3,12.7766
2011,02,31,4,12.761
2011,02,31,5,11.0455
2011,02,31,6,9.317129999999999
2011,02,31,7,8.649469999999999
2011,02,1,0,8.75614
2011,02,1,1,8.11036
2011,02,1,2,7.7278400000000005
2011,02,1,3,7.8362799999999995
2011,02,1,4,8.645280000000001
2011,02,1,5,9.302629999999999
2011,02,1,6,9.49487
2011,02,1,7,10.494
2011,02,2,0,11.854700000000001
2011,02,2,1,12.030299999999999
2011,02,2,2,10.9161
2011,02,2,3,10.8716
2011,02,2,4,10.5996
2011,02,2,5,9.826
2011,02,2,6,9.90302
2011,02,2,7,12.6044
2011,02,3,0,14.5046
2011,02,3,1,12.046899999999999
2011,02,3,2,12.3702
2011,02,3,3,5.87271
2011,02,3,4,6.2903199999999995
2011,02,3,5,6.8175799999999995
2011,02,3,6,6.40611
2011,02,3,7,6.76995
2011,02,4,0,7.35946
2011,02,4,1,6.51275
2011,02,4,2,5.53854
2011,02,4,3,5.3664
2011,02,4,4,6.1172200000000005
2011,02,4,5,6.4416
2011,02,4,6,7.85163
2011,02,4,7,8.89695
2011,02,5,0,9.74933
2011,02,5,1,10.0031
2011,02,5,2,10.656
2011,02,5,3,9.689620000000001
2011,02,5,4,8.10121
2011,02,5,5,7.40436
2011,02,5,6,8.2399
2011,02,5,7,10.4223
2011,02,6,0,10.4892
2011,02,6,1,12.013200000000001
2011,02,6,2,12.9205
2011,02,6,3,13.5946
2011,02,6,4,10.921
2011,02,6,5,7.1072299999999995
2011,02,6,6,4.54674
2011,02,6,7,4.20509
2011,02,7,0,4.25583
2011,02,7,1,5.12481
2011,02,7,2,2.63854
2011,02,7,3,3.91797
2011,02,7,4,6.52829
2011,02,7,5,6.9781
2011,02,7,6,6.55166
2011,02,7,7,5.754989999999999
2011,02,8,0,5.130520000000001
2011,02,8,1,4.66312
2011,02,8,2,5.276
2011,02,8,3,5.921390000000001
2011,02,8,4,5.67176
2011,02,8,5,5.48102
2011,02,8,6,5.34303
2011,02,8,7,5.38351
2011,02,9,0,5.55712
2011,02,9,1,5.804600000000001
2011,02,9,2,6.04062
2011,02,9,3,6.4775100000000005
2011,02,9,4,6.89861
2011,02,9,5,6.64362
2011,02,9,6,6.14184
2011,02,9,7,5.92779
2011,02,10,0,5.98536
2011,02,10,1,6.66733
2011,02,10,2,6.35064
2011,02,10,3,6.41342
2011,02,10,4,6.74106
2011,02,10,5,6.6988
2011,02,10,6,7.112970000000001
2011,02,10,7,7.81853
2011,02,11,0,7.94756
2011,02,11,1,7.84749
2011,02,11,2,7.93902
2011,02,11,3,8.06556
2011,02,11,4,8.66382
2011,02,11,5,8.905610000000001
2011,02,11,6,9.532399999999999
2011,02,11,7,10.4993
2011,02,12,0,11.3392
2011,02,12,1,11.094100000000001
2011,02,12,2,10.264299999999999
2011,02,12,3,8.948129999999999
2011,02,12,4,7.65783
2011,02,12,5,7.23511
2011,02,12,6,6.1145
2011,02,12,7,5.33815
2011,02,13,0,5.98575
2011,02,13,1,6.69663
2011,02,13,2,6.78163
2011,02,13,3,5.06524
2011,02,13,4,3.0582800000000003
2011,02,13,5,3.71186
2011,02,13,6,3.54046
2011,02,13,7,4.08367
2011,02,14,0,4.75218
2011,02,14,1,4.98012
2011,02,14,2,5.4743
2011,02,14,3,5.67471
2011,02,14,4,5.95198
2011,02,14,5,6.62441
2011,02,14,6,7.250859999999999
2011,02,14,7,8.19609
2011,02,15,0,10.98
2011,02,15,1,10.8945
2011,02,15,2,10.076
2011,02,15,3,10.1715
2011,02,15,4,10.9999
2011,02,15,5,11.444799999999999
2011,02,15,6,12.3094
2011,02,15,7,13.8669
2011,02,16,0,15.431
2011,02,16,1,15.7995
2011,02,16,2,16.2957
2011,02,16,3,15.8354
2011,02,16,4,15.2072
2011,02,16,5,14.9901
2011,02,16,6,16.0026
2011,02,16,7,17.6442
2011,02,17,0,19.024
2011,02,17,1,17.8538
2011,02,17,2,16.2677
2011,02,17,3,13.857299999999999
2011,02,17,4,12.5819
2011,02,17,5,12.1878
2011,02,17,6,13.0658
2011,02,17,7,13.6031
2011,02,18,0,13.6183
2011,02,18,1,13.672
2011,02,18,2,13.8654
2011,02,18,3,15.5834
2011,02,18,4,16.3918
2011,02,18,5,14.52
2011,02,18,6,11.672799999999999
2011,02,18,7,10.5603
2011,02,19,0,8.97313
2011,02,19,1,8.40231
2011,02,19,2,8.17174
2011,02,19,3,8.33937
2011,02,19,4,8.44044
2011,02,19,5,8.96244
2011,02,19,6,8.632700000000002
2011,02,19,7,9.27888
2011,02,20,0,9.902700000000001
2011,02,20,1,11.2697
2011,02,20,2,10.967600000000001
2011,02,20,3,10.7798
2011,02,20,4,9.62605
2011,02,20,5,8.7943
2011,02,20,6,10.5833
2011,02,20,7,10.699399999999999
2011,02,21,0,7.54432
2011,02,21,1,5.88335
2011,02,21,2,4.68583
2011,02,21,3,5.38619
2011,02,21,4,6.63037
2011,02,21,5,6.145239999999999
2011,02,21,6,6.73661
2011,02,21,7,6.79346
2011,02,22,0,6.59039
2011,02,22,1,8.79626
2011,02,22,2,8.663219999999999
2011,02,22,3,9.58778
2011,02,22,4,10.668
2011,02,22,5,10.5824
2011,02,22,6,10.6313
2011,02,22,7,11.4664
2011,02,23,0,15.363700000000001
2011,02,23,1,15.3209
2011,02,23,2,14.4019
2011,02,23,3,10.9628
2011,02,23,4,11.1855
2011,02,23,5,11.751700000000001
2011,02,23,6,12.177100000000001
2011,02,23,7,13.2549
2011,02,24,0,12.6906
2011,02,24,1,11.2159
2011,02,24,2,10.0332
2011,02,24,3,9.20149
2011,02,24,4,8.03039
2011,02,24,5,7.60065
2011,02,24,6,7.244770000000001
2011,02,24,7,8.077399999999999
2011,02,25,0,7.741359999999999
2011,02,25,1,8.97881
2011,02,25,2,9.509079999999999
2011,02,25,3,9.39655
2011,02,25,4,10.704799999999999
2011,02,25,5,10.390799999999999
2011,02,25,6,9.58734
2011,02,25,7,8.20857
2011,02,26,0,7.3448
2011,02,26,1,5.97542
2011,02,26,2,4.3928
2011,02,26,3,4.34871
2011,02,26,4,5.10341
2011,02,26,5,6.722689999999999
2011,02,26,6,7.43065
2011,02,26,7,8.511629999999998
2011,02,27,0,10.9199
2011,02,27,1,9.81049
2011,02,27,2,9.337629999999999
2011,02,27,3,8.61144
2011,02,27,4,9.010129999999998
2011,02,27,5,8.95883
2011,02,27,6,9.23792
2011,02,27,7,10.6765
2011,02,28,0,12.1358
2011,02,28,1,13.3546
2011,02,28,2,12.4994
2011,02,28,3,11.802700000000002
2011,02,28,4,9.350760000000001
2011,02,28,5,8.27111
2011,02,28,6,8.80728
2011,02,28,7,9.34592
2011,02,29,0,8.65262
2011,02,29,1,7.27133
2011,02,29,2,4.7538800000000005
2011,02,29,3,3.7251
2011,02,29,4,3.52868
2011,02,29,5,5.56187
2011,02,29,6,3.71028
2011,02,29,7,4.0420300000000005
2011,02,30,0,5.2794
2011,02,30,1,5.30879
2011,02,30,2,4.42732
2011,02,30,3,3.90617
2011,02,30,4,3.00977
2011,02,30,5,2.0703400000000003
2011,02,30,6,2.11559
2011,02,30,7,2.57879
2011,02,1,0,3.08915
2011,02,1,1,6.8365100000000005
2011,02,1,2,2.86655
2011,02,1,3,3.3721300000000003
2011,02,1,4,3.5001599999999997
2011,02,1,5,3.17873
2011,02,1,6,2.86223
2011,02,1,7,3.28248
2011,02,2,0,3.49311
2011,02,2,1,3.55939
2011,02,2,2,3.43764
2011,02,2,3,4.07383
2011,02,2,4,4.70913
2011,02,2,5,5.21337
2011,02,2,6,5.60596
2011,02,2,7,6.48158
2011,02,3,0,7.81437
2011,02,3,1,8.404309999999999
2011,02,3,2,9.28065
2011,02,3,3,10.1076
2011,02,3,4,8.67823
2011,02,3,5,7.85967
2011,02,3,6,7.9152700000000005
2011,02,3,7,9.18774
2011,02,4,0,10.1341
2011,02,4,1,9.85308
2011,02,4,2,8.43067
2011,02,4,3,7.42974
2011,02,4,4,6.56789
2011,02,4,5,6.10134
2011,02,4,6,5.579689999999999
2011,02,4,7,6.17295
2011,02,5,0,6.43583
2011,02,5,1,5.55951
2011,02,5,2,4.75952
2011,02,5,3,4.92092
2011,02,5,4,5.11237
2011,02,5,5,5.4832399999999994
2011,02,5,6,6.54291
2011,02,5,7,8.345690000000001
2011,02,6,0,9.79125
2011,02,6,1,9.273719999999999
2011,02,6,2,7.08889
2011,02,6,3,5.316560000000001
2011,02,6,4,4.99912
2011,02,6,5,5.26959
2011,02,6,6,6.0775500000000005
2011,02,6,7,7.20105
2011,02,7,0,8.188229999999999
2011,02,7,1,8.194510000000001
2011,02,7,2,6.53198
2011,02,7,3,5.73808
2011,02,7,4,7.57091
2011,02,7,5,9.27233
2011,02,7,6,10.8369
2011,02,7,7,13.9151
2011,02,8,0,15.032
2011,02,8,1,12.041799999999999
2011,02,8,2,10.7231
2011,02,8,3,14.589799999999999
2011,02,8,4,14.695799999999998
2011,02,8,5,14.0099
2011,02,8,6,10.445799999999998
2011,02,8,7,9.029639999999999
2011,02,9,0,8.91856
2011,02,9,1,9.06362
2011,02,9,2,8.6541
2011,02,9,3,9.65935
2011,02,9,4,10.129700000000001
2011,02,9,5,8.59491
2011,02,9,6,8.07408
2011,02,9,7,9.22775
2011,02,10,0,9.16356
2011,02,10,1,7.85114
2011,02,10,2,6.65455
2011,02,10,3,6.13421
2011,02,10,4,7.22872
2011,02,10,5,8.40517
2011,02,10,6,9.17876
2011,02,10,7,10.273100000000001
2011,02,11,0,11.4236
2011,02,11,1,11.4035
2011,02,11,2,10.296299999999999
2011,02,11,3,9.22456
2011,02,11,4,8.8396
2011,02,11,5,9.385959999999999
2011,02,11,6,11.126100000000001
2011,02,11,7,12.082
2011,02,12,0,12.6257
2011,02,12,1,15.3638
2011,02,12,2,12.6195
2011,02,12,3,11.4192
2011,02,12,4,11.248899999999999
2011,02,12,5,11.4337
2011,02,12,6,11.3947
2011,02,12,7,12.131
2011,02,13,0,14.5816
2011,02,13,1,12.9036
2011,02,13,2,11.8851
2011,02,13,3,11.5589
2011,02,13,4,11.6144
2011,02,13,5,11.8584
2011,02,13,6,12.0588
2011,02,13,7,13.4352
2011,02,14,0,12.1067
2011,02,14,1,12.2956
2011,02,14,2,13.0937
2011,02,14,3,12.6511
2011,02,14,4,12.7214
2011,02,14,5,13.1796
2011,02,14,6,13.62
2011,02,14,7,12.8457
2011,02,15,0,10.2808
2011,02,15,1,9.69698
2011,02,15,2,8.91348
2011,02,15,3,7.48305
2011,02,15,4,6.92467
2011,02,15,5,6.96142
2011,02,15,6,5.5233
2011,02,15,7,5.34467
2011,02,16,0,6.14304
2011,02,16,1,6.213430000000001
2011,02,16,2,5.6867399999999995
2011,02,16,3,6.680680000000001
2011,02,16,4,6.88786
2011,02,16,5,7.80229
2011,02,16,6,8.951
2011,02,16,7,10.5486
2011,02,17,0,10.6489
2011,02,17,1,9.64958
2011,02,17,2,9.03527
2011,02,17,3,7.35948
2011,02,17,4,8.01233
2011,02,17,5,8.29662
2011,02,17,6,8.754299999999999
2011,02,17,7,9.03046
2011,02,18,0,9.5383
2011,02,18,1,10.0572
2011,02,18,2,8.21592
2011,02,18,3,7.28757
2011,02,18,4,7.5643199999999995
2011,02,18,5,7.3886899999999995
2011,02,18,6,7.53667
2011,02,18,7,7.8873999999999995
2011,02,19,0,8.301440000000001
2011,02,19,1,8.152899999999999
2011,02,19,2,8.15965
2011,02,19,3,7.51249
2011,02,19,4,8.64704
2011,02,19,5,8.23324
2011,02,19,6,9.38814
2011,02,19,7,10.424700000000001
2011,02,20,0,10.623700000000001
2011,02,20,1,10.3886
2011,02,20,2,8.95572
2011,02,20,3,8.95158
2011,02,20,4,9.84957
2011,02,20,5,9.81489
2011,02,20,6,10.7069
2011,02,20,7,11.683
2011,02,21,0,14.104299999999999
2011,02,21,1,14.3263
2011,02,21,2,13.4365
2011,02,21,3,13.987200000000001
2011,02,21,4,13.843
2011,02,21,5,14.133
2011,02,21,6,15.1827
2011,02,21,7,16.1169
2011,02,22,0,20.962799999999998
2011,02,22,1,15.2795
2011,02,22,2,14.1041
2011,02,22,3,14.9355
2011,02,22,4,15.110100000000001
2011,02,22,5,14.4915
2011,02,22,6,14.211799999999998
2011,02,22,7,15.3338
2011,02,23,0,14.4569
2011,02,23,1,11.7879
2011,02,23,2,11.0067
2011,02,23,3,11.455200000000001
2011,02,23,4,10.2932
2011,02,23,5,8.82233
2011,02,23,6,9.09914
2011,02,23,7,9.66802
2011,02,24,0,9.50598
2011,02,24,1,8.527
2011,02,24,2,8.6038
2011,02,24,3,7.43397
2011,02,24,4,7.235810000000001
2011,02,24,5,7.92985
2011,02,24,6,7.8986
2011,02,24,7,9.102450000000001
2011,02,25,0,11.08
2011,02,25,1,12.054200000000002
2011,02,25,2,11.8717
2011,02,25,3,11.9082
2011,02,25,4,11.7215
2011,02,25,5,11.642700000000001
2011,02,25,6,11.564
2011,02,25,7,11.956700000000001
2011,02,26,0,10.4366
2011,02,26,1,8.59624
2011,02,26,2,10.094700000000001
2011,02,26,3,8.22555
2011,02,26,4,9.27614
2011,02,26,5,11.1112
2011,02,26,6,11.9421
2011,02,26,7,14.3929
2011,02,27,0,13.7964
2011,02,27,1,14.0505
2011,02,27,2,12.9501
2011,02,27,3,13.034799999999999
2011,02,27,4,13.947
2011,02,27,5,16.2198
2011,02,27,6,15.6341
2011,02,27,7,16.5333
2011,02,28,0,14.5659
2011,02,28,1,12.3016
2011,02,28,2,11.3701
2011,02,28,3,12.083
2011,02,28,4,13.2523
2011,02,28,5,12.4967
2011,02,28,6,11.601
2011,02,28,7,9.49513
2011,02,29,0,8.20896
2011,02,29,1,8.89739
2011,02,29,2,8.31898
2011,02,29,3,7.23392
2011,02,29,4,3.93306
2011,02,29,5,5.0694799999999995
2011,02,29,6,6.3440900000000005
2011,02,29,7,7.26801
2011,02,30,0,7.20728
2011,02,30,1,6.97147
2011,02,30,2,5.8328500000000005
2011,02,30,3,5.60841
2011,02,30,4,5.295109999999999
2011,02,30,5,5.19224
2011,02,30,6,5.195600000000001
2011,02,30,7,6.67126
2011,02,31,0,7.59129
2011,02,31,1,7.2042399999999995
2011,02,31,2,6.60362
2011,02,31,3,5.718310000000001
2011,02,31,4,6.050520000000001
2011,02,31,5,5.6575500000000005
2011,02,31,6,5.280939999999999
2011,02,31,7,6.28432
2011,02,1,0,7.85887
2011,02,1,1,8.56589
2011,02,1,2,7.9801899999999995
2011,02,1,3,8.21708
2011,02,1,4,8.0023
2011,02,1,5,7.059810000000001
2011,02,1,6,5.93576
2011,02,1,7,3.84859
2011,02,2,0,4.28488
2011,02,2,1,4.94888
2011,02,2,2,3.5162
2011,02,2,3,4.06428
2011,02,2,4,4.67879
2011,02,2,5,5.06098
2011,02,2,6,4.62601
2011,02,2,7,4.89597
2011,02,3,0,5.04291
2011,02,3,1,5.525189999999999
2011,02,3,2,6.350689999999999
2011,02,3,3,6.560350000000001
2011,02,3,4,6.83441
2011,02,3,5,7.48188
2011,02,3,6,7.93969
2011,02,3,7,8.8504
2011,02,4,0,8.520790000000002
2011,02,4,1,7.82933
2011,02,4,2,8.16299
2011,02,4,3,9.45047
2011,02,4,4,9.42316
2011,02,4,5,10.8917
2011,02,4,6,12.3141
2011,02,4,7,13.3401
2011,02,5,0,15.163
2011,02,5,1,12.5076
2011,02,5,2,15.298399999999999
2011,02,5,3,13.792399999999999
2011,02,5,4,13.3106
2011,02,5,5,12.9521
2011,02,5,6,12.971200000000001
2011,02,5,7,12.2829
2011,02,6,0,13.509
2011,02,6,1,13.215399999999999
2011,02,6,2,11.6722
2011,02,6,3,11.273700000000002
2011,02,6,4,9.777719999999999
2011,02,6,5,9.10025
2011,02,6,6,9.4529
2011,02,6,7,9.72974
2011,02,7,0,10.9931
2011,02,7,1,10.581100000000001
2011,02,7,2,10.8256
2011,02,7,3,11.121799999999999
2011,02,7,4,10.788200000000002
2011,02,7,5,10.7334
2011,02,7,6,10.5401
2011,02,7,7,10.6205
2011,02,8,0,10.6149
2011,02,8,1,10.184700000000001
2011,02,8,2,8.6925
2011,02,8,3,8.94358
2011,02,8,4,10.042200000000001
2011,02,8,5,10.769200000000001
2011,02,8,6,10.6597
2011,02,8,7,10.627
2011,02,9,0,12.0658
2011,02,9,1,13.4899
2011,02,9,2,12.5896
2011,02,9,3,11.0379
2011,02,9,4,10.5257
2011,02,9,5,9.99034
2011,02,9,6,10.128
2011,02,9,7,11.4771
2011,02,10,0,12.7507
2011,02,10,1,13.298200000000001
2011,02,10,2,13.2661
2011,02,10,3,11.667200000000001
2011,02,10,4,10.3442
2011,02,10,5,10.384799999999998
2011,02,10,6,10.3903
2011,02,10,7,10.760399999999999
2011,02,11,0,11.691799999999999
2011,02,11,1,13.1621
2011,02,11,2,15.421700000000001
2011,02,11,3,19.5991
2011,02,11,4,15.5289
2011,02,11,5,15.732
2011,02,11,6,15.0788
2011,02,11,7,16.7811
2011,02,12,0,16.0166
2011,02,12,1,15.639899999999999
2011,02,12,2,16.0401
2011,02,12,3,16.427599999999998
2011,02,12,4,14.907
2011,02,12,5,13.8297
2011,02,12,6,12.0339
2011,02,12,7,11.832
2011,02,13,0,11.784600000000001
2011,02,13,1,12.1316
2011,02,13,2,14.4255
2011,02,13,3,16.4395
2011,02,13,4,16.6947
2011,02,13,5,17.762400000000003
2011,02,13,6,16.6651
2011,02,13,7,17.15
2011,02,14,0,18.779700000000002
2011,02,14,1,18.533900000000003
2011,02,14,2,16.1761
2011,02,14,3,14.693
2011,02,14,4,14.5021
2011,02,14,5,14.3593
2011,02,14,6,14.0546
2011,02,14,7,14.4861
2011,02,15,0,15.393799999999999
2011,02,15,1,20.1934
2011,02,15,2,16.700400000000002
2011,02,15,3,16.2728
2011,02,15,4,14.8143
2011,02,15,5,14.4065
2011,02,15,6,14.422799999999999
2011,02,15,7,15.296
2011,02,16,0,17.576700000000002
2011,02,16,1,18.8242
2011,02,16,2,15.9
2011,02,16,3,13.327200000000001
2011,02,16,4,10.4011
2011,02,16,5,8.725340000000001
2011,02,16,6,6.16017
2011,02,16,7,9.731639999999999
2011,02,17,0,12.5321
2011,02,17,1,15.1037
2011,02,17,2,15.0914
2011,02,17,3,15.1456
2011,02,17,4,12.3979
2011,02,17,5,11.0969
2011,02,17,6,12.2161
2011,02,17,7,11.6875
2011,02,18,0,13.6389
2011,02,18,1,14.4948
2011,02,18,2,13.6461
2011,02,18,3,12.9861
2011,02,18,4,10.4284
2011,02,18,5,8.90132
2011,02,18,6,11.078899999999999
2011,02,18,7,14.93
2011,02,19,0,18.778299999999998
2011,02,19,1,20.985400000000002
2011,02,19,2,21.6845
2011,02,19,3,20.4815
2011,02,19,4,16.2239
2011,02,19,5,15.5215
2011,02,19,6,13.051200000000001
2011,02,19,7,9.824620000000001
2011,02,20,0,7.9771
2011,02,20,1,7.49164
2011,02,20,2,23.0111
2011,02,20,3,8.15335
2011,02,20,4,7.86266
2011,02,20,5,8.54938
2011,02,20,6,8.333129999999999
2011,02,20,7,9.30913
2011,02,21,0,10.8106
2011,02,21,1,10.5896
2011,02,21,2,9.79519
2011,02,21,3,9.454030000000001
2011,02,21,4,9.81706
2011,02,21,5,10.1765
2011,02,21,6,10.2535
2011,02,21,7,11.2546
2011,02,22,0,12.866100000000001
2011,02,22,1,14.0771
2011,02,22,2,14.1169
2011,02,22,3,12.4543
2011,02,22,4,11.258899999999999
2011,02,22,5,11.4236
2011,02,22,6,11.3764
2011,02,22,7,11.992700000000001
2011,02,23,0,13.360100000000001
2011,02,23,1,13.025
2011,02,23,2,9.78805
2011,02,23,3,7.56309
2011,02,23,4,10.1071
2011,02,23,5,10.9461
2011,02,23,6,8.88931
2011,02,23,7,8.410549999999999
2011,02,24,0,7.65663
2011,02,24,1,6.83953
2011,02,24,2,4.803439999999999
2011,02,24,3,3.5659699999999996
2011,02,24,4,4.659
2011,02,24,5,5.810359999999999
2011,02,24,6,6.5112
2011,02,24,7,7.867109999999999
2011,02,25,0,8.74186
2011,02,25,1,9.38729
2011,02,25,2,8.7691
2011,02,25,3,7.8589899999999995
2011,02,25,4,6.94574
2011,02,25,5,6.53194
2011,02,25,6,6.52351
2011,02,25,7,9.56445
2011,02,26,0,8.26036
2011,02,26,1,7.20494
2011,02,26,2,5.9967
2011,02,26,3,7.85756
2011,02,26,4,7.53874
2011,02,26,5,7.87939
2011,02,26,6,8.244909999999999
2011,02,26,7,9.42283
2011,02,27,0,10.9677
2011,02,27,1,11.3415
2011,02,27,2,10.9321
2011,02,27,3,9.925469999999999
2011,02,27,4,9.97211
2011,02,27,5,9.92221
2011,02,27,6,8.83778
2011,02,27,7,11.594700000000001
2011,02,28,0,10.1855
2011,02,28,1,9.90524
2011,02,28,2,7.84012
2011,02,28,3,8.5387
2011,02,28,4,9.0724
2011,02,28,5,9.398879999999998
2011,02,28,6,9.06568
2011,02,28,7,9.75901
2011,02,29,0,10.8571
2011,02,29,1,10.289100000000001
2011,02,29,2,10.854
2011,02,29,3,12.4617
2011,02,29,4,14.558200000000001
2011,02,29,5,13.318299999999999
2011,02,29,6,10.6215
2011,02,29,7,7.65012
2011,02,30,0,8.0578
2011,02,30,1,12.9967
2011,02,30,2,14.074
2011,02,30,3,14.4688
2011,02,30,4,13.4692
2011,02,30,5,13.106
2011,02,30,6,12.2035
2011,02,30,7,12.628
2011,02,1,0,12.584100000000001
2011,02,1,1,12.3538
2011,02,1,2,12.3057
2011,02,1,3,12.5066
2011,02,1,4,12.710899999999999
2011,02,1,5,12.893
2011,02,1,6,12.1709
2011,02,1,7,12.6208
2011,02,2,0,13.1238
2011,02,2,1,13.1991
2011,02,2,2,12.7726
2011,02,2,3,12.1656
2011,02,2,4,11.3403
2011,02,2,5,10.122
2011,02,2,6,9.049389999999999
2011,02,2,7,9.2027
2011,02,3,0,9.73449
2011,02,3,1,9.75789
2011,02,3,2,9.06941
2011,02,3,3,7.97325
2011,02,3,4,8.7325
2011,02,3,5,12.3932
2011,02,3,6,13.1745
2011,02,3,7,17.6218
2011,02,4,0,18.665200000000002
2011,02,4,1,20.7099
2011,02,4,2,22.754
2011,02,4,3,25.2969
2011,02,4,4,26.3774
2011,02,4,5,25.6361
2011,02,4,6,24.635900000000003
2011,02,4,7,25.8092
2011,02,5,0,27.3843
2011,02,5,1,26.991799999999998
2011,02,5,2,29.5825
2011,02,5,3,37.718
2011,02,5,4,32.1511
2011,02,5,5,25.565900000000003
2011,02,5,6,28.793400000000002
2011,02,5,7,30.765
2011,02,6,0,31.600900000000003
2011,02,6,1,30.173
2011,02,6,2,28.4971
2011,02,6,3,28.6635
2011,02,6,4,30.2037
2011,02,6,5,33.4022
2011,02,6,6,35.8611
2011,02,6,7,34.661300000000004
2011,02,7,0,35.6247
2011,02,7,1,35.9399
2011,02,7,2,34.716800000000006
2011,02,7,3,37.660599999999995
2011,02,7,4,37.1406
2011,02,7,5,33.5442
2011,02,7,6,28.8674
2011,02,7,7,28.202900000000003
2011,02,8,0,29.6727
2011,02,8,1,29.1986
2011,02,8,2,26.8194
2011,02,8,3,25.563299999999998
2011,02,8,4,23.0879
2011,02,8,5,21.1817
2011,02,8,6,19.8439
2011,02,8,7,21.057299999999998
2011,02,9,0,22.8307
2011,02,9,1,21.1453
2011,02,9,2,18.049400000000002
2011,02,9,3,15.7951
2011,02,9,4,14.8248
2011,02,9,5,14.934299999999999
2011,02,9,6,14.3468
2011,02,9,7,16.5375
2011,02,10,0,16.7246
2011,02,10,1,14.245899999999999
2011,02,10,2,12.494399999999999
2011,02,10,3,10.8155
2011,02,10,4,10.453299999999999
2011,02,10,5,10.085
2011,02,10,6,8.962530000000001
2011,02,10,7,9.478299999999999
2011,02,11,0,11.016399999999999
2011,02,11,1,10.465
2011,02,11,2,9.964739999999999
2011,02,11,3,8.464379999999998
2011,02,11,4,7.406890000000001
2011,02,11,5,7.72741
2011,02,11,6,7.32123
2011,02,11,7,9.23964
2011,02,12,0,9.66374
2011,02,12,1,10.8889
2011,02,12,2,10.8835
2011,02,12,3,10.327200000000001
2011,02,12,4,13.072700000000001
2011,02,12,5,9.497729999999999
2011,02,12,6,8.244200000000001
2011,02,12,7,8.72249
2011,02,13,0,10.0268
2011,02,13,1,10.9839
2011,02,13,2,11.5014
2011,02,13,3,10.8288
2011,02,13,4,9.389149999999999
2011,02,13,5,9.66304
2011,02,13,6,9.66609
2011,02,13,7,10.9402
2011,02,14,0,12.251700000000001
2011,02,14,1,12.9063
2011,02,14,2,13.4207
2011,02,14,3,13.1686
2011,02,14,4,13.6395
2011,02,14,5,14.3464
2011,02,14,6,14.159
2011,02,14,7,14.359399999999999
2011,02,15,0,15.636700000000001
2011,02,15,1,12.953899999999999
2011,02,15,2,11.8233
2011,02,15,3,10.1636
2011,02,15,4,9.52723
2011,02,15,5,9.150229999999999
2011,02,15,6,9.521030000000001
2011,02,15,7,9.76927
2011,02,16,0,9.82555
2011,02,16,1,13.116100000000001
2011,02,16,2,9.35487
2011,02,16,3,7.81397
2011,02,16,4,7.818359999999999
2011,02,16,5,8.73361
2011,02,16,6,7.737100000000001
2011,02,16,7,7.46006
2011,02,17,0,7.82367
2011,02,17,1,12.315700000000001
2011,02,17,2,8.393799999999999
2011,02,17,3,6.230899999999999
2011,02,17,4,5.53014
2011,02,17,5,5.91479
2011,02,17,6,4.99127
2011,02,17,7,4.957109999999999
2011,02,18,0,6.03962
2011,02,18,1,6.9780500000000005
2011,02,18,2,6.30109
2011,02,18,3,4.54401
2011,02,18,4,3.62162
2011,02,18,5,3.4311100000000003
2011,02,18,6,3.7794499999999998
2011,02,18,7,5.21901
2011,02,19,0,9.45053
2011,02,19,1,7.39129
2011,02,19,2,8.2232
2011,02,19,3,8.251
2011,02,19,4,6.8881499999999996
2011,02,19,5,5.42079
2011,02,19,6,4.99879
2011,02,19,7,5.03474
2011,02,20,0,4.34319
2011,02,20,1,4.572760000000001
2011,02,20,2,5.32927
2011,02,20,3,6.32328
2011,02,20,4,6.824739999999999
2011,02,20,5,6.65713
2011,02,20,6,7.2794
2011,02,20,7,8.46623
2011,02,21,0,9.319420000000001
2011,02,21,1,10.483600000000001
2011,02,21,2,10.9976
2011,02,21,3,10.0503
2011,02,21,4,9.678540000000002
2011,02,21,5,9.2481
2011,02,21,6,9.71848
2011,02,21,7,10.3785
2011,02,22,0,12.7996
2011,02,22,1,11.2493
2011,02,22,2,10.7841
2011,02,22,3,9.62997
2011,02,22,4,10.3774
2011,02,22,5,11.3239
2011,02,22,6,11.16
2011,02,22,7,11.466700000000001
2011,02,23,0,12.0265
2011,02,23,1,12.5084
2011,02,23,2,13.123700000000001
2011,02,23,3,12.8206
2011,02,23,4,11.4685
2011,02,23,5,9.65018
2011,02,23,6,8.13212
2011,02,23,7,8.15981
2011,02,24,0,8.74878
2011,02,24,1,13.054
2011,02,24,2,6.65746
2011,02,24,3,7.03052
2011,02,24,4,9.88734
2011,02,24,5,11.947
2011,02,24,6,13.554
2011,02,24,7,13.4502
2011,02,25,0,13.1606
2011,02,25,1,11.2053
2011,02,25,2,9.98447
2011,02,25,3,9.29561
2011,02,25,4,8.736
2011,02,25,5,9.1326
2011,02,25,6,10.1555
2011,02,25,7,9.81966
2011,02,26,0,10.479
2011,02,26,1,12.288
2011,02,26,2,13.3489
2011,02,26,3,11.7965
2011,02,26,4,10.9908
2011,02,26,5,9.13594
2011,02,26,6,8.96075
2011,02,26,7,11.9627
2011,02,27,0,15.073799999999999
2011,02,27,1,16.371299999999998
2011,02,27,2,15.3551
2011,02,27,3,13.671299999999999
2011,02,27,4,12.172799999999999
2011,02,27,5,11.771600000000001
2011,02,27,6,11.884799999999998
2011,02,27,7,11.1389
2011,02,28,0,12.0464
2011,02,28,1,13.7715
2011,02,28,2,13.2198
2011,02,28,3,12.3479
2011,02,28,4,14.662799999999999
2011,02,28,5,17.5541
2011,02,28,6,19.6352
2011,02,28,7,26.132
2011,02,29,0,20.918599999999998
2011,02,29,1,19.62
2011,02,29,2,18.833599999999997
2011,02,29,3,19.3308
2011,02,29,4,21.6493
2011,02,29,5,25.75
2011,02,29,6,29.141099999999998
2011,02,29,7,30.9328
2011,02,30,0,37.639300000000006
2011,02,30,1,30.315900000000003
2011,02,30,2,28.7147
2011,02,30,3,29.8833
2011,02,30,4,29.5522
2011,02,30,5,28.7855
2011,02,30,6,29.9148
2011,02,30,7,31.933400000000002
2011,02,31,0,33.450300000000006
2011,02,31,1,33.8361
2011,02,31,2,35.5965
2011,02,31,3,36.2761
2011,02,31,4,40.1674
2011,02,31,5,40.972699999999996
2011,02,31,6,38.1186
2011,02,31,7,36.3302
2011,02,1,0,33.402300000000004
2011,02,1,1,33.3557
2011,02,1,2,30.0774
2011,02,1,3,28.7617
2011,02,1,4,27.6256
2011,02,1,5,26.4135
2011,02,1,6,26.6375
2011,02,1,7,24.890400000000003
2011,02,2,0,26.997799999999998
2011,02,2,1,27.9788
2011,02,2,2,27.0454
2011,02,2,3,25.164099999999998
2011,02,2,4,23.3932
2011,02,2,5,21.9632
2011,02,2,6,21.0637
2011,02,2,7,19.8072
2011,02,3,0,17.0371
2011,02,3,1,13.197299999999998
2011,02,3,2,9.86126
2011,02,3,3,7.8910100000000005
2011,02,3,4,7.68854
2011,02,3,5,7.7966999999999995
2011,02,3,6,7.8226
2011,02,3,7,7.94724
2011,02,4,0,6.625109999999999
2011,02,4,1,5.77951
2011,02,4,2,5.29646
2011,02,4,3,4.10756
2011,02,4,4,4.1435
2011,02,4,5,4.46016
2011,02,4,6,4.89891
2011,02,4,7,5.034890000000001
2011,02,5,0,5.98479
2011,02,5,1,7.0586199999999995
2011,02,5,2,7.51798
2011,02,5,3,7.79546
2011,02,5,4,8.86875
2011,02,5,5,8.30189
2011,02,5,6,8.556610000000001
2011,02,5,7,9.10106
2011,02,6,0,10.234399999999999
2011,02,6,1,10.9179
2011,02,6,2,10.9321
2011,02,6,3,10.3551
2011,02,6,4,9.69752
2011,02,6,5,8.41042
2011,02,6,6,7.88068
2011,02,6,7,8.44557
2011,02,7,0,8.604610000000001
2011,02,7,1,7.4399
2011,02,7,2,6.41698
2011,02,7,3,5.6175
2011,02,7,4,6.134
2011,02,7,5,6.51625
2011,02,7,6,6.20864
2011,02,7,7,6.2740100000000005
2011,02,8,0,6.73501
2011,02,8,1,6.75298
2011,02,8,2,6.9773000000000005
2011,02,8,3,6.43319
2011,02,8,4,6.20655
2011,02,8,5,6.51619
2011,02,8,6,6.40773
2011,02,8,7,6.06442
2011,02,9,0,6.39753
2011,02,9,1,6.59825
2011,02,9,2,6.60804
2011,02,9,3,6.63968
2011,02,9,4,7.072010000000001
2011,02,9,5,7.23804
2011,02,9,6,7.03724
2011,02,9,7,7.219
2011,02,10,0,8.92442
2011,02,10,1,8.286700000000002
2011,02,10,2,8.25583
2011,02,10,3,7.84496
2011,02,10,4,7.51726
2011,02,10,5,7.16289
2011,02,10,6,6.96395
2011,02,10,7,7.629899999999999
2011,02,11,0,8.38801
2011,02,11,1,8.82434
2011,02,11,2,9.2989
2011,02,11,3,9.252139999999999
2011,02,11,4,9.38934
2011,02,11,5,9.389190000000001
2011,02,11,6,8.523729999999999
2011,02,11,7,8.99079
2011,02,12,0,10.5924
2011,02,12,1,11.671299999999999
2011,02,12,2,11.263
2011,02,12,3,10.0354
2011,02,12,4,9.24282
2011,02,12,5,9.0252
2011,02,12,6,9.36316
2011,02,12,7,10.4475
2011,02,13,0,12.693700000000002
2011,02,13,1,12.536299999999999
2011,02,13,2,12.598600000000001
2011,02,13,3,10.4979
2011,02,13,4,11.4062
2011,02,13,5,11.57
2011,02,13,6,13.985700000000001
2011,02,13,7,15.655
2011,02,14,0,21.5017
2011,02,14,1,26.8782
2011,02,14,2,24.859299999999998
2011,02,14,3,21.1918
2011,02,14,4,20.938599999999997
2011,02,14,5,23.009
2011,02,14,6,22.6177
2011,02,14,7,19.8414
2011,02,15,0,14.6966
2011,02,15,1,12.289
2011,02,15,2,11.6911
2011,02,15,3,10.5935
2011,02,15,4,14.090200000000001
2011,02,15,5,7.23872
2011,02,15,6,6.8132
2011,02,15,7,6.782979999999999
2011,02,16,0,7.17069
2011,02,16,1,7.1306899999999995
2011,02,16,2,7.36078
2011,02,16,3,6.87782
2011,02,16,4,6.5542
2011,02,16,5,6.67253
2011,02,16,6,6.51636
2011,02,16,7,6.5314499999999995
2011,02,17,0,6.91077
2011,02,17,1,6.33362
2011,02,17,2,5.95196
2011,02,17,3,5.993189999999999
2011,02,17,4,6.57269
2011,02,17,5,6.74434
2011,02,17,6,6.2747
2011,02,17,7,6.42827
2011,02,18,0,6.87802
2011,02,18,1,6.83433
2011,02,18,2,6.92901
2011,02,18,3,8.39926
2011,02,18,4,13.1099
2011,02,18,5,16.736099999999997
2011,02,18,6,17.525599999999997
2011,02,18,7,17.2532
2011,02,19,0,16.7338
2011,02,19,1,15.9089
2011,02,19,2,15.1135
2011,02,19,3,14.786
2011,02,19,4,13.2633
2011,02,19,5,11.7754
2011,02,19,6,12.0115
2011,02,19,7,15.3013
2011,02,20,0,14.0669
2011,02,20,1,14.2213
2011,02,20,2,13.3301
2011,02,20,3,11.3335
2011,02,20,4,9.92099
2011,02,20,5,9.15618
2011,02,20,6,8.83659
2011,02,20,7,8.82794
2011,02,21,0,7.896199999999999
2011,02,21,1,7.880199999999999
2011,02,21,2,7.90181
2011,02,21,3,7.96443
2011,02,21,4,7.99344
2011,02,21,5,8.84681
2011,02,21,6,8.774809999999999
2011,02,21,7,8.25506
2011,02,22,0,7.907649999999999
2011,02,22,1,7.34356
2011,02,22,2,7.71349
2011,02,22,3,9.90463
2011,02,22,4,12.1899
2011,02,22,5,13.4106
2011,02,22,6,16.1541
2011,02,22,7,19.497700000000002
2011,02,23,0,17.5912
2011,02,23,1,16.162
2011,02,23,2,16.472099999999998
2011,02,23,3,16.8082
2011,02,23,4,17.9575
2011,02,23,5,17.4258
2011,02,23,6,17.1676
2011,02,23,7,16.732
2011,02,24,0,16.801
2011,02,24,1,16.405900000000003
2011,02,24,2,15.5179
2011,02,24,3,14.1113
2011,02,24,4,13.976899999999999
2011,02,24,5,15.8304
2011,02,24,6,18.2249
2011,02,24,7,19.0965
2011,02,25,0,18.1585
2011,02,25,1,16.3015
2011,02,25,2,14.4307
2011,02,25,3,12.7691
2011,02,25,4,12.2621
2011,02,25,5,11.616200000000001
2011,02,25,6,10.6661
2011,02,25,7,10.6057
2011,02,26,0,11.0095
2011,02,26,1,10.7827
2011,02,26,2,9.35806
2011,02,26,3,9.90043
2011,02,26,4,15.1899
2011,02,26,5,20.484599999999997
2011,02,26,6,23.6936
2011,02,26,7,25.4591
2011,02,27,0,25.7528
2011,02,27,1,25.1479
2011,02,27,2,25.2649
2011,02,27,3,25.6757
2011,02,27,4,24.3871
2011,02,27,5,23.2216
2011,02,27,6,24.9208
2011,02,27,7,27.546599999999998
2011,02,28,0,27.623900000000003
2011,02,28,1,26.4307
2011,02,28,2,25.161900000000003
2011,02,28,3,25.5797
2011,02,28,4,21.8733
2011,02,28,5,21.762900000000002
2011,02,28,6,21.0587
2011,02,28,7,21.5389
2011,02,29,0,21.216900000000003
2011,02,29,1,18.4605
2011,02,29,2,17.265900000000002
2011,02,29,3,16.6683
2011,02,29,4,15.757200000000001
2011,02,29,5,15.238100000000001
2011,02,29,6,13.789
2011,02,29,7,13.1075
2011,02,30,0,11.7552
2011,02,30,1,9.99838
2011,02,30,2,8.58498
2011,02,30,3,7.4516599999999995
2011,02,30,4,7.06972
2011,02,30,5,6.56658
2011,02,30,6,6.23168
2011,02,30,7,5.482810000000001
2011,02,31,0,4.68322
2011,02,31,1,5.11987
2011,02,31,2,4.63312
2011,02,31,3,4.3274300000000006
2011,02,31,4,4.725899999999999
2011,02,31,5,5.64513
2011,02,31,6,6.0323400000000005
2011,02,31,7,6.20396
2011,02,1,0,6.88619
2011,02,1,1,7.975569999999999
2011,02,1,2,8.492120000000002
2011,02,1,3,8.211979999999999
2011,02,1,4,8.706940000000001
2011,02,1,5,7.889810000000001
2011,02,1,6,7.76441
2011,02,1,7,8.70279
2011,02,2,0,9.79195
2011,02,2,1,9.52453
2011,02,2,2,7.66624
2011,02,2,3,6.741140000000001
2011,02,2,4,6.81006
2011,02,2,5,6.5635
2011,02,2,6,5.91562
2011,02,2,7,5.95353
2011,02,3,0,6.3026800000000005
2011,02,3,1,6.7040500000000005
2011,02,3,2,7.29551
2011,02,3,3,7.33131
2011,02,3,4,8.5193
2011,02,3,5,10.510399999999999
2011,02,3,6,11.1365
2011,02,3,7,12.8595
2011,02,4,0,13.3354
2011,02,4,1,13.9295
2011,02,4,2,12.7363
2011,02,4,3,11.2566
2011,02,4,4,10.39
2011,02,4,5,9.97302
2011,02,4,6,9.45364
2011,02,4,7,9.65775
2011,02,5,0,10.9586
2011,02,5,1,12.552299999999999
2011,02,5,2,13.9625
2011,02,5,3,15.747200000000001
2011,02,5,4,12.4933
2011,02,5,5,12.943700000000002
2011,02,5,6,13.6941
2011,02,5,7,13.633700000000001
2011,02,6,0,12.8154
2011,02,6,1,12.6972
2011,02,6,2,14.493799999999998
2011,02,6,3,13.879
2011,02,6,4,13.707600000000001
2011,02,6,5,15.035
2011,02,6,6,15.5221
2011,02,6,7,15.034
2011,02,7,0,15.2853
2011,02,7,1,14.8312
2011,02,7,2,12.9482
2011,02,7,3,11.474
2011,02,7,4,13.4777
2011,02,7,5,13.915700000000001
2011,02,7,6,14.5267
2011,02,7,7,15.716
2011,02,8,0,16.2882
2011,02,8,1,16.461299999999998
2011,02,8,2,16.381700000000002
2011,02,8,3,15.5963
2011,02,8,4,15.764899999999999
2011,02,8,5,16.02
2011,02,8,6,15.6976
2011,02,8,7,17.1502
2011,02,9,0,17.807299999999998
2011,02,9,1,15.7244
2011,02,9,2,15.8234
2011,02,9,3,16.7577
2011,02,9,4,17.378700000000002
2011,02,9,5,18.237
2011,02,9,6,19.184900000000003
2011,02,9,7,19.703200000000002
2011,02,10,0,19.5966
2011,02,10,1,21.864099999999997
2011,02,10,2,19.7593
2011,02,10,3,20.6956
2011,02,10,4,20.1994
2011,02,10,5,20.2795
2011,02,10,6,21.5192
2011,02,10,7,22.387900000000002
2011,02,11,0,22.3615
2011,02,11,1,24.264400000000002
2011,02,11,2,24.3296
2011,02,11,3,21.5548
2011,02,11,4,20.6095
2011,02,11,5,22.188
2011,02,11,6,21.551099999999998
2011,02,11,7,20.9746
2011,02,12,0,20.673099999999998
2011,02,12,1,20.230400000000003
2011,02,12,2,18.705099999999998
2011,02,12,3,16.6205
2011,02,12,4,15.366200000000001
2011,02,12,5,14.5151
2011,02,12,6,15.165799999999999
2011,02,12,7,15.71
2011,02,13,0,19.649099999999997
2011,02,13,1,17.8801
2011,02,13,2,16.5759
2011,02,13,3,15.3928
2011,02,13,4,14.3193
2011,02,13,5,14.7424
2011,02,13,6,16.049
2011,02,13,7,17.448700000000002
2011,02,14,0,19.9258
2011,02,14,1,20.327599999999997
2011,02,14,2,21.296400000000002
2011,02,14,3,21.577599999999997
2011,02,14,4,21.6079
2011,02,14,5,20.9452
2011,02,14,6,19.8127
2011,02,14,7,19.2984
2011,02,15,0,19.5437
2011,02,15,1,19.7186
2011,02,15,2,20.143099999999997
2011,02,15,3,20.7778
2011,02,15,4,20.617099999999997
2011,02,15,5,20.2087
2011,02,15,6,20.0596
2011,02,15,7,20.9803
2011,02,16,0,21.8152
2011,02,16,1,20.1612
2011,02,16,2,18.1983
2011,02,16,3,16.8218
2011,02,16,4,16.9108
2011,02,16,5,16.575400000000002
2011,02,16,6,15.0291
2011,02,16,7,14.1113
2011,02,17,0,15.7554
2011,02,17,1,14.3864
2011,02,17,2,18.0927
2011,02,17,3,25.418599999999998
2011,02,17,4,12.5685
2011,02,17,5,11.444700000000001
2011,02,17,6,12.9178
2011,02,17,7,13.755799999999999
2011,02,18,0,13.6924
2011,02,18,1,13.3118
2011,02,18,2,12.5758
2011,02,18,3,16.9268
2011,02,18,4,11.832
2011,02,18,5,11.8658
2011,02,18,6,11.278799999999999
2011,02,18,7,13.5637
2011,02,19,0,11.7204
2011,02,19,1,11.5321
2011,02,19,2,11.296899999999999
2011,02,19,3,11.620899999999999
2011,02,19,4,11.765600000000001
2011,02,19,5,11.5575
2011,02,19,6,10.9965
2011,02,19,7,10.7155
2011,02,20,0,12.7451
2011,02,20,1,11.429
2011,02,20,2,11.2742
2011,02,20,3,12.111600000000001
2011,02,20,4,12.261299999999999
2011,02,20,5,12.047
2011,02,20,6,11.617799999999999
2011,02,20,7,11.3474
2011,02,21,0,11.6395
2011,02,21,1,11.7612
2011,02,21,2,11.5371
2011,02,21,3,11.4815
2011,02,21,4,11.7769
2011,02,21,5,11.3831
2011,02,21,6,11.8133
2011,02,21,7,11.187299999999999
2011,02,22,0,11.44
2011,02,22,1,11.4041
2011,02,22,2,11.471
2011,02,22,3,12.118
2011,02,22,4,12.2601
2011,02,22,5,11.0191
2011,02,22,6,10.7706
2011,02,22,7,11.077399999999999
2011,02,23,0,11.0529
2011,02,23,1,10.4237
2011,02,23,2,10.2631
2011,02,23,3,10.4841
2011,02,23,4,10.7348
2011,02,23,5,11.0618
2011,02,23,6,12.8137
2011,02,23,7,14.0576
2011,02,24,0,13.0583
2011,02,24,1,12.7648
2011,02,24,2,13.338
2011,02,24,3,15.1582
2011,02,24,4,15.977799999999998
2011,02,24,5,20.171400000000002
2011,02,24,6,20.1116
2011,02,24,7,23.2152
2011,02,25,0,19.7135
2011,02,25,1,18.3022
2011,02,25,2,19.445
2011,02,25,3,19.0572
2011,02,25,4,16.49
2011,02,25,5,15.9951
2011,02,25,6,16.464299999999998
2011,02,25,7,16.5393
2011,02,26,0,17.0774
2011,02,26,1,16.2495
2011,02,26,2,21.0624
2011,02,26,3,17.1959
2011,02,26,4,16.5476
2011,02,26,5,15.3599
2011,02,26,6,14.7395
2011,02,26,7,14.425799999999999
2011,02,27,0,14.5283
2011,02,27,1,13.9501
2011,02,27,2,12.783
2011,02,27,3,11.428799999999999
2011,02,27,4,10.919799999999999
2011,02,27,5,11.3858
2011,02,27,6,10.5268
2011,02,27,7,10.183399999999999
2011,02,28,0,9.956629999999999
2011,02,28,1,9.911190000000001
2011,02,28,2,10.178600000000001
2011,02,28,3,9.88536
2011,02,28,4,9.284709999999999
2011,02,28,5,9.18184
2011,02,28,6,10.1996
2011,02,28,7,10.450899999999999
2011,02,29,0,10.7186
2011,02,29,1,10.8832
2011,02,29,2,10.7341
2011,02,29,3,11.302700000000002
2011,02,29,4,11.9505
2011,02,29,5,16.514599999999998
2011,02,29,6,12.4441
2011,02,29,7,12.7645
2011,02,30,0,15.1535
2011,02,30,1,16.623099999999997
2011,02,30,2,17.842200000000002
2011,02,30,3,13.2168
2011,02,30,4,13.9148
2011,02,30,5,15.124
2011,02,30,6,17.7765
2011,02,30,7,21.306
2011,02,1,0,18.2743
2011,02,1,1,15.0427
2011,02,1,2,13.8756
2011,02,1,3,13.7669
2011,02,1,4,13.5065
2011,02,1,5,13.2696
2011,02,1,6,13.4668
2011,02,1,7,14.9016
2011,02,2,0,18.284299999999998
2011,02,2,1,15.2203
2011,02,2,2,14.9369
2011,02,2,3,15.5684
2011,02,2,4,16.6018
2011,02,2,5,17.6107
2011,02,2,6,16.5398
2011,02,2,7,15.6392
2011,02,3,0,14.8143
2011,02,3,1,13.011299999999999
2011,02,3,2,10.6432
2011,02,3,3,10.531
2011,02,3,4,10.2034
2011,02,3,5,10.5974
2011,02,3,6,11.702
2011,02,3,7,17.4316
2011,02,4,0,15.6521
2011,02,4,1,16.1106
2011,02,4,2,15.3844
2011,02,4,3,15.631
2011,02,4,4,16.2534
2011,02,4,5,14.3889
2011,02,4,6,11.7981
2011,02,4,7,10.6905
2011,02,5,0,12.9384
2011,02,5,1,16.9002
2011,02,5,2,18.990599999999997
2011,02,5,3,19.4575
2011,02,5,4,17.281299999999998
2011,02,5,5,17.5405
2011,02,5,6,15.526399999999999
2011,02,5,7,8.21307
2011,02,6,0,6.81008
2011,02,6,1,7.03564
2011,02,6,2,7.715529999999999
2011,02,6,3,8.33433
2011,02,6,4,7.84705
2011,02,6,5,7.62308
2011,02,6,6,6.9772
2011,02,6,7,7.62829
2011,02,7,0,9.05796
2011,02,7,1,8.64956
2011,02,7,2,6.6458
2011,02,7,3,6.67821
2011,02,7,4,8.08721
2011,02,7,5,8.30466
2011,02,7,6,9.1426
2011,02,7,7,10.7849
2011,02,8,0,10.8217
2011,02,8,1,10.068299999999999
2011,02,8,2,8.95711
2011,02,8,3,8.6153
2011,02,8,4,8.42459
2011,02,8,5,8.86152
2011,02,8,6,8.629340000000001
2011,02,8,7,7.78517
2011,02,9,0,7.55192
2011,02,9,1,7.9126199999999995
2011,02,9,2,8.08188
2011,02,9,3,7.97597
2011,02,9,4,7.46209
2011,02,9,5,7.78698
2011,02,9,6,7.86891
2011,02,9,7,8.02548
2011,02,10,0,9.217649999999999
2011,02,10,1,10.4415
2011,02,10,2,10.7765
2011,02,10,3,11.2652
2011,02,10,4,12.9657
2011,02,10,5,15.1703
2011,02,10,6,15.713899999999999
2011,02,10,7,17.760900000000003
2011,02,11,0,18.8537
2011,02,11,1,17.817700000000002
2011,02,11,2,15.1089
2011,02,11,3,15.8239
2011,02,11,4,16.2151
2011,02,11,5,16.1048
2011,02,11,6,14.858799999999999
2011,02,11,7,14.1592
2011,02,12,0,16.6955
2011,02,12,1,12.1039
2011,02,12,2,10.1226
2011,02,12,3,9.434610000000001
2011,02,12,4,9.523209999999999
2011,02,12,5,8.7962
2011,02,12,6,9.70397
2011,02,12,7,9.32556
2011,02,13,0,10.2385
2011,02,13,1,10.296
2011,02,13,2,10.5282
2011,02,13,3,10.1264
2011,02,13,4,10.038200000000002
2011,02,13,5,10.389700000000001
2011,02,13,6,9.99132
2011,02,13,7,9.9278
2011,02,14,0,9.91405
2011,02,14,1,9.75365
2011,02,14,2,9.92426
2011,02,14,3,9.65592
2011,02,14,4,9.55442
2011,02,14,5,9.61144
2011,02,14,6,9.457379999999999
2011,02,14,7,9.65442
2011,02,15,0,10.2729
2011,02,15,1,10.1326
2011,02,15,2,9.14718
2011,02,15,3,8.51773
2011,02,15,4,8.21537
2011,02,15,5,8.4294
2011,02,15,6,9.33304
2011,02,15,7,11.6822
2011,02,16,0,13.447700000000001
2011,02,16,1,12.286299999999999
2011,02,16,2,12.485299999999999
2011,02,16,3,12.6685
2011,02,16,4,12.5314
2011,02,16,5,12.7375
2011,02,16,6,13.3697
2011,02,16,7,13.268
2011,02,17,0,14.7691
2011,02,17,1,13.365200000000002
2011,02,17,2,13.1597
2011,02,17,3,12.238
2011,02,17,4,11.5891
2011,02,17,5,11.936
2011,02,17,6,11.0684
2011,02,17,7,9.130709999999999
2011,02,18,0,8.52651
2011,02,18,1,7.76261
2011,02,18,2,7.26095
2011,02,18,3,7.1784799999999995
2011,02,18,4,6.87308
2011,02,18,5,6.49406
2011,02,18,6,6.3501199999999995
2011,02,18,7,6.70467
2011,02,19,0,6.67879
2011,02,19,1,6.492979999999999
2011,02,19,2,6.667859999999999
2011,02,19,3,6.89399
2011,02,19,4,6.64245
2011,02,19,5,6.42987
2011,02,19,6,6.47612
2011,02,19,7,6.44283
2011,02,20,0,6.57783
2011,02,20,1,7.51701
2011,02,20,2,8.22472
2011,02,20,3,8.04657
2011,02,20,4,8.350340000000001
2011,02,20,5,8.6061
2011,02,20,6,8.19808
2011,02,20,7,8.14433
2011,02,21,0,7.94158
2011,02,21,1,7.6415500000000005
2011,02,21,2,7.57031
2011,02,21,3,7.6595200000000006
2011,02,21,4,7.33063
2011,02,21,5,6.86812
2011,02,21,6,6.7799700000000005
2011,02,21,7,6.72006
2011,02,22,0,7.3661
2011,02,22,1,7.50354
2011,02,22,2,7.31851
2011,02,22,3,7.11911
2011,02,22,4,6.901470000000001
2011,02,22,5,6.24029
2011,02,22,6,6.019939999999999
2011,02,22,7,5.19821
2011,02,23,0,5.23466
2011,02,23,1,5.26091
2011,02,23,2,5.368390000000001
2011,02,23,3,5.714720000000001
2011,02,23,4,6.0472399999999995
2011,02,23,5,6.45683
2011,02,23,6,6.39925
2011,02,23,7,6.54389
2011,02,24,0,7.0965
2011,02,24,1,7.2073100000000005
2011,02,24,2,7.243270000000001
2011,02,24,3,7.450270000000001
2011,02,24,4,7.930890000000001
2011,02,24,5,7.75024
2011,02,24,6,7.5336099999999995
2011,02,24,7,9.06035
2011,02,25,0,11.1422
2011,02,25,1,11.6599
2011,02,25,2,10.8079
2011,02,25,3,9.560870000000001
2011,02,25,4,9.01778
2011,02,25,5,9.446290000000001
2011,02,25,6,9.669270000000001
2011,02,25,7,8.80357
2011,02,26,0,6.95396
2011,02,26,1,7.52059
2011,02,26,2,8.07409
2011,02,26,3,7.16036
2011,02,26,4,3.92801
2011,02,26,5,2.92221
2011,02,26,6,2.5451799999999998
2011,02,26,7,2.62257
2011,02,27,0,2.78411
2011,02,27,1,3.1685100000000004
2011,02,27,2,3.88772
2011,02,27,3,4.8115
2011,02,27,4,4.9814
2011,02,27,5,5.36035
2011,02,27,6,6.75263
2011,02,27,7,7.0658900000000004
2011,02,28,0,6.018800000000001
2011,02,28,1,5.309189999999999
2011,02,28,2,5.44529
2011,02,28,3,5.52872
2011,02,28,4,5.52125
2011,02,28,5,5.63964
2011,02,28,6,5.894100000000001
2011,02,28,7,5.90953
2011,02,29,0,5.90555
2011,02,29,1,6.08352
2011,02,29,2,6.32809
2011,02,29,3,5.7959499999999995
2011,02,29,4,5.16822
2011,02,29,5,5.17506
2011,02,29,6,5.464770000000001
2011,02,29,7,5.86928
2011,02,30,0,5.9158100000000005
2011,02,30,1,6.7267600000000005
2011,02,30,2,5.97163
2011,02,30,3,6.142060000000001
2011,02,30,4,6.14177
2011,02,30,5,5.889609999999999
2011,02,30,6,5.65146
2011,02,30,7,5.67797
2011,02,31,0,5.7303500000000005
2011,02,31,1,5.61698
2011,02,31,2,5.4685500000000005
2011,02,31,3,5.20205
2011,02,31,4,5.308770000000001
2011,02,31,5,5.9115
2011,02,31,6,6.48102
2011,02,31,7,6.74973
2011,02,1,0,6.68413
2011,02,1,1,9.39396
2011,02,1,2,7.124479999999999
2011,02,1,3,6.86761
2011,02,1,4,6.15489
2011,02,1,5,6.48569
2011,02,1,6,5.46635
2011,02,1,7,4.47851
2011,02,2,0,2.90779
2011,02,2,1,2.30049
2011,02,2,2,2.02204
2011,02,2,3,2.22791
2011,02,2,4,2.71903
2011,02,2,5,2.28877
2011,02,2,6,2.79671
2011,02,2,7,2.8462199999999998
2011,02,3,0,2.98947
2011,02,3,1,3.05959
2011,02,3,2,3.1493
2011,02,3,3,3.43443
2011,02,3,4,3.7231
2011,02,3,5,3.6293699999999998
2011,02,3,6,4.26443
2011,02,3,7,5.15929
2011,02,4,0,4.761909999999999
2011,02,4,1,7.50549
2011,02,4,2,8.6362
2011,02,4,3,8.655299999999999
2011,02,4,4,6.70354
2011,02,4,5,5.64405
2011,02,4,6,6.7197
2011,02,4,7,7.09447
2011,02,5,0,5.79934
2011,02,5,1,5.25536
2011,02,5,2,4.96697
2011,02,5,3,4.1858900000000006
2011,02,5,4,4.72456
2011,02,5,5,5.93232
2011,02,5,6,6.14384
2011,02,5,7,6.1151800000000005
2011,02,6,0,8.99018
2011,02,6,1,6.15438
2011,02,6,2,6.69513
2011,02,6,3,7.48178
2011,02,6,4,7.53563
2011,02,6,5,7.75062
2011,02,6,6,6.02846
2011,02,6,7,5.64666
2011,02,7,0,5.85804
2011,02,7,1,6.8499099999999995
2011,02,7,2,7.22614
2011,02,7,3,6.41626
2011,02,7,4,6.26442
2011,02,7,5,6.26684
2011,02,7,6,5.59566
2011,02,7,7,4.85581
2011,02,8,0,4.5565299999999995
2011,02,8,1,4.8343
2011,02,8,2,4.92039
2011,02,8,3,4.5448699999999995
2011,02,8,4,3.9104200000000002
2011,02,8,5,3.7490300000000003
2011,02,8,6,3.94947
2011,02,8,7,3.81337
2011,02,9,0,4.07568
2011,02,9,1,3.9268400000000003
2011,02,9,2,3.7038
2011,02,9,3,3.5623
2011,02,9,4,3.4950900000000003
2011,02,9,5,3.38959
2011,02,9,6,3.72385
2011,02,9,7,3.59393
2011,02,10,0,3.04461
2011,02,10,1,2.80436
2011,02,10,2,2.9552199999999997
2011,02,10,3,3.03134
2011,02,10,4,3.107
2011,02,10,5,3.40997
2011,02,10,6,4.13046
2011,02,10,7,4.95528
2011,02,11,0,5.18095
2011,02,11,1,4.9281999999999995
2011,02,11,2,5.237220000000001
2011,02,11,3,6.034770000000001
2011,02,11,4,6.94688
2011,02,11,5,9.219430000000001
2011,02,11,6,12.1269
2011,02,11,7,11.004299999999999
2011,02,12,0,9.60023
2011,02,12,1,10.6419
2011,02,12,2,10.0236
2011,02,12,3,10.1505
2011,02,12,4,10.9642
2011,02,12,5,9.859290000000001
2011,02,12,6,9.35279
2011,02,12,7,9.03563
2011,02,13,0,8.21788
2011,02,13,1,8.521930000000001
2011,02,13,2,9.09004
2011,02,13,3,11.4149
2011,02,13,4,14.7074
2011,02,13,5,14.617
2011,02,13,6,12.5167
2011,02,13,7,10.694700000000001
2011,02,14,0,10.0487
2011,02,14,1,9.92771
2011,02,14,2,10.971
2011,02,14,3,12.267
2011,02,14,4,12.5159
2011,02,14,5,12.1185
2011,02,14,6,10.9471
2011,02,14,7,9.88587
2011,02,15,0,8.929969999999999
2011,02,15,1,7.47438
2011,02,15,2,7.60483
2011,02,15,3,13.091700000000001
2011,02,15,4,5.73084
2011,02,15,5,5.71059
2011,02,15,6,6.711930000000001
2011,02,15,7,8.82765
2011,02,16,0,11.0656
2011,02,16,1,11.1117
2011,02,16,2,10.965
2011,02,16,3,11.3049
2011,02,16,4,11.404200000000001
2011,02,16,5,10.960899999999999
2011,02,16,6,9.987459999999999
2011,02,16,7,9.18891
2011,02,17,0,9.20537
2011,02,17,1,8.89058
2011,02,17,2,8.58982
2011,02,17,3,8.48067
2011,02,17,4,7.7705
2011,02,17,5,6.53332
2011,02,17,6,5.68929
2011,02,17,7,4.857609999999999
2011,02,18,0,5.659140000000001
2011,02,18,1,7.1707
2011,02,18,2,5.4793199999999995
2011,02,18,3,5.1525
2011,02,18,4,5.26933
2011,02,18,5,5.3296
2011,02,18,6,5.91104
2011,02,18,7,6.336600000000001
2011,02,19,0,6.68343
2011,02,19,1,6.29274
2011,02,19,2,5.70749
2011,02,19,3,6.71779
2011,02,19,4,7.4702399999999995
2011,02,19,5,7.79111
2011,02,19,6,7.23618
2011,02,19,7,6.587479999999999
2011,02,20,0,6.024850000000001
2011,02,20,1,5.6749600000000004
2011,02,20,2,5.07473
2011,02,20,3,5.16353
2011,02,20,4,6.07889
2011,02,20,5,7.5175600000000005
2011,02,20,6,9.507629999999999
2011,02,20,7,10.710899999999999
2011,02,21,0,11.303
2011,02,21,1,11.1794
2011,02,21,2,10.085
2011,02,21,3,8.95623
2011,02,21,4,7.84779
2011,02,21,5,7.45336
2011,02,21,6,7.37486
2011,02,21,7,7.1333400000000005
2011,02,22,0,7.20942
2011,02,22,1,7.400930000000001
2011,02,22,2,6.243510000000001
2011,02,22,3,5.45587
2011,02,22,4,5.02393
2011,02,22,5,4.730779999999999
2011,02,22,6,4.59467
2011,02,22,7,5.1978599999999995
2011,02,23,0,4.802779999999999
2011,02,23,1,5.17144
2011,02,23,2,5.18357
2011,02,23,3,5.20631
2011,02,23,4,4.93777
2011,02,23,5,4.64231
2011,02,23,6,4.83707
2011,02,23,7,5.90127
2011,02,24,0,5.843520000000001
2011,02,24,1,6.11482
2011,02,24,2,6.09483
2011,02,24,3,6.7154300000000005
2011,02,24,4,6.64757
2011,02,24,5,6.37309
2011,02,24,6,6.44482
2011,02,24,7,6.28627
2011,02,25,0,6.1263000000000005
2011,02,25,1,6.52487
2011,02,25,2,5.99938
2011,02,25,3,6.74556
2011,02,25,4,6.33507
2011,02,25,5,5.83729
2011,02,25,6,6.3288400000000005
2011,02,25,7,6.315180000000001
2011,02,26,0,6.4517
2011,02,26,1,6.77888
2011,02,26,2,6.38616
2011,02,26,3,5.81996
2011,02,26,4,5.946479999999999
2011,02,26,5,5.80302
2011,02,26,6,6.48606
2011,02,26,7,7.06918
2011,02,27,0,7.51159
2011,02,27,1,7.8756
2011,02,27,2,7.7061
2011,02,27,3,7.04493
2011,02,27,4,6.31088
2011,02,27,5,5.89917
2011,02,27,6,5.76785
2011,02,27,7,6.16284
2011,02,28,0,5.70997
2011,02,28,1,4.68684
2011,02,28,2,4.13404
2011,02,28,3,3.78662
2011,02,28,4,3.34761
2011,02,28,5,3.22587
2011,02,28,6,3.59071
2011,02,28,7,3.8125500000000003
2011,02,29,0,3.86822
2011,02,29,1,5.1313
2011,02,29,2,6.43179
2011,02,29,3,5.16507
2011,02,29,4,4.38817
2011,02,29,5,4.75516
2011,02,29,6,5.11258
2011,02,29,7,5.73187
2011,02,30,0,5.91709
2011,02,30,1,5.7719
2011,02,30,2,5.45884
2011,02,30,3,4.78108
2011,02,30,4,4.57113
2011,02,30,5,5.25849
2011,02,30,6,4.02769
2011,02,30,7,4.3388599999999995
2011,02,1,0,4.350770000000001
2011,02,1,1,5.15392
2011,02,1,2,5.35102
2011,02,1,3,5.32971
2011,02,1,4,4.77523
2011,02,1,5,4.89435
2011,02,1,6,4.76821
2011,02,1,7,4.82779
2011,02,2,0,4.75713
2011,02,2,1,5.0266
2011,02,2,2,5.30843
2011,02,2,3,5.12861
2011,02,2,4,4.39172
2011,02,2,5,4.6206499999999995
2011,02,2,6,3.68534
2011,02,2,7,4.662520000000001
2011,02,3,0,3.17186
2011,02,3,1,2.8735999999999997
2011,02,3,2,3.32762
2011,02,3,3,2.6347300000000002
2011,02,3,4,2.3997800000000002
2011,02,3,5,2.55395
2011,02,3,6,2.20812
2011,02,3,7,2.07329
2011,02,4,0,2.2021100000000002
2011,02,4,1,2.51042
2011,02,4,2,3.0365900000000003
2011,02,4,3,4.05204
2011,02,4,4,5.408720000000001
2011,02,4,5,6.04273
2011,02,4,6,5.98204
2011,02,4,7,5.63042
2011,02,5,0,5.21624
2011,02,5,1,4.2745
2011,02,5,2,4.16301
2011,02,5,3,3.32198
2011,02,5,4,3.3131
2011,02,5,5,3.33107
2011,02,5,6,2.84977
2011,02,5,7,2.99757
2011,02,6,0,2.82135
2011,02,6,1,2.247
2011,02,6,2,2.1550100000000003
2011,02,6,3,2.03958
2011,02,6,4,2.28688
2011,02,6,5,2.78481
2011,02,6,6,3.1323000000000003
2011,02,6,7,3.5364400000000002
2011,02,7,0,4.52283
2011,02,7,1,4.93559
2011,02,7,2,5.98655
2011,02,7,3,6.42072
2011,02,7,4,7.11622
2011,02,7,5,6.95954
2011,02,7,6,6.66188
2011,02,7,7,6.27516
2011,02,8,0,6.17754
2011,02,8,1,5.959149999999999
2011,02,8,2,5.836609999999999
2011,02,8,3,5.72417
2011,02,8,4,5.49139
2011,02,8,5,5.617310000000001
2011,02,8,6,5.9059099999999995
2011,02,8,7,6.02947
2011,02,9,0,6.196689999999999
2011,02,9,1,5.59434
2011,02,9,2,4.9331499999999995
2011,02,9,3,4.18124
2011,02,9,4,2.76398
2011,02,9,5,1.19967
2011,02,9,6,1.9157899999999999
2011,02,9,7,2.15246
2011,02,10,0,2.34228
2011,02,10,1,2.51895
2011,02,10,2,2.85865
2011,02,10,3,3.0378000000000003
2011,02,10,4,3.05042
2011,02,10,5,3.04584
2011,02,10,6,3.0508
2011,02,10,7,3.37249
2011,02,11,0,3.71046
2011,02,11,1,3.58139
2011,02,11,2,3.47358
2011,02,11,3,3.2111
2011,02,11,4,3.75616
2011,02,11,5,4.36967
2011,02,11,6,4.52524
2011,02,11,7,4.36629
2011,02,12,0,4.43379
2011,02,12,1,4.53398
2011,02,12,2,4.84422
2011,02,12,3,5.2586
2011,02,12,4,5.60233
2011,02,12,5,6.28803
2011,02,12,6,6.870220000000001
2011,02,12,7,7.2239700000000004
2011,02,13,0,7.2543
2011,02,13,1,7.37601
2011,02,13,2,7.64532
2011,02,13,3,8.0097
2011,02,13,4,8.1007
2011,02,13,5,7.90078
2011,02,13,6,7.83282
2011,02,13,7,7.56915
2011,02,14,0,7.32503
2011,02,14,1,6.789560000000001
2011,02,14,2,6.15442
2011,02,14,3,5.39054
2011,02,14,4,4.7541899999999995
2011,02,14,5,4.413069999999999
2011,02,14,6,4.579890000000001
2011,02,14,7,4.29962
2011,02,15,0,4.5210799999999995
2011,02,15,1,4.586390000000001
2011,02,15,2,4.93072
2011,02,15,3,5.427479999999999
2011,02,15,4,6.25556
2011,02,15,5,6.64192
2011,02,15,6,7.16739
2011,02,15,7,7.87383
2011,02,16,0,7.85269
2011,02,16,1,7.28329
2011,02,16,2,6.72829
2011,02,16,3,5.92424
2011,02,16,4,5.40471
2011,02,16,5,4.7336800000000006
2011,02,16,6,5.32816
2011,02,16,7,4.57804
2011,02,17,0,4.53954
2011,02,17,1,4.55092
2011,02,17,2,4.26659
2011,02,17,3,4.05179
2011,02,17,4,3.9349600000000002
2011,02,17,5,4.42879
2011,02,17,6,3.9023000000000003
2011,02,17,7,3.95265
2011,02,18,0,5.19688
2011,02,18,1,6.00587
2011,02,18,2,6.32491
2011,02,18,3,6.37604
2011,02,18,4,6.68389
2011,02,18,5,8.61016
2011,02,18,6,8.9405
2011,02,18,7,8.826600000000001
2011,02,19,0,8.85639
2011,02,19,1,8.80364
2011,02,19,2,7.44151
2011,02,19,3,5.88567
2011,02,19,4,4.55335
2011,02,19,5,5.0243400000000005
2011,02,19,6,5.47828
2011,02,19,7,6.07781
2011,02,20,0,6.70757
2011,02,20,1,6.6002
2011,02,20,2,5.72663
2011,02,20,3,5.6492700000000005
2011,02,20,4,5.29743
2011,02,20,5,4.62117
2011,02,20,6,3.88598
2011,02,20,7,3.32009
2011,02,21,0,3.02403
2011,02,21,1,3.69702
2011,02,21,2,6.40246
2011,02,21,3,8.227559999999999
2011,02,21,4,8.522770000000001
2011,02,21,5,7.804600000000001
2011,02,21,6,4.9538
2011,02,21,7,3.6863099999999998
2011,02,22,0,2.71285
2011,02,22,1,2.24954
2011,02,22,2,1.98363
2011,02,22,3,1.9633099999999999
2011,02,22,4,1.64427
2011,02,22,5,1.35227
2011,02,22,6,1.8540999999999999
2011,02,22,7,1.7221099999999998
2011,02,23,0,1.75978
2011,02,23,1,1.72051
2011,02,23,2,1.68779
2011,02,23,3,1.6416300000000001
2011,02,23,4,1.99226
2011,02,23,5,1.96651
2011,02,23,6,2.16079
2011,02,23,7,2.6458600000000003
2011,02,24,0,3.3650100000000003
2011,02,24,1,3.7200100000000003
2011,02,24,2,3.3506799999999997
2011,02,24,3,2.7791799999999998
2011,02,24,4,2.35225
2011,02,24,5,2.04062
2011,02,24,6,1.82811
2011,02,24,7,2.15158
2011,02,25,0,2.55194
2011,02,25,1,2.86042
2011,02,25,2,3.24511
2011,02,25,3,3.68306
2011,02,25,4,3.37125
2011,02,25,5,3.0201700000000002
2011,02,25,6,3.00014
2011,02,25,7,3.08767
2011,02,26,0,2.8858800000000002
2011,02,26,1,3.11815
2011,02,26,2,3.1564
2011,02,26,3,3.17902
2011,02,26,4,3.05792
2011,02,26,5,3.31215
2011,02,26,6,3.27403
2011,02,26,7,3.06381
2011,02,27,0,3.1414
2011,02,27,1,3.32224
2011,02,27,2,3.26916
2011,02,27,3,2.75604
2011,02,27,4,2.4143499999999998
2011,02,27,5,3.1411
2011,02,27,6,2.6806300000000003
2011,02,27,7,2.86458
2011,02,28,0,3.1828000000000003
2011,02,28,1,4.11392
2011,02,28,2,3.9548400000000004
2011,02,28,3,4.21124
2011,02,28,4,4.97621
2011,02,28,5,6.66981
2011,02,28,6,8.19831
2011,02,28,7,9.332870000000002
2011,02,29,0,9.68089
2011,02,29,1,9.525459999999999
2011,02,29,2,10.6797
2011,02,29,3,14.7328
2011,02,29,4,13.7819
2011,02,29,5,11.8131
2011,02,29,6,10.6707
2011,02,29,7,10.023100000000001
2011,02,30,0,10.3254
2011,02,30,1,9.14352
2011,02,30,2,7.7923100000000005
2011,02,30,3,6.49335
2011,02,30,4,5.96286
2011,02,30,5,5.963979999999999
2011,02,30,6,5.8893
2011,02,30,7,6.50873
2011,02,31,0,6.05675
2011,02,31,1,2.40076
2011,02,31,2,1.12674
2011,02,31,3,1.87011
2011,02,31,4,2.8499299999999996
2011,02,31,5,2.9537199999999997
2011,02,31,6,3.0955700000000004
2011,02,31,7,5.023770000000001
2012,02,1,0,4.69328
2012,02,1,1,4.7105500000000005
2012,02,1,2,4.93789
2012,02,1,3,4.99101
2012,02,1,4,5.16929
2012,02,1,5,5.077529999999999
2012,02,1,6,4.72391
2012,02,1,7,4.653479999999999
2012,02,2,0,4.19924
2012,02,2,1,3.55004
2012,02,2,2,3.15356
2012,02,2,3,2.97505
2012,02,2,4,3.0593000000000004
2012,02,2,5,3.15356
2012,02,2,6,5.49838
2012,02,2,7,4.21101
2012,02,3,0,4.80925
2012,02,3,1,5.846310000000001
2012,02,3,2,7.2169
2012,02,3,3,5.4713199999999995
2012,02,3,4,4.40501
2012,02,3,5,4.88117
2012,02,3,6,5.03221
2012,02,3,7,5.12529
2012,02,4,0,5.85472
2012,02,4,1,6.81296
2012,02,4,2,7.3203000000000005
2012,02,4,3,7.554729999999999
2012,02,4,4,7.894100000000001
2012,02,4,5,7.851520000000001
2012,02,4,6,8.5583
2012,02,4,7,9.36054
2012,02,5,0,8.10497
2012,02,5,1,7.736560000000001
2012,02,5,2,7.4735
2012,02,5,3,6.8771
2012,02,5,4,6.68602
2012,02,5,5,6.251720000000001
2012,02,5,6,6.8607
2012,02,5,7,7.7078
2012,02,6,0,8.02885
2012,02,6,1,7.84516
2012,02,6,2,8.47256
2012,02,6,3,6.5630299999999995
2012,02,6,4,5.81978
2012,02,6,5,5.373819999999999
2012,02,6,6,5.28521
2012,02,6,7,5.0033900000000004
2012,02,7,0,5.34367
2012,02,7,1,6.6102
2012,02,7,2,4.82637
2012,02,7,3,4.410699999999999
2012,02,7,4,5.338550000000001
2012,02,7,5,5.836270000000001
2012,02,7,6,4.901680000000001
2012,02,7,7,3.55691
2012,02,8,0,2.67131
2012,02,8,1,3.20652
2012,02,8,2,3.38269
2012,02,8,3,3.3497600000000003
2012,02,8,4,3.13694
2012,02,8,5,4.22297
2012,02,8,6,4.4953
2012,02,8,7,6.77318
2012,02,9,0,7.53272
2012,02,9,1,7.12878
2012,02,9,2,6.97463
2012,02,9,3,7.54418
2012,02,9,4,8.38836
2012,02,9,5,8.950959999999998
2012,02,9,6,9.05779
2012,02,9,7,8.896139999999999
2012,02,10,0,8.98165
2012,02,10,1,8.89287
2012,02,10,2,8.72319
2012,02,10,3,8.43078
2012,02,10,4,8.02328
2012,02,10,5,7.30879
2012,02,10,6,6.644520000000001
2012,02,10,7,6.59711
2012,02,11,0,6.77788
2012,02,11,1,7.2011400000000005
2012,02,11,2,6.78311
2012,02,11,3,5.33652
2012,02,11,4,5.09963
2012,02,11,5,4.915220000000001
2012,02,11,6,3.32264
2012,02,11,7,3.37629
2012,02,12,0,3.37211
2012,02,12,1,3.1524
2012,02,12,2,2.96821
2012,02,12,3,3.06508
2012,02,12,4,3.05432
2012,02,12,5,2.77503
2012,02,12,6,2.9539
2012,02,12,7,3.06602
2012,02,13,0,2.49986
2012,02,13,1,1.87432
2012,02,13,2,2.3366599999999997
2012,02,13,3,2.55666
2012,02,13,4,2.65624
2012,02,13,5,2.69282
2012,02,13,6,2.73898
2012,02,13,7,2.90927
2012,02,14,0,2.96792
2012,02,14,1,2.6389299999999998
2012,02,14,2,2.49673
2012,02,14,3,2.60657
2012,02,14,4,2.61896
2012,02,14,5,2.61065
2012,02,14,6,2.78664
2012,02,14,7,3.12206
2012,02,15,0,3.1849600000000002
2012,02,15,1,3.15693
2012,02,15,2,3.3398600000000003
2012,02,15,3,3.6855300000000004
2012,02,15,4,3.8617
2012,02,15,5,4.0291500000000005
2012,02,15,6,4.32862
2012,02,15,7,4.51145
2012,02,16,0,5.486140000000001
2012,02,16,1,5.88199
2012,02,16,2,3.9576599999999997
2012,02,16,3,3.69978
2012,02,16,4,1.9459300000000002
2012,02,16,5,1.93445
2012,02,16,6,2.5898000000000003
2012,02,16,7,2.36269
2012,02,17,0,2.6259200000000003
2012,02,17,1,3.07224
2012,02,17,2,3.22735
2012,02,17,3,3.35209
2012,02,17,4,3.39362
2012,02,17,5,3.58604
2012,02,17,6,3.49459
2012,02,17,7,3.25195
2012,02,18,0,3.6278699999999997
2012,02,18,1,3.71607
2012,02,18,2,4.36942
2012,02,18,3,5.54125
2012,02,18,4,7.23471
2012,02,18,5,7.25751
2012,02,18,6,8.16909
2012,02,18,7,8.78276
2012,02,19,0,7.3303
2012,02,19,1,5.189100000000001
2012,02,19,2,4.57378
2012,02,19,3,4.486689999999999
2012,02,19,4,3.4913000000000003
2012,02,19,5,2.72204
2012,02,19,6,2.41798
2012,02,19,7,2.19817
2012,02,20,0,2.3672600000000004
2012,02,20,1,7.48346
2012,02,20,2,11.796899999999999
2012,02,20,3,11.959100000000001
2012,02,20,4,14.3118
2012,02,20,5,15.5244
2012,02,20,6,16.4768
2012,02,20,7,16.1209
2012,02,21,0,16.3561
2012,02,21,1,17.4696
2012,02,21,2,17.213900000000002
2012,02,21,3,16.5853
2012,02,21,4,14.3232
2012,02,21,5,9.90395
2012,02,21,6,6.17478
2012,02,21,7,5.21573
2012,02,22,0,5.069520000000001
2012,02,22,1,4.581510000000001
2012,02,22,2,4.59836
2012,02,22,3,4.842770000000001
2012,02,22,4,5.639729999999999
2012,02,22,5,6.47071
2012,02,22,6,7.155819999999999
2012,02,22,7,6.22309
2012,02,23,0,8.12599
2012,02,23,1,9.84907
2012,02,23,2,8.59815
2012,02,23,3,10.106
2012,02,23,4,12.0622
2012,02,23,5,9.61807
2012,02,23,6,9.235610000000001
2012,02,23,7,8.29224
2012,02,24,0,8.40006
2012,02,24,1,8.3365
2012,02,24,2,7.20444
2012,02,24,3,6.21887
2012,02,24,4,5.72417
2012,02,24,5,5.87829
2012,02,24,6,6.91698
2012,02,24,7,8.678379999999999
2012,02,25,0,9.52597
2012,02,25,1,9.095790000000001
2012,02,25,2,9.64196
2012,02,25,3,9.937100000000001
2012,02,25,4,9.030520000000001
2012,02,25,5,9.47002
2012,02,25,6,10.199200000000001
2012,02,25,7,11.416799999999999
2012,02,26,0,11.1535
2012,02,26,1,10.0084
2012,02,26,2,9.11699
2012,02,26,3,8.71566
2012,02,26,4,7.49445
2012,02,26,5,5.08299
2012,02,26,6,4.94628
2012,02,26,7,6.80766
2012,02,27,0,10.085600000000001
2012,02,27,1,9.02965
2012,02,27,2,9.63278
2012,02,27,3,8.22511
2012,02,27,4,6.36574
2012,02,27,5,4.172890000000001
2012,02,27,6,4.26679
2012,02,27,7,3.54819
2012,02,28,0,3.19258
2012,02,28,1,1.9338
2012,02,28,2,1.85294
2012,02,28,3,2.2169499999999998
2012,02,28,4,2.03431
2012,02,28,5,1.5011700000000001
2012,02,28,6,1.58029
2012,02,28,7,2.50452
2012,02,29,0,2.62161
2012,02,29,1,2.67505
2012,02,29,2,2.82175
2012,02,29,3,3.08278
2012,02,29,4,3.24523
2012,02,29,5,2.87417
2012,02,29,6,2.73851
2012,02,29,7,2.93169
2012,02,30,0,3.2567600000000003
2012,02,30,1,3.6531100000000003
2012,02,30,2,3.7801199999999997
2012,02,30,3,3.86465
2012,02,30,4,4.31159
2012,02,30,5,5.16321
2012,02,30,6,7.291270000000001
2012,02,30,7,9.66997
2012,02,31,0,11.1554
2012,02,31,1,11.3192
2012,02,31,2,10.8864
2012,02,31,3,10.7783
2012,02,31,4,10.7075
2012,02,31,5,8.299940000000001
2012,02,31,6,7.21507
2012,02,31,7,5.79453
2012,02,1,0,6.11381
2012,02,1,1,7.2348
2012,02,1,2,8.02195
2012,02,1,3,9.15858
2012,02,1,4,7.37216
2012,02,1,5,5.52526
2012,02,1,6,3.66974
2012,02,1,7,3.6213200000000003
2012,02,2,0,4.64012
2012,02,2,1,4.28345
2012,02,2,2,4.923310000000001
2012,02,2,3,5.17208
2012,02,2,4,4.06074
2012,02,2,5,2.96574
2012,02,2,6,3.12804
2012,02,2,7,2.52792
2012,02,3,0,2.5363200000000004
2012,02,3,1,2.73652
2012,02,3,2,2.66271
2012,02,3,3,2.8739
2012,02,3,4,2.97369
2012,02,3,5,3.14855
2012,02,3,6,3.4722399999999998
2012,02,3,7,3.33486
2012,02,4,0,3.53204
2012,02,4,1,3.8675100000000002
2012,02,4,2,4.1967799999999995
2012,02,4,3,4.598310000000001
2012,02,4,4,5.01894
2012,02,4,5,5.19435
2012,02,4,6,5.015
2012,02,4,7,4.66291
2012,02,5,0,4.34315
2012,02,5,1,3.97201
2012,02,5,2,3.74919
2012,02,5,3,3.8008
2012,02,5,4,4.15849
2012,02,5,5,4.49446
2012,02,5,6,4.4248199999999995
2012,02,5,7,4.36183
2012,02,6,0,4.23063
2012,02,6,1,4.06554
2012,02,6,2,4.06258
2012,02,6,3,4.23849
2012,02,6,4,4.38117
2012,02,6,5,4.47451
2012,02,6,6,4.92656
2012,02,6,7,5.12474
2012,02,7,0,5.41476
2012,02,7,1,6.26383
2012,02,7,2,7.01138
2012,02,7,3,7.90359
2012,02,7,4,8.23231
2012,02,7,5,8.98244
2012,02,7,6,9.845229999999999
2012,02,7,7,10.8401
2012,02,8,0,10.854700000000001
2012,02,8,1,10.8886
2012,02,8,2,10.969
2012,02,8,3,10.947899999999999
2012,02,8,4,10.9565
2012,02,8,5,9.822790000000001
2012,02,8,6,7.44274
2012,02,8,7,7.07355
2012,02,9,0,6.21806
2012,02,9,1,6.2378599999999995
2012,02,9,2,7.21403
2012,02,9,3,7.9465900000000005
2012,02,9,4,7.98637
2012,02,9,5,7.46721
2012,02,9,6,7.162439999999999
2012,02,9,7,5.42998
2012,02,10,0,5.68989
2012,02,10,1,6.133109999999999
2012,02,10,2,6.37908
2012,02,10,3,6.21633
2012,02,10,4,5.216189999999999
2012,02,10,5,4.45594
2012,02,10,6,4.71145
2012,02,10,7,4.94899
2012,02,11,0,4.83315
2012,02,11,1,5.22897
2012,02,11,2,5.4153400000000005
2012,02,11,3,5.49638
2012,02,11,4,4.9258999999999995
2012,02,11,5,6.76441
2012,02,11,6,9.674610000000001
2012,02,11,7,10.7823
2012,02,12,0,11.863
2012,02,12,1,11.0055
2012,02,12,2,9.50102
2012,02,12,3,8.11704
2012,02,12,4,7.4154
2012,02,12,5,6.74518
2012,02,12,6,6.12014
2012,02,12,7,5.9382600000000005
2012,02,13,0,6.75438
2012,02,13,1,8.368049999999998
2012,02,13,2,10.0312
2012,02,13,3,11.066
2012,02,13,4,8.329120000000001
2012,02,13,5,6.34372
2012,02,13,6,6.06402
2012,02,13,7,4.71153
2012,02,14,0,7.69564
2012,02,14,1,5.605359999999999
2012,02,14,2,7.3101
2012,02,14,3,7.383
2012,02,14,4,7.32871
2012,02,14,5,7.2323
2012,02,14,6,7.00155
2012,02,14,7,6.67532
2012,02,15,0,5.50199
2012,02,15,1,6.10949
2012,02,15,2,6.14865
2012,02,15,3,5.23375
2012,02,15,4,4.427239999999999
2012,02,15,5,4.29024
2012,02,15,6,5.47624
2012,02,15,7,5.0874
2012,02,16,0,6.47096
2012,02,16,1,6.18103
2012,02,16,2,6.144310000000001
2012,02,16,3,5.7832799999999995
2012,02,16,4,5.158
2012,02,16,5,4.627479999999999
2012,02,16,6,4.13078
2012,02,16,7,3.7084
2012,02,17,0,3.6478800000000002
2012,02,17,1,3.3075
2012,02,17,2,3.2868600000000003
2012,02,17,3,3.1896
2012,02,17,4,2.85713
2012,02,17,5,2.72159
2012,02,17,6,3.35921
2012,02,17,7,5.24304
2012,02,18,0,5.894100000000001
2012,02,18,1,5.35816
2012,02,18,2,5.30541
2012,02,18,3,5.31318
2012,02,18,4,5.21297
2012,02,18,5,4.95358
2012,02,18,6,5.86962
2012,02,18,7,7.46646
2012,02,19,0,9.878770000000001
2012,02,19,1,10.3727
2012,02,19,2,7.60822
2012,02,19,3,5.619
2012,02,19,4,4.883100000000001
2012,02,19,5,4.2438400000000005
2012,02,19,6,4.053030000000001
2012,02,19,7,3.79312
2012,02,20,0,3.3758600000000003
2012,02,20,1,3.55154
2012,02,20,2,3.70278
2012,02,20,3,4.25369
2012,02,20,4,5.28621
2012,02,20,5,5.767180000000001
2012,02,20,6,6.96145
2012,02,20,7,6.74419
2012,02,21,0,6.03965
2012,02,21,1,5.89032
2012,02,21,2,6.40535
2012,02,21,3,7.93926
2012,02,21,4,9.067290000000002
2012,02,21,5,8.84974
2012,02,21,6,11.0404
2012,02,21,7,12.8222
2012,02,22,0,11.5655
2012,02,22,1,11.1345
2012,02,22,2,11.7054
2012,02,22,3,11.3604
2012,02,22,4,9.02402
2012,02,22,5,5.66219
2012,02,22,6,5.58731
2012,02,22,7,3.50788
2012,02,23,0,3.0922199999999997
2012,02,23,1,5.82778
2012,02,23,2,6.48277
2012,02,23,3,7.76995
2012,02,23,4,8.95185
2012,02,23,5,8.1754
2012,02,23,6,7.92713
2012,02,23,7,6.72455
2012,02,24,0,5.23493
2012,02,24,1,4.6613999999999995
2012,02,24,2,4.77513
2012,02,24,3,4.86034
2012,02,24,4,4.83101
2012,02,24,5,4.603899999999999
2012,02,24,6,4.72646
2012,02,24,7,5.232270000000001
2012,02,25,0,5.814229999999999
2012,02,25,1,5.604010000000001
2012,02,25,2,5.72034
2012,02,25,3,5.75827
2012,02,25,4,3.8141700000000003
2012,02,25,5,0.752803
2012,02,25,6,1.3594300000000001
2012,02,25,7,2.11198
2012,02,26,0,3.02706
2012,02,26,1,3.28585
2012,02,26,2,2.59805
2012,02,26,3,2.0572399999999997
2012,02,26,4,1.2194200000000002
2012,02,26,5,0.8996660000000001
2012,02,26,6,0.879816
2012,02,26,7,1.9917799999999999
2012,02,27,0,3.33578
2012,02,27,1,3.6041399999999997
2012,02,27,2,4.17198
2012,02,27,3,5.99771
2012,02,27,4,7.2771099999999995
2012,02,27,5,7.26635
2012,02,27,6,7.6389499999999995
2012,02,27,7,7.34281
2012,02,28,0,7.3347299999999995
2012,02,28,1,7.82175
2012,02,28,2,7.96954
2012,02,28,3,6.11167
2012,02,28,4,4.70116
2012,02,28,5,4.12377
2012,02,28,6,3.9135500000000003
2012,02,28,7,4.58395
2012,02,29,0,5.4464
2012,02,29,1,5.45717
2012,02,29,2,5.8008999999999995
2012,02,29,3,6.5061599999999995
2012,02,29,4,7.2169300000000005
2012,02,29,5,7.46446
2012,02,29,6,6.48891
2012,02,29,7,6.79041
2012,02,1,0,6.7173
2012,02,1,1,5.64435
2012,02,1,2,5.26126
2012,02,1,3,5.60007
2012,02,1,4,5.86406
2012,02,1,5,4.792680000000001
2012,02,1,6,4.9757
2012,02,1,7,5.65353
2012,02,2,0,5.56381
2012,02,2,1,5.508310000000001
2012,02,2,2,6.10937
2012,02,2,3,4.56407
2012,02,2,4,2.62117
2012,02,2,5,2.01416
2012,02,2,6,2.46237
2012,02,2,7,2.92948
2012,02,3,0,2.86571
2012,02,3,1,2.87581
2012,02,3,2,3.3056
2012,02,3,3,3.69844
2012,02,3,4,3.74576
2012,02,3,5,4.33766
2012,02,3,6,5.5755799999999995
2012,02,3,7,6.66197
2012,02,4,0,6.908390000000001
2012,02,4,1,6.77855
2012,02,4,2,6.2937899999999996
2012,02,4,3,5.51241
2012,02,4,4,4.9000200000000005
2012,02,4,5,4.6138
2012,02,4,6,5.18517
2012,02,4,7,4.58549
2012,02,5,0,4.68457
2012,02,5,1,4.55208
2012,02,5,2,3.6574400000000002
2012,02,5,3,2.4668200000000002
2012,02,5,4,2.34672
2012,02,5,5,2.40767
2012,02,5,6,2.92192
2012,02,5,7,3.29841
2012,02,6,0,3.6509
2012,02,6,1,3.8285
2012,02,6,2,2.63943
2012,02,6,3,2.8436999999999997
2012,02,6,4,3.98187
2012,02,6,5,5.1765799999999995
2012,02,6,6,5.08066
2012,02,6,7,4.55504
2012,02,7,0,4.73217
2012,02,7,1,3.5847800000000003
2012,02,7,2,2.02917
2012,02,7,3,2.0893699999999997
2012,02,7,4,2.5958099999999997
2012,02,7,5,2.85045
2012,02,7,6,2.13943
2012,02,7,7,2.0645100000000003
2012,02,8,0,2.57733
2012,02,8,1,2.93721
2012,02,8,2,3.09196
2012,02,8,3,3.36671
2012,02,8,4,3.6018600000000003
2012,02,8,5,3.96991
2012,02,8,6,4.1761099999999995
2012,02,8,7,3.7878600000000002
2012,02,9,0,3.37169
2012,02,9,1,3.11355
2012,02,9,2,3.19814
2012,02,9,3,3.14067
2012,02,9,4,3.0175500000000004
2012,02,9,5,2.83981
2012,02,9,6,2.89984
2012,02,9,7,2.90927
2012,02,10,0,3.36462
2012,02,10,1,3.5768299999999997
2012,02,10,2,3.2897399999999997
2012,02,10,3,3.1026599999999998
2012,02,10,4,3.26496
2012,02,10,5,3.31576
2012,02,10,6,3.3222600000000004
2012,02,10,7,3.82908
2012,02,11,0,4.59584
2012,02,11,1,4.96666
2012,02,11,2,3.72363
2012,02,11,3,4.70138
2012,02,11,4,5.57466
2012,02,11,5,5.5821499999999995
2012,02,11,6,6.19425
2012,02,11,7,7.3556099999999995
2012,02,12,0,8.03435
2012,02,12,1,7.33895
2012,02,12,2,6.35473
2012,02,12,3,6.9525
2012,02,12,4,7.07805
2012,02,12,5,7.26016
2012,02,12,6,7.49486
2012,02,12,7,7.918
2012,02,13,0,8.06545
2012,02,13,1,6.59498
2012,02,13,2,6.98004
2012,02,13,3,8.10444
2012,02,13,4,7.698390000000001
2012,02,13,5,7.26156
2012,02,13,6,8.236049999999999
2012,02,13,7,10.703299999999999
2012,02,14,0,9.41884
2012,02,14,1,10.3816
2012,02,14,2,11.009799999999998
2012,02,14,3,10.788
2012,02,14,4,10.729299999999999
2012,02,14,5,10.9992
2012,02,14,6,11.766200000000001
2012,02,14,7,14.998700000000001
2012,02,15,0,13.5239
2012,02,15,1,13.7921
2012,02,15,2,14.1746
2012,02,15,3,14.6111
2012,02,15,4,14.4754
2012,02,15,5,12.8731
2012,02,15,6,12.4677
2012,02,15,7,12.6435
2012,02,16,0,13.1134
2012,02,16,1,12.1576
2012,02,16,2,12.4605
2012,02,16,3,13.9569
2012,02,16,4,14.457
2012,02,16,5,12.3735
2012,02,16,6,12.4523
2012,02,16,7,13.5586
2012,02,17,0,14.7426
2012,02,17,1,14.292
2012,02,17,2,12.332799999999999
2012,02,17,3,11.2514
2012,02,17,4,9.75446
2012,02,17,5,11.5092
2012,02,17,6,10.0183
2012,02,17,7,6.93037
2012,02,18,0,6.301069999999999
2012,02,18,1,6.9933000000000005
2012,02,18,2,5.0439300000000005
2012,02,18,3,4.95324
2012,02,18,4,4.5770100000000005
2012,02,18,5,4.62652
2012,02,18,6,4.3238
2012,02,18,7,4.44088
2012,02,19,0,4.206989999999999
2012,02,19,1,3.6786399999999997
2012,02,19,2,3.40612
2012,02,19,3,2.88246
2012,02,19,4,2.67857
2012,02,19,5,3.49356
2012,02,19,6,3.70571
2012,02,19,7,4.54352
2012,02,20,0,6.24256
2012,02,20,1,6.79353
2012,02,20,2,7.69296
2012,02,20,3,8.71616
2012,02,20,4,9.45804
2012,02,20,5,10.428
2012,02,20,6,10.072299999999998
2012,02,20,7,9.68293
2012,02,21,0,9.73362
2012,02,21,1,9.11684
2012,02,21,2,9.38331
2012,02,21,3,9.61518
2012,02,21,4,9.33389
2012,02,21,5,8.31081
2012,02,21,6,7.10528
2012,02,21,7,6.849060000000001
2012,02,22,0,6.85074
2012,02,22,1,8.445319999999999
2012,02,22,2,9.72159
2012,02,22,3,8.37744
2012,02,22,4,10.688799999999999
2012,02,22,5,9.731530000000001
2012,02,22,6,9.41556
2012,02,22,7,9.49621
2012,02,23,0,8.448459999999999
2012,02,23,1,8.4018
2012,02,23,2,8.46675
2012,02,23,3,9.1943
2012,02,23,4,7.6849300000000005
2012,02,23,5,3.9321599999999997
2012,02,23,6,2.49853
2012,02,23,7,2.63848
2012,02,24,0,3.2364499999999996
2012,02,24,1,3.53246
2012,02,24,2,2.74526
2012,02,24,3,2.52456
2012,02,24,4,2.55125
2012,02,24,5,3.68443
2012,02,24,6,4.89095
2012,02,24,7,5.89764
2012,02,25,0,7.02832
2012,02,25,1,6.92752
2012,02,25,2,6.04587
2012,02,25,3,4.9790600000000005
2012,02,25,4,5.263
2012,02,25,5,5.93001
2012,02,25,6,6.66439
2012,02,25,7,8.7951
2012,02,26,0,11.0953
2012,02,26,1,9.11157
2012,02,26,2,8.41263
2012,02,26,3,7.942159999999999
2012,02,26,4,6.30753
2012,02,26,5,5.4967299999999994
2012,02,26,6,7.62493
2012,02,26,7,8.45523
2012,02,27,0,7.39525
2012,02,27,1,6.378430000000001
2012,02,27,2,6.01229
2012,02,27,3,6.5813500000000005
2012,02,27,4,6.96047
2012,02,27,5,6.87695
2012,02,27,6,7.1575500000000005
2012,02,27,7,8.13697
2012,02,28,0,8.93036
2012,02,28,1,9.85268
2012,02,28,2,9.6055
2012,02,28,3,9.65341
2012,02,28,4,9.70441
2012,02,28,5,9.92253
2012,02,28,6,11.209700000000002
2012,02,28,7,12.305
2012,02,29,0,9.736790000000001
2012,02,29,1,8.62721
2012,02,29,2,9.179219999999999
2012,02,29,3,9.86122
2012,02,29,4,10.3963
2012,02,29,5,10.090399999999999
2012,02,29,6,11.3179
2012,02,29,7,13.1012
2012,02,30,0,13.812899999999999
2012,02,30,1,13.760200000000001
2012,02,30,2,13.5916
2012,02,30,3,15.116100000000001
2012,02,30,4,17.713
2012,02,30,5,15.5617
2012,02,30,6,15.785
2012,02,30,7,14.846
2012,02,31,0,20.5708
2012,02,31,1,13.1525
2012,02,31,2,11.5755
2012,02,31,3,8.585030000000001
2012,02,31,4,7.30187
2012,02,31,5,6.911020000000001
2012,02,31,6,5.99333
2012,02,31,7,4.77876
2012,02,1,0,7.80744
2012,02,1,1,8.59724
2012,02,1,2,4.80527
2012,02,1,3,3.4269600000000002
2012,02,1,4,4.61055
2012,02,1,5,4.4369
2012,02,1,6,4.31928
2012,02,1,7,4.50707
2012,02,2,0,4.07834
2012,02,2,1,4.34575
2012,02,2,2,4.46636
2012,02,2,3,5.02768
2012,02,2,4,6.64483
2012,02,2,5,6.80102
2012,02,2,6,7.51349
2012,02,2,7,8.33695
2012,02,3,0,8.33199
2012,02,3,1,7.793399999999999
2012,02,3,2,7.51237
2012,02,3,3,7.48319
2012,02,3,4,7.68534
2012,02,3,5,8.46278
2012,02,3,6,10.4925
2012,02,3,7,12.7936
2012,02,4,0,13.6985
2012,02,4,1,11.394
2012,02,4,2,10.31
2012,02,4,3,7.4358900000000006
2012,02,4,4,3.8068299999999997
2012,02,4,5,3.19794
2012,02,4,6,2.60175
2012,02,4,7,3.16984
2012,02,5,0,3.47128
2012,02,5,1,2.38408
2012,02,5,2,2.07577
2012,02,5,3,2.77298
2012,02,5,4,3.2829200000000003
2012,02,5,5,3.16371
2012,02,5,6,2.19833
2012,02,5,7,1.81795
2012,02,6,0,2.3769
2012,02,6,1,2.9509499999999997
2012,02,6,2,3.3328699999999998
2012,02,6,3,2.7913
2012,02,6,4,2.74254
2012,02,6,5,3.0778499999999998
2012,02,6,6,2.83608
2012,02,6,7,2.5196799999999997
2012,02,7,0,2.79455
2012,02,7,1,3.02707
2012,02,7,2,2.8534699999999997
2012,02,7,3,2.84914
2012,02,7,4,2.61937
2012,02,7,5,2.39406
2012,02,7,6,2.23651
2012,02,7,7,2.21463
2012,02,8,0,3.90279
2012,02,8,1,2.0843000000000003
2012,02,8,2,1.69764
2012,02,8,3,1.3891900000000001
2012,02,8,4,1.27502
2012,02,8,5,1.23473
2012,02,8,6,1.4961900000000001
2012,02,8,7,2.10269
2012,02,9,0,2.79955
2012,02,9,1,3.25813
2012,02,9,2,3.46472
2012,02,9,3,3.59087
2012,02,9,4,3.84081
2012,02,9,5,4.05332
2012,02,9,6,3.9686399999999997
2012,02,9,7,5.07704
2012,02,10,0,5.29216
2012,02,10,1,5.13653
2012,02,10,2,4.86128
2012,02,10,3,4.16926
2012,02,10,4,3.919
2012,02,10,5,3.7138400000000003
2012,02,10,6,3.92595
2012,02,10,7,5.25276
2012,02,11,0,5.659260000000001
2012,02,11,1,7.026470000000001
2012,02,11,2,7.24341
2012,02,11,3,6.945930000000001
2012,02,11,4,8.594209999999999
2012,02,11,5,10.4813
2012,02,11,6,9.990200000000002
2012,02,11,7,8.41995
2012,02,12,0,6.5471
2012,02,12,1,7.663609999999999
2012,02,12,2,6.80448
2012,02,12,3,4.784590000000001
2012,02,12,4,3.63596
2012,02,12,5,3.9901999999999997
2012,02,12,6,4.75092
2012,02,12,7,5.7091199999999995
2012,02,13,0,5.8938999999999995
2012,02,13,1,6.088430000000001
2012,02,13,2,6.4492899999999995
2012,02,13,3,6.9976
2012,02,13,4,6.35806
2012,02,13,5,7.35235
2012,02,13,6,9.10027
2012,02,13,7,10.4919
2012,02,14,0,9.887649999999999
2012,02,14,1,8.856219999999999
2012,02,14,2,7.11829
2012,02,14,3,6.32316
2012,02,14,4,7.0824
2012,02,14,5,7.80121
2012,02,14,6,8.728729999999999
2012,02,14,7,8.28579
2012,02,15,0,7.79359
2012,02,15,1,8.07314
2012,02,15,2,7.675800000000001
2012,02,15,3,7.47876
2012,02,15,4,7.66003
2012,02,15,5,7.53187
2012,02,15,6,6.9113999999999995
2012,02,15,7,7.27127
2012,02,16,0,7.25191
2012,02,16,1,7.38021
2012,02,16,2,7.34889
2012,02,16,3,7.177
2012,02,16,4,7.6415
2012,02,16,5,8.835790000000001
2012,02,16,6,10.8973
2012,02,16,7,13.449200000000001
2012,02,17,0,10.609
2012,02,17,1,10.837200000000001
2012,02,17,2,11.7309
2012,02,17,3,12.5775
2012,02,17,4,11.5804
2012,02,17,5,9.79923
2012,02,17,6,8.70025
2012,02,17,7,9.882459999999998
2012,02,18,0,11.408100000000001
2012,02,18,1,12.1432
2012,02,18,2,11.2753
2012,02,18,3,11.3058
2012,02,18,4,12.1623
2012,02,18,5,12.958200000000001
2012,02,18,6,15.1651
2012,02,18,7,16.3579
2012,02,19,0,15.8135
2012,02,19,1,15.9985
2012,02,19,2,16.5454
2012,02,19,3,15.090399999999999
2012,02,19,4,13.6839
2012,02,19,5,13.3649
2012,02,19,6,14.8583
2012,02,19,7,15.8044
2012,02,20,0,16.2149
2012,02,20,1,15.718399999999999
2012,02,20,2,15.2424
2012,02,20,3,15.0845
2012,02,20,4,14.9206
2012,02,20,5,14.515799999999999
2012,02,20,6,14.0878
2012,02,20,7,14.5472
2012,02,21,0,15.610299999999999
2012,02,21,1,15.733
2012,02,21,2,15.8712
2012,02,21,3,15.2986
2012,02,21,4,13.655299999999999
2012,02,21,5,12.5861
2012,02,21,6,11.7542
2012,02,21,7,11.9564
2012,02,22,0,12.4019
2012,02,22,1,12.4336
2012,02,22,2,11.8992
2012,02,22,3,10.833200000000001
2012,02,22,4,10.4261
2012,02,22,5,10.2661
2012,02,22,6,10.149700000000001
2012,02,22,7,10.7495
2012,02,23,0,13.3433
2012,02,23,1,11.7185
2012,02,23,2,10.3279
2012,02,23,3,10.4385
2012,02,23,4,9.75445
2012,02,23,5,8.877379999999999
2012,02,23,6,10.551
2012,02,23,7,12.404399999999999
2012,02,24,0,13.23
2012,02,24,1,13.408100000000001
2012,02,24,2,13.6201
2012,02,24,3,12.3201
2012,02,24,4,11.1091
2012,02,24,5,12.1615
2012,02,24,6,15.1052
2012,02,24,7,17.7018
2012,02,25,0,18.0656
2012,02,25,1,17.056099999999997
2012,02,25,2,15.8773
2012,02,25,3,15.6301
2012,02,25,4,15.063799999999999
2012,02,25,5,15.405
2012,02,25,6,16.440099999999997
2012,02,25,7,18.404700000000002
2012,02,26,0,18.7012
2012,02,26,1,17.691599999999998
2012,02,26,2,16.700599999999998
2012,02,26,3,14.636899999999999
2012,02,26,4,15.2805
2012,02,26,5,16.6278
2012,02,26,6,13.5635
2012,02,26,7,9.718
2012,02,27,0,7.48323
2012,02,27,1,5.68032
2012,02,27,2,5.02777
2012,02,27,3,5.96088
2012,02,27,4,6.384729999999999
2012,02,27,5,6.7154799999999994
2012,02,27,6,7.10895
2012,02,27,7,6.46571
2012,02,28,0,7.64398
2012,02,28,1,8.47925
2012,02,28,2,9.339319999999999
2012,02,28,3,8.83891
2012,02,28,4,7.43054
2012,02,28,5,6.282229999999999
2012,02,28,6,6.20984
2012,02,28,7,6.24301
2012,02,29,0,9.26066
2012,02,29,1,5.9811000000000005
2012,02,29,2,5.422350000000001
2012,02,29,3,5.19487
2012,02,29,4,5.51433
2012,02,29,5,5.757680000000001
2012,02,29,6,5.51786
2012,02,29,7,5.8036
2012,02,30,0,7.70932
2012,02,30,1,9.838709999999999
2012,02,30,2,10.731
2012,02,30,3,10.6495
2012,02,30,4,9.9871
2012,02,30,5,9.26738
2012,02,30,6,9.50133
2012,02,30,7,11.327200000000001
2012,02,1,0,14.1095
2012,02,1,1,17.290200000000002
2012,02,1,2,16.630599999999998
2012,02,1,3,15.7424
2012,02,1,4,14.485
2012,02,1,5,10.706
2012,02,1,6,8.55493
2012,02,1,7,9.38871
2012,02,2,0,9.83158
2012,02,2,1,9.73683
2012,02,2,2,8.65125
2012,02,2,3,10.229
2012,02,2,4,9.88947
2012,02,2,5,9.242280000000001
2012,02,2,6,8.943010000000001
2012,02,2,7,10.1365
2012,02,3,0,11.078100000000001
2012,02,3,1,11.2388
2012,02,3,2,11.5674
2012,02,3,3,11.4497
2012,02,3,4,12.505600000000001
2012,02,3,5,13.9532
2012,02,3,6,9.518979999999999
2012,02,3,7,8.16047
2012,02,4,0,7.367970000000001
2012,02,4,1,6.19419
2012,02,4,2,5.58484
2012,02,4,3,5.581899999999999
2012,02,4,4,5.56984
2012,02,4,5,5.15059
2012,02,4,6,3.98559
2012,02,4,7,5.84533
2012,02,5,0,4.1084499999999995
2012,02,5,1,3.75483
2012,02,5,2,3.1893200000000004
2012,02,5,3,5.110390000000001
2012,02,5,4,5.2123
2012,02,5,5,4.4447399999999995
2012,02,5,6,3.0702800000000003
2012,02,5,7,2.9237399999999996
2012,02,6,0,3.3665599999999998
2012,02,6,1,3.7103200000000003
2012,02,6,2,4.07012
2012,02,6,3,4.44715
2012,02,6,4,4.60768
2012,02,6,5,4.672890000000001
2012,02,6,6,4.58721
2012,02,6,7,4.02644
2012,02,7,0,3.45446
2012,02,7,1,3.1026100000000003
2012,02,7,2,3.56536
2012,02,7,3,3.64791
2012,02,7,4,3.2595
2012,02,7,5,3.41914
2012,02,7,6,3.36645
2012,02,7,7,3.1374
2012,02,8,0,2.6478800000000002
2012,02,8,1,2.87377
2012,02,8,2,3.64556
2012,02,8,3,3.67694
2012,02,8,4,3.78523
2012,02,8,5,3.85723
2012,02,8,6,4.20583
2012,02,8,7,4.77575
2012,02,9,0,5.10041
2012,02,9,1,5.100350000000001
2012,02,9,2,5.261609999999999
2012,02,9,3,5.71752
2012,02,9,4,5.87409
2012,02,9,5,5.706989999999999
2012,02,9,6,5.735060000000001
2012,02,9,7,6.63126
2012,02,10,0,8.857629999999999
2012,02,10,1,10.4069
2012,02,10,2,10.0381
2012,02,10,3,9.179200000000002
2012,02,10,4,8.30949
2012,02,10,5,8.1186
2012,02,10,6,7.56083
2012,02,10,7,8.10418
2012,02,11,0,8.30602
2012,02,11,1,8.002
2012,02,11,2,8.27802
2012,02,11,3,8.46245
2012,02,11,4,7.68448
2012,02,11,5,6.383430000000001
2012,02,11,6,5.717020000000001
2012,02,11,7,6.24763
2012,02,12,0,6.90254
2012,02,12,1,7.570720000000001
2012,02,12,2,6.1426300000000005
2012,02,12,3,4.4983
2012,02,12,4,4.441260000000001
2012,02,12,5,4.81682
2012,02,12,6,7.17264
2012,02,12,7,5.07694
2012,02,13,0,6.1467
2012,02,13,1,7.32109
2012,02,13,2,6.85606
2012,02,13,3,6.23898
2012,02,13,4,5.65246
2012,02,13,5,4.70634
2012,02,13,6,4.830100000000001
2012,02,13,7,5.70664
2012,02,14,0,6.56241
2012,02,14,1,6.64489
2012,02,14,2,7.2764
2012,02,14,3,7.6544300000000005
2012,02,14,4,7.482060000000001
2012,02,14,5,6.527310000000001
2012,02,14,6,6.26301
2012,02,14,7,6.5857399999999995
2012,02,15,0,6.0801099999999995
2012,02,15,1,6.04529
2012,02,15,2,4.179399999999999
2012,02,15,3,3.4586
2012,02,15,4,2.30532
2012,02,15,5,2.50695
2012,02,15,6,4.44833
2012,02,15,7,8.92328
2012,02,16,0,9.18617
2012,02,16,1,8.18758
2012,02,16,2,7.64382
2012,02,16,3,8.337879999999998
2012,02,16,4,10.4356
2012,02,16,5,11.139100000000001
2012,02,16,6,10.6377
2012,02,16,7,11.3392
2012,02,17,0,12.350200000000001
2012,02,17,1,12.3559
2012,02,17,2,10.9239
2012,02,17,3,9.81414
2012,02,17,4,8.94201
2012,02,17,5,8.20918
2012,02,17,6,7.60394
2012,02,17,7,7.20291
2012,02,18,0,7.2763800000000005
2012,02,18,1,6.21941
2012,02,18,2,5.64171
2012,02,18,3,6.2011400000000005
2012,02,18,4,9.04809
2012,02,18,5,9.99085
2012,02,18,6,5.94791
2012,02,18,7,5.1968000000000005
2012,02,19,0,5.84093
2012,02,19,1,6.2136700000000005
2012,02,19,2,5.9232
2012,02,19,3,5.60937
2012,02,19,4,5.21109
2012,02,19,5,5.60734
2012,02,19,6,6.54438
2012,02,19,7,7.33245
2012,02,20,0,8.7328
2012,02,20,1,10.3184
2012,02,20,2,11.1534
2012,02,20,3,10.6984
2012,02,20,4,9.81416
2012,02,20,5,9.09389
2012,02,20,6,8.58876
2012,02,20,7,9.043190000000001
2012,02,21,0,9.64799
2012,02,21,1,10.1929
2012,02,21,2,10.584100000000001
2012,02,21,3,10.1196
2012,02,21,4,8.92648
2012,02,21,5,7.91266
2012,02,21,6,8.44809
2012,02,21,7,12.013
2012,02,22,0,10.206299999999999
2012,02,22,1,9.87845
2012,02,22,2,8.65846
2012,02,22,3,8.90857
2012,02,22,4,10.520299999999999
2012,02,22,5,9.26456
2012,02,22,6,8.89407
2012,02,22,7,9.91357
2012,02,23,0,11.6115
2012,02,23,1,12.172600000000001
2012,02,23,2,9.5311
2012,02,23,3,8.656889999999999
2012,02,23,4,8.68443
2012,02,23,5,8.40781
2012,02,23,6,7.870640000000001
2012,02,23,7,7.9135100000000005
2012,02,24,0,8.98851
2012,02,24,1,8.77475
2012,02,24,2,7.88275
2012,02,24,3,7.1115900000000005
2012,02,24,4,6.9172
2012,02,24,5,6.70637
2012,02,24,6,6.62708
2012,02,24,7,7.851319999999999
2012,02,25,0,6.65146
2012,02,25,1,5.04019
2012,02,25,2,2.39523
2012,02,25,3,2.17836
2012,02,25,4,2.40613
2012,02,25,5,3.0431999999999997
2012,02,25,6,3.62659
2012,02,25,7,4.97147
2012,02,26,0,5.17934
2012,02,26,1,6.98135
2012,02,26,2,9.53987
2012,02,26,3,9.03425
2012,02,26,4,7.63737
2012,02,26,5,8.28948
2012,02,26,6,7.21
2012,02,26,7,8.4686
2012,02,27,0,10.1724
2012,02,27,1,10.3871
2012,02,27,2,9.6272
2012,02,27,3,8.706209999999999
2012,02,27,4,8.1547
2012,02,27,5,7.887239999999999
2012,02,27,6,8.06743
2012,02,27,7,8.36336
2012,02,28,0,8.635620000000001
2012,02,28,1,8.799209999999999
2012,02,28,2,7.93636
2012,02,28,3,6.752800000000001
2012,02,28,4,6.2853699999999995
2012,02,28,5,5.98859
2012,02,28,6,5.483689999999999
2012,02,28,7,5.42009
2012,02,29,0,5.95408
2012,02,29,1,5.925680000000001
2012,02,29,2,5.4989300000000005
2012,02,29,3,4.39564
2012,02,29,4,4.58983
2012,02,29,5,6.10853
2012,02,29,6,6.87481
2012,02,29,7,7.34103
2012,02,30,0,8.08129
2012,02,30,1,8.54245
2012,02,30,2,9.50358
2012,02,30,3,8.26657
2012,02,30,4,8.231819999999999
2012,02,30,5,8.24277
2012,02,30,6,7.695930000000001
2012,02,30,7,8.25446
2012,02,31,0,8.42928
2012,02,31,1,8.67218
2012,02,31,2,7.97884
2012,02,31,3,7.98649
2012,02,31,4,8.956719999999999
2012,02,31,5,9.115129999999999
2012,02,31,6,9.350790000000002
2012,02,31,7,9.714469999999999
2012,02,1,0,10.6185
2012,02,1,1,11.5894
2012,02,1,2,11.6961
2012,02,1,3,11.462200000000001
2012,02,1,4,11.0816
2012,02,1,5,10.885200000000001
2012,02,1,6,10.8222
2012,02,1,7,10.6404
2012,02,2,0,11.5511
2012,02,2,1,13.661100000000001
2012,02,2,2,12.0773
2012,02,2,3,11.383700000000001
2012,02,2,4,10.006200000000002
2012,02,2,5,8.49235
2012,02,2,6,8.27734
2012,02,2,7,8.04415
2012,02,3,0,8.680040000000002
2012,02,3,1,10.9484
2012,02,3,2,12.163
2012,02,3,3,11.985700000000001
2012,02,3,4,12.0892
2012,02,3,5,11.886899999999999
2012,02,3,6,12.327399999999999
2012,02,3,7,14.9084
2012,02,4,0,13.4729
2012,02,4,1,12.2955
2012,02,4,2,12.4118
2012,02,4,3,11.9022
2012,02,4,4,11.6833
2012,02,4,5,12.0339
2012,02,4,6,11.913200000000002
2012,02,4,7,12.113100000000001
2012,02,5,0,11.1859
2012,02,5,1,11.2215
2012,02,5,2,9.019219999999999
2012,02,5,3,4.82471
2012,02,5,4,3.58603
2012,02,5,5,2.9846399999999997
2012,02,5,6,2.83222
2012,02,5,7,3.8867800000000003
2012,02,6,0,4.82184
2012,02,6,1,5.6175500000000005
2012,02,6,2,6.66664
2012,02,6,3,6.48383
2012,02,6,4,7.4125
2012,02,6,5,7.760680000000001
2012,02,6,6,7.34591
2012,02,6,7,7.738390000000001
2012,02,7,0,8.36333
2012,02,7,1,8.07189
2012,02,7,2,7.33147
2012,02,7,3,7.3288
2012,02,7,4,7.85892
2012,02,7,5,8.63311
2012,02,7,6,9.26618
2012,02,7,7,9.7685
2012,02,8,0,10.809700000000001
2012,02,8,1,10.8495
2012,02,8,2,10.632
2012,02,8,3,12.0561
2012,02,8,4,11.8856
2012,02,8,5,13.3226
2012,02,8,6,13.129
2012,02,8,7,12.173200000000001
2012,02,9,0,9.08244
2012,02,9,1,7.20685
2012,02,9,2,5.0614300000000005
2012,02,9,3,4.79262
2012,02,9,4,3.7179699999999998
2012,02,9,5,3.24655
2012,02,9,6,3.61048
2012,02,9,7,4.81904
2012,02,10,0,7.187609999999999
2012,02,10,1,6.01117
2012,02,10,2,3.7155500000000004
2012,02,10,3,3.62527
2012,02,10,4,3.31987
2012,02,10,5,3.5362
2012,02,10,6,3.92067
2012,02,10,7,4.35584
2012,02,11,0,4.965529999999999
2012,02,11,1,5.1453
2012,02,11,2,4.69715
2012,02,11,3,4.67079
2012,02,11,4,4.52651
2012,02,11,5,4.5456199999999995
2012,02,11,6,5.43692
2012,02,11,7,5.24897
2012,02,12,0,6.13021
2012,02,12,1,6.662739999999999
2012,02,12,2,6.51624
2012,02,12,3,5.89708
2012,02,12,4,5.32833
2012,02,12,5,4.9273299999999995
2012,02,12,6,4.8432200000000005
2012,02,12,7,5.12742
2012,02,13,0,6.44171
2012,02,13,1,7.27541
2012,02,13,2,7.54054
2012,02,13,3,7.516859999999999
2012,02,13,4,7.68807
2012,02,13,5,7.98739
2012,02,13,6,8.023489999999999
2012,02,13,7,8.02148
2012,02,14,0,8.15957
2012,02,14,1,7.878550000000001
2012,02,14,2,7.943770000000001
2012,02,14,3,8.53007
2012,02,14,4,9.12124
2012,02,14,5,9.05391
2012,02,14,6,8.1935
2012,02,14,7,8.29561
2012,02,15,0,9.81183
2012,02,15,1,12.4326
2012,02,15,2,15.5206
2012,02,15,3,14.8798
2012,02,15,4,13.1485
2012,02,15,5,12.371799999999999
2012,02,15,6,11.344299999999999
2012,02,15,7,11.027
2012,02,16,0,10.6475
2012,02,16,1,10.3995
2012,02,16,2,11.636899999999999
2012,02,16,3,12.7771
2012,02,16,4,12.5142
2012,02,16,5,12.0829
2012,02,16,6,11.273299999999999
2012,02,16,7,11.0308
2012,02,17,0,11.5384
2012,02,17,1,11.984
2012,02,17,2,11.7276
2012,02,17,3,11.978299999999999
2012,02,17,4,10.8437
2012,02,17,5,7.19257
2012,02,17,6,4.668159999999999
2012,02,17,7,4.22764
2012,02,18,0,5.97701
2012,02,18,1,8.24056
2012,02,18,2,8.192120000000001
2012,02,18,3,6.55446
2012,02,18,4,6.53021
2012,02,18,5,6.6257
2012,02,18,6,7.2312899999999996
2012,02,18,7,8.540659999999999
2012,02,19,0,8.8522
2012,02,19,1,9.28905
2012,02,19,2,8.16705
2012,02,19,3,6.6490100000000005
2012,02,19,4,6.71526
2012,02,19,5,6.254239999999999
2012,02,19,6,5.76064
2012,02,19,7,5.91831
2012,02,20,0,6.13516
2012,02,20,1,6.446020000000001
2012,02,20,2,7.23538
2012,02,20,3,5.95521
2012,02,20,4,6.53366
2012,02,20,5,6.60263
2012,02,20,6,6.65162
2012,02,20,7,7.3787
2012,02,21,0,8.105640000000001
2012,02,21,1,8.429739999999999
2012,02,21,2,8.18698
2012,02,21,3,7.33931
2012,02,21,4,6.90397
2012,02,21,5,6.9509799999999995
2012,02,21,6,9.50738
2012,02,21,7,8.22335
2012,02,22,0,12.2102
2012,02,22,1,7.4127
2012,02,22,2,5.3735
2012,02,22,3,5.39827
2012,02,22,4,4.63498
2012,02,22,5,5.09416
2012,02,22,6,5.9017
2012,02,22,7,7.814310000000001
2012,02,23,0,10.5601
2012,02,23,1,9.833200000000001
2012,02,23,2,10.3288
2012,02,23,3,11.1249
2012,02,23,4,10.5528
2012,02,23,5,9.26008
2012,02,23,6,8.000029999999999
2012,02,23,7,7.8195500000000004
2012,02,24,0,7.09824
2012,02,24,1,7.6784
2012,02,24,2,7.38642
2012,02,24,3,8.20344
2012,02,24,4,8.673110000000001
2012,02,24,5,8.2096
2012,02,24,6,6.55308
2012,02,24,7,6.063770000000001
2012,02,25,0,6.19653
2012,02,25,1,5.86455
2012,02,25,2,5.55511
2012,02,25,3,5.33986
2012,02,25,4,5.50389
2012,02,25,5,6.0642700000000005
2012,02,25,6,9.66159
2012,02,25,7,6.87975
2012,02,26,0,7.8811800000000005
2012,02,26,1,8.26967
2012,02,26,2,7.476640000000001
2012,02,26,3,5.32233
2012,02,26,4,4.05209
2012,02,26,5,4.61553
2012,02,26,6,4.71611
2012,02,26,7,4.69318
2012,02,27,0,5.256729999999999
2012,02,27,1,6.1055600000000005
2012,02,27,2,6.32696
2012,02,27,3,5.7005799999999995
2012,02,27,4,5.42096
2012,02,27,5,5.577319999999999
2012,02,27,6,5.36253
2012,02,27,7,5.50374
2012,02,28,0,4.8295
2012,02,28,1,5.04842
2012,02,28,2,4.72844
2012,02,28,3,4.03601
2012,02,28,4,3.9016100000000002
2012,02,28,5,3.97603
2012,02,28,6,3.56407
2012,02,28,7,3.25096
2012,02,29,0,3.74012
2012,02,29,1,4.63518
2012,02,29,2,4.5206
2012,02,29,3,4.02798
2012,02,29,4,4.45865
2012,02,29,5,5.5975600000000005
2012,02,29,6,5.390149999999999
2012,02,29,7,5.15925
2012,02,30,0,5.68614
2012,02,30,1,6.39798
2012,02,30,2,7.22633
2012,02,30,3,6.98789
2012,02,30,4,7.38522
2012,02,30,5,7.1821
2012,02,30,6,6.77825
2012,02,30,7,6.39291
2012,02,1,0,6.50348
2012,02,1,1,7.085109999999999
2012,02,1,2,8.783299999999999
2012,02,1,3,9.094940000000001
2012,02,1,4,12.9004
2012,02,1,5,14.9635
2012,02,1,6,13.7916
2012,02,1,7,13.014700000000001
2012,02,2,0,14.007200000000001
2012,02,2,1,13.718399999999999
2012,02,2,2,14.085899999999999
2012,02,2,3,13.442200000000001
2012,02,2,4,13.210700000000001
2012,02,2,5,13.2527
2012,02,2,6,11.6217
2012,02,2,7,11.152299999999999
2012,02,3,0,11.3251
2012,02,3,1,11.3654
2012,02,3,2,11.3247
2012,02,3,3,10.1735
2012,02,3,4,9.77877
2012,02,3,5,9.23758
2012,02,3,6,8.52413
2012,02,3,7,9.06222
2012,02,4,0,9.62092
2012,02,4,1,13.9963
2012,02,4,2,9.35908
2012,02,4,3,7.94349
2012,02,4,4,7.48554
2012,02,4,5,7.998
2012,02,4,6,7.94562
2012,02,4,7,9.94755
2012,02,5,0,14.193700000000002
2012,02,5,1,18.2164
2012,02,5,2,20.8193
2012,02,5,3,21.894
2012,02,5,4,19.8164
2012,02,5,5,17.3305
2012,02,5,6,15.0059
2012,02,5,7,14.712299999999999
2012,02,6,0,14.0336
2012,02,6,1,12.9207
2012,02,6,2,11.6654
2012,02,6,3,9.42873
2012,02,6,4,8.17906
2012,02,6,5,9.90142
2012,02,6,6,11.9337
2012,02,6,7,13.049700000000001
2012,02,7,0,12.908100000000001
2012,02,7,1,12.312299999999999
2012,02,7,2,10.9934
2012,02,7,3,9.93054
2012,02,7,4,10.0464
2012,02,7,5,10.3306
2012,02,7,6,11.2102
2012,02,7,7,11.3743
2012,02,8,0,10.756200000000002
2012,02,8,1,9.79011
2012,02,8,2,8.83853
2012,02,8,3,10.0275
2012,02,8,4,9.44041
2012,02,8,5,9.36547
2012,02,8,6,10.1675
2012,02,8,7,9.06803
2012,02,9,0,7.00309
2012,02,9,1,6.5806499999999994
2012,02,9,2,6.63058
2012,02,9,3,10.2073
2012,02,9,4,12.557
2012,02,9,5,14.6501
2012,02,9,6,13.9341
2012,02,9,7,14.5215
2012,02,10,0,15.8203
2012,02,10,1,15.3291
2012,02,10,2,13.578100000000001
2012,02,10,3,13.5895
2012,02,10,4,13.6387
2012,02,10,5,14.1564
2012,02,10,6,14.7825
2012,02,10,7,16.5
2012,02,11,0,18.349700000000002
2012,02,11,1,18.388900000000003
2012,02,11,2,15.3007
2012,02,11,3,14.4056
2012,02,11,4,15.3829
2012,02,11,5,16.652
2012,02,11,6,20.1913
2012,02,11,7,22.7746
2012,02,12,0,23.046599999999998
2012,02,12,1,22.545
2012,02,12,2,22.3044
2012,02,12,3,21.5403
2012,02,12,4,21.0535
2012,02,12,5,19.7011
2012,02,12,6,22.1202
2012,02,12,7,25.608400000000003
2012,02,13,0,26.969099999999997
2012,02,13,1,26.092299999999998
2012,02,13,2,25.7995
2012,02,13,3,27.888900000000003
2012,02,13,4,28.6632
2012,02,13,5,30.241799999999998
2012,02,13,6,28.911900000000003
2012,02,13,7,26.501099999999997
2012,02,14,0,26.2796
2012,02,14,1,24.7446
2012,02,14,2,21.945400000000003
2012,02,14,3,18.4061
2012,02,14,4,16.9964
2012,02,14,5,16.8995
2012,02,14,6,15.9964
2012,02,14,7,19.3917
2012,02,15,0,19.332099999999997
2012,02,15,1,14.7419
2012,02,15,2,15.4906
2012,02,15,3,10.962399999999999
2012,02,15,4,9.66364
2012,02,15,5,11.6766
2012,02,15,6,12.5462
2012,02,15,7,11.8371
2012,02,16,0,10.0635
2012,02,16,1,9.54117
2012,02,16,2,9.83652
2012,02,16,3,8.13775
2012,02,16,4,8.50047
2012,02,16,5,8.55139
2012,02,16,6,7.31762
2012,02,16,7,7.89104
2012,02,17,0,8.66498
2012,02,17,1,8.04469
2012,02,17,2,7.69988
2012,02,17,3,7.93753
2012,02,17,4,8.16343
2012,02,17,5,7.85151
2012,02,17,6,6.8993
2012,02,17,7,7.38628
2012,02,18,0,9.369209999999999
2012,02,18,1,9.32908
2012,02,18,2,8.340969999999999
2012,02,18,3,8.532110000000001
2012,02,18,4,9.0709
2012,02,18,5,8.867090000000001
2012,02,18,6,8.57759
2012,02,18,7,8.98615
2012,02,19,0,13.672600000000001
2012,02,19,1,19.3087
2012,02,19,2,21.3216
2012,02,19,3,20.1809
2012,02,19,4,19.642400000000002
2012,02,19,5,17.9711
2012,02,19,6,17.699900000000003
2012,02,19,7,18.358700000000002
2012,02,20,0,16.8873
2012,02,20,1,15.696299999999999
2012,02,20,2,14.0146
2012,02,20,3,13.016399999999999
2012,02,20,4,13.2244
2012,02,20,5,15.5397
2012,02,20,6,18.9913
2012,02,20,7,20.5105
2012,02,21,0,18.687
2012,02,21,1,14.9323
2012,02,21,2,12.0153
2012,02,21,3,13.224200000000002
2012,02,21,4,16.4612
2012,02,21,5,17.0378
2012,02,21,6,19.0066
2012,02,21,7,21.0809
2012,02,22,0,21.6752
2012,02,22,1,21.0245
2012,02,22,2,23.321099999999998
2012,02,22,3,18.4192
2012,02,22,4,26.5727
2012,02,22,5,19.146
2012,02,22,6,22.116
2012,02,22,7,29.7001
2012,02,23,0,28.5025
2012,02,23,1,27.4055
2012,02,23,2,26.2608
2012,02,23,3,26.6698
2012,02,23,4,27.2573
2012,02,23,5,26.6653
2012,02,23,6,27.1857
2012,02,23,7,28.304299999999998
2012,02,24,0,24.974700000000002
2012,02,24,1,21.7976
2012,02,24,2,18.3642
2012,02,24,3,15.1835
2012,02,24,4,13.039399999999999
2012,02,24,5,11.745
2012,02,24,6,7.69865
2012,02,24,7,6.3766099999999994
2012,02,25,0,6.4597299999999995
2012,02,25,1,6.511220000000001
2012,02,25,2,6.14737
2012,02,25,3,5.71535
2012,02,25,4,5.12571
2012,02,25,5,4.85436
2012,02,25,6,4.91251
2012,02,25,7,5.23958
2012,02,26,0,5.54195
2012,02,26,1,5.78529
2012,02,26,2,5.990600000000001
2012,02,26,3,5.76076
2012,02,26,4,5.9204799999999995
2012,02,26,5,6.95763
2012,02,26,6,8.50846
2012,02,26,7,9.29362
2012,02,27,0,11.8175
2012,02,27,1,13.6424
2012,02,27,2,10.3732
2012,02,27,3,9.50608
2012,02,27,4,9.70265
2012,02,27,5,9.194540000000002
2012,02,27,6,8.248629999999999
2012,02,27,7,7.33455
2012,02,28,0,6.39264
2012,02,28,1,5.44417
2012,02,28,2,5.30367
2012,02,28,3,4.376510000000001
2012,02,28,4,4.27029
2012,02,28,5,4.25498
2012,02,28,6,3.7956399999999997
2012,02,28,7,3.23503
2012,02,29,0,3.8930700000000003
2012,02,29,1,6.10477
2012,02,29,2,6.08233
2012,02,29,3,5.29387
2012,02,29,4,4.7943
2012,02,29,5,4.21889
2012,02,29,6,4.09668
2012,02,29,7,4.05506
2012,02,30,0,4.20151
2012,02,30,1,4.70781
2012,02,30,2,6.62729
2012,02,30,3,5.14591
2012,02,30,4,5.63551
2012,02,30,5,6.24333
2012,02,30,6,7.41817
2012,02,30,7,8.352409999999999
2012,02,31,0,10.2174
2012,02,31,1,12.7224
2012,02,31,2,17.8583
2012,02,31,3,20.577
2012,02,31,4,19.1277
2012,02,31,5,20.5332
2012,02,31,6,20.851200000000002
2012,02,31,7,22.6475
2012,02,1,0,26.8021
2012,02,1,1,26.0646
2012,02,1,2,26.3077
2012,02,1,3,25.474400000000003
2012,02,1,4,26.2513
2012,02,1,5,27.2179
2012,02,1,6,25.0492
2012,02,1,7,22.857599999999998
2012,02,2,0,25.7924
2012,02,2,1,26.8551
2012,02,2,2,25.611900000000002
2012,02,2,3,20.262700000000002
2012,02,2,4,16.919700000000002
2012,02,2,5,16.1698
2012,02,2,6,14.113299999999999
2012,02,2,7,16.708099999999998
2012,02,3,0,21.031
2012,02,3,1,22.8947
2012,02,3,2,20.8586
2012,02,3,3,19.840700000000002
2012,02,3,4,18.6393
2012,02,3,5,16.7261
2012,02,3,6,17.027099999999997
2012,02,3,7,17.127
2012,02,4,0,16.707099999999997
2012,02,4,1,17.1122
2012,02,4,2,18.6594
2012,02,4,3,20.5961
2012,02,4,4,21.1103
2012,02,4,5,22.2077
2012,02,4,6,23.5278
2012,02,4,7,22.9573
2012,02,5,0,21.8598
2012,02,5,1,22.2476
2012,02,5,2,22.011
2012,02,5,3,19.8822
2012,02,5,4,19.2123
2012,02,5,5,18.373
2012,02,5,6,18.363
2012,02,5,7,19.5822
2012,02,6,0,21.1278
2012,02,6,1,19.2219
2012,02,6,2,17.917099999999998
2012,02,6,3,16.55
2012,02,6,4,16.2836
2012,02,6,5,17.233700000000002
2012,02,6,6,17.5042
2012,02,6,7,17.9366
2012,02,7,0,17.713
2012,02,7,1,17.681099999999997
2012,02,7,2,14.695
2012,02,7,3,12.8689
2012,02,7,4,12.6737
2012,02,7,5,12.9816
2012,02,7,6,16.111
2012,02,7,7,19.6088
2012,02,8,0,22.547400000000003
2012,02,8,1,21.5134
2012,02,8,2,18.8309
2012,02,8,3,19.4952
2012,02,8,4,20.9574
2012,02,8,5,21.5134
2012,02,8,6,22.8855
2012,02,8,7,24.2076
2012,02,9,0,26.8893
2012,02,9,1,26.4249
2012,02,9,2,23.2697
2012,02,9,3,22.6587
2012,02,9,4,22.8706
2012,02,9,5,21.4685
2012,02,9,6,21.177799999999998
2012,02,9,7,22.296
2012,02,10,0,23.929299999999998
2012,02,10,1,23.794400000000003
2012,02,10,2,21.740599999999997
2012,02,10,3,23.5731
2012,02,10,4,23.030900000000003
2012,02,10,5,23.3262
2012,02,10,6,23.8283
2012,02,10,7,26.1297
2012,02,11,0,27.7978
2012,02,11,1,25.2126
2012,02,11,2,26.611099999999997
2012,02,11,3,26.0655
2012,02,11,4,25.9633
2012,02,11,5,24.640099999999997
2012,02,11,6,23.7896
2012,02,11,7,23.0373
2012,02,12,0,22.9626
2012,02,12,1,22.453
2012,02,12,2,23.0289
2012,02,12,3,24.3763
2012,02,12,4,25.456799999999998
2012,02,12,5,27.0393
2012,02,12,6,28.966
2012,02,12,7,30.3154
2012,02,13,0,30.5735
2012,02,13,1,30.8134
2012,02,13,2,30.7443
2012,02,13,3,28.982
2012,02,13,4,26.916900000000002
2012,02,13,5,27.241400000000002
2012,02,13,6,27.436700000000002
2012,02,13,7,29.5798
2012,02,14,0,32.581900000000005
2012,02,14,1,33.4781
2012,02,14,2,27.3797
2012,02,14,3,24.822400000000002
2012,02,14,4,24.846400000000003
2012,02,14,5,25.6692
2012,02,14,6,25.762900000000002
2012,02,14,7,28.832099999999997
2012,02,15,0,29.5243
2012,02,15,1,26.5746
2012,02,15,2,25.3245
2012,02,15,3,23.221700000000002
2012,02,15,4,20.9192
2012,02,15,5,18.3143
2012,02,15,6,17.726
2012,02,15,7,18.3503
2012,02,16,0,19.772299999999998
2012,02,16,1,19.8242
2012,02,16,2,17.4298
2012,02,16,3,16.2951
2012,02,16,4,17.6996
2012,02,16,5,18.0664
2012,02,16,6,18.708299999999998
2012,02,16,7,19.5928
2012,02,17,0,19.475900000000003
2012,02,17,1,18.301099999999998
2012,02,17,2,19.304299999999998
2012,02,17,3,19.350900000000003
2012,02,17,4,20.7379
2012,02,17,5,23.4798
2012,02,17,6,25.1937
2012,02,17,7,25.595599999999997
2012,02,18,0,26.101200000000002
2012,02,18,1,26.212
2012,02,18,2,25.066599999999998
2012,02,18,3,25.2127
2012,02,18,4,27.1914
2012,02,18,5,28.9765
2012,02,18,6,30.3409
2012,02,18,7,32.6257
2012,02,19,0,34.9249
2012,02,19,1,34.9116
2012,02,19,2,33.356199999999994
2012,02,19,3,32.5452
2012,02,19,4,30.7815
2012,02,19,5,30.374299999999998
2012,02,19,6,29.2834
2012,02,19,7,29.9945
2012,02,20,0,28.8217
2012,02,20,1,26.732200000000002
2012,02,20,2,25.534
2012,02,20,3,24.218700000000002
2012,02,20,4,23.2625
2012,02,20,5,22.067700000000002
2012,02,20,6,22.9501
2012,02,20,7,25.1324
2012,02,21,0,25.485799999999998
2012,02,21,1,25.3006
2012,02,21,2,27.8681
2012,02,21,3,20.3541
2012,02,21,4,21.0533
2012,02,21,5,21.537599999999998
2012,02,21,6,21.9591
2012,02,21,7,25.0263
2012,02,22,0,25.1734
2012,02,22,1,23.5487
2012,02,22,2,22.707
2012,02,22,3,24.658900000000003
2012,02,22,4,27.504099999999998
2012,02,22,5,26.4046
2012,02,22,6,25.0061
2012,02,22,7,24.613599999999998
2012,02,23,0,24.7561
2012,02,23,1,24.8139
2012,02,23,2,24.691200000000002
2012,02,23,3,23.4525
2012,02,23,4,20.7792
2012,02,23,5,20.1636
2012,02,23,6,21.3489
2012,02,23,7,22.0901
2012,02,24,0,23.040599999999998
2012,02,24,1,22.1265
2012,02,24,2,19.6627
2012,02,24,3,18.2286
2012,02,24,4,18.0694
2012,02,24,5,18.0686
2012,02,24,6,19.3553
2012,02,24,7,21.5549
2012,02,25,0,23.003400000000003
2012,02,25,1,21.779700000000002
2012,02,25,2,17.939799999999998
2012,02,25,3,15.4024
2012,02,25,4,14.9466
2012,02,25,5,15.2325
2012,02,25,6,16.71
2012,02,25,7,19.2802
2012,02,26,0,20.878700000000002
2012,02,26,1,18.036
2012,02,26,2,13.143
2012,02,26,3,13.2389
2012,02,26,4,14.418
2012,02,26,5,12.145299999999999
2012,02,26,6,9.215549999999999
2012,02,26,7,6.76253
2012,02,27,0,5.85301
2012,02,27,1,5.8039499999999995
2012,02,27,2,5.19392
2012,02,27,3,3.51859
2012,02,27,4,3.1832800000000003
2012,02,27,5,3.22569
2012,02,27,6,3.26633
2012,02,27,7,4.01148
2012,02,28,0,5.02511
2012,02,28,1,5.78796
2012,02,28,2,5.24979
2012,02,28,3,4.45153
2012,02,28,4,4.402909999999999
2012,02,28,5,6.91641
2012,02,28,6,5.92802
2012,02,28,7,6.95246
2012,02,29,0,7.87573
2012,02,29,1,7.568899999999999
2012,02,29,2,8.85978
2012,02,29,3,11.1707
2012,02,29,4,13.3657
2012,02,29,5,15.649299999999998
2012,02,29,6,19.336
2012,02,29,7,24.1872
2012,02,30,0,25.1271
2012,02,30,1,23.1707
2012,02,30,2,23.2348
2012,02,30,3,24.2415
2012,02,30,4,23.024900000000002
2012,02,30,5,20.846
2012,02,30,6,20.3077
2012,02,30,7,19.823400000000003
2012,02,31,0,20.2897
2012,02,31,1,18.4189
2012,02,31,2,16.4057
2012,02,31,3,15.2536
2012,02,31,4,15.7621
2012,02,31,5,17.3503
2012,02,31,6,19.2632
2012,02,31,7,18.563
2012,02,1,0,15.1569
2012,02,1,1,10.805299999999999
2012,02,1,2,9.680530000000001
2012,02,1,3,7.90601
2012,02,1,4,6.672890000000001
2012,02,1,5,6.8443000000000005
2012,02,1,6,7.04096
2012,02,1,7,6.88879
2012,02,2,0,6.67587
2012,02,2,1,6.62217
2012,02,2,2,6.22466
2012,02,2,3,5.637899999999999
2012,02,2,4,5.802989999999999
2012,02,2,5,5.94875
2012,02,2,6,5.99884
2012,02,2,7,6.378220000000001
2012,02,3,0,6.93598
2012,02,3,1,6.1965
2012,02,3,2,5.48912
2012,02,3,3,4.334569999999999
2012,02,3,4,3.5040999999999998
2012,02,3,5,3.65376
2012,02,3,6,3.2316599999999998
2012,02,3,7,3.17174
2012,02,4,0,3.83204
2012,02,4,1,5.3488299999999995
2012,02,4,2,7.96429
2012,02,4,3,10.7811
2012,02,4,4,11.4791
2012,02,4,5,11.910200000000001
2012,02,4,6,12.5581
2012,02,4,7,15.0423
2012,02,5,0,16.3752
2012,02,5,1,16.778599999999997
2012,02,5,2,17.0736
2012,02,5,3,16.885900000000003
2012,02,5,4,17.3755
2012,02,5,5,18.1614
2012,02,5,6,20.0601
2012,02,5,7,24.2993
2012,02,6,0,25.2215
2012,02,6,1,24.5661
2012,02,6,2,23.6465
2012,02,6,3,22.725099999999998
2012,02,6,4,22.2585
2012,02,6,5,23.106099999999998
2012,02,6,6,23.949900000000003
2012,02,6,7,25.5076
2012,02,7,0,26.125400000000003
2012,02,7,1,25.273799999999998
2012,02,7,2,31.2755
2012,02,7,3,24.1662
2012,02,7,4,22.9302
2012,02,7,5,21.867099999999997
2012,02,7,6,20.260900000000003
2012,02,7,7,20.3782
2012,02,8,0,20.299599999999998
2012,02,8,1,20.596700000000002
2012,02,8,2,18.3066
2012,02,8,3,18.5763
2012,02,8,4,18.785400000000003
2012,02,8,5,21.3233
2012,02,8,6,24.2351
2012,02,8,7,31.0721
2012,02,9,0,27.8036
2012,02,9,1,24.6346
2012,02,9,2,27.3695
2012,02,9,3,24.8718
2012,02,9,4,24.0284
2012,02,9,5,23.1388
2012,02,9,6,22.7699
2012,02,9,7,26.3919
2012,02,10,0,27.5872
2012,02,10,1,25.9678
2012,02,10,2,24.0891
2012,02,10,3,21.402099999999997
2012,02,10,4,19.7222
2012,02,10,5,19.1187
2012,02,10,6,19.5514
2012,02,10,7,21.0798
2012,02,11,0,24.8854
2012,02,11,1,25.062
2012,02,11,2,21.953599999999998
2012,02,11,3,17.4537
2012,02,11,4,16.3662
2012,02,11,5,17.5823
2012,02,11,6,20.8068
2012,02,11,7,22.8923
2012,02,12,0,23.6676
2012,02,12,1,20.4297
2012,02,12,2,16.6434
2012,02,12,3,15.5016
2012,02,12,4,14.0871
2012,02,12,5,14.9811
2012,02,12,6,13.0736
2012,02,12,7,12.0923
2012,02,13,0,11.0792
2012,02,13,1,12.5791
2012,02,13,2,7.04937
2012,02,13,3,6.95196
2012,02,13,4,5.964729999999999
2012,02,13,5,3.45426
2012,02,13,6,3.48445
2012,02,13,7,3.742
2012,02,14,0,4.43046
2012,02,14,1,5.072979999999999
2012,02,14,2,5.42155
2012,02,14,3,5.57069
2012,02,14,4,6.00624
2012,02,14,5,6.0059700000000005
2012,02,14,6,6.08343
2012,02,14,7,7.02491
2012,02,15,0,8.193190000000001
2012,02,15,1,9.2005
2012,02,15,2,9.27302
2012,02,15,3,9.16859
2012,02,15,4,8.55956
2012,02,15,5,8.965639999999999
2012,02,15,6,8.642959999999999
2012,02,15,7,9.02806
2012,02,16,0,9.810120000000001
2012,02,16,1,10.9904
2012,02,16,2,11.2081
2012,02,16,3,11.3608
2012,02,16,4,11.1693
2012,02,16,5,10.53
2012,02,16,6,11.2965
2012,02,16,7,12.2203
2012,02,17,0,13.758
2012,02,17,1,14.3728
2012,02,17,2,13.655
2012,02,17,3,12.8922
2012,02,17,4,12.3262
2012,02,17,5,11.8171
2012,02,17,6,10.9703
2012,02,17,7,10.898700000000002
2012,02,18,0,10.6899
2012,02,18,1,10.0429
2012,02,18,2,12.2973
2012,02,18,3,10.3537
2012,02,18,4,10.3481
2012,02,18,5,14.242
2012,02,18,6,10.127
2012,02,18,7,10.475299999999999
2012,02,19,0,10.1364
2012,02,19,1,9.55694
2012,02,19,2,9.75342
2012,02,19,3,10.2456
2012,02,19,4,10.624
2012,02,19,5,11.4326
2012,02,19,6,10.9674
2012,02,19,7,11.0426
2012,02,20,0,11.5543
2012,02,20,1,12.0853
2012,02,20,2,13.0718
2012,02,20,3,13.5468
2012,02,20,4,14.209200000000001
2012,02,20,5,14.8089
2012,02,20,6,14.5075
2012,02,20,7,15.1456
2012,02,21,0,15.8222
2012,02,21,1,15.553600000000001
2012,02,21,2,16.0948
2012,02,21,3,16.6467
2012,02,21,4,16.392400000000002
2012,02,21,5,15.6056
2012,02,21,6,14.639
2012,02,21,7,14.3554
2012,02,22,0,14.8939
2012,02,22,1,14.8762
2012,02,22,2,15.191799999999999
2012,02,22,3,15.703
2012,02,22,4,16.5149
2012,02,22,5,17.2075
2012,02,22,6,18.2379
2012,02,22,7,21.1692
2012,02,23,0,21.0341
2012,02,23,1,19.1412
2012,02,23,2,18.0978
2012,02,23,3,17.4542
2012,02,23,4,17.540200000000002
2012,02,23,5,17.3616
2012,02,23,6,15.6302
2012,02,23,7,15.4962
2012,02,24,0,16.641099999999998
2012,02,24,1,12.9903
2012,02,24,2,12.3834
2012,02,24,3,13.116299999999999
2012,02,24,4,14.148700000000002
2012,02,24,5,13.4235
2012,02,24,6,12.0819
2012,02,24,7,10.7784
2012,02,25,0,9.59596
2012,02,25,1,9.682780000000001
2012,02,25,2,10.5849
2012,02,25,3,10.8252
2012,02,25,4,10.5068
2012,02,25,5,10.3645
2012,02,25,6,10.2213
2012,02,25,7,11.023
2012,02,26,0,12.0299
2012,02,26,1,11.5914
2012,02,26,2,10.94
2012,02,26,3,11.0517
2012,02,26,4,11.267700000000001
2012,02,26,5,11.4925
2012,02,26,6,11.151299999999999
2012,02,26,7,11.3515
2012,02,27,0,12.1621
2012,02,27,1,12.7609
2012,02,27,2,12.6605
2012,02,27,3,17.1452
2012,02,27,4,22.8033
2012,02,27,5,11.524799999999999
2012,02,27,6,11.585
2012,02,27,7,11.5315
2012,02,28,0,11.4604
2012,02,28,1,11.584100000000001
2012,02,28,2,11.8788
2012,02,28,3,14.6609
2012,02,28,4,12.029
2012,02,28,5,11.813600000000001
2012,02,28,6,12.1255
2012,02,28,7,12.7912
2012,02,29,0,13.4671
2012,02,29,1,13.1479
2012,02,29,2,12.6927
2012,02,29,3,12.7358
2012,02,29,4,12.6898
2012,02,29,5,12.210899999999999
2012,02,29,6,11.9694
2012,02,29,7,11.837200000000001
2012,02,30,0,11.518
2012,02,30,1,10.7564
2012,02,30,2,10.6403
2012,02,30,3,10.93
2012,02,30,4,11.300600000000001
2012,02,30,5,11.4266
2012,02,30,6,12.72
2012,02,30,7,10.3683
2012,02,1,0,9.89807
2012,02,1,1,9.428709999999999
2012,02,1,2,9.18567
2012,02,1,3,8.84006
2012,02,1,4,12.6411
2012,02,1,5,8.096779999999999
2012,02,1,6,8.10807
2012,02,1,7,8.10074
2012,02,2,0,8.33154
2012,02,2,1,8.68482
2012,02,2,2,8.60882
2012,02,2,3,8.829799999999999
2012,02,2,4,9.21729
2012,02,2,5,8.96951
2012,02,2,6,8.69674
2012,02,2,7,9.87311
2012,02,3,0,9.70931
2012,02,3,1,9.78483
2012,02,3,2,9.58801
2012,02,3,3,8.55908
2012,02,3,4,7.892510000000001
2012,02,3,5,7.23924
2012,02,3,6,7.2781
2012,02,3,7,8.9513
2012,02,4,0,8.05458
2012,02,4,1,8.503770000000001
2012,02,4,2,8.37857
2012,02,4,3,8.23282
2012,02,4,4,7.99083
2012,02,4,5,7.96396
2012,02,4,6,8.030149999999999
2012,02,4,7,8.253969999999999
2012,02,5,0,8.60416
2012,02,5,1,9.63583
2012,02,5,2,9.60566
2012,02,5,3,9.19358
2012,02,5,4,15.995
2012,02,5,5,9.280700000000001
2012,02,5,6,10.0334
2012,02,5,7,11.712299999999999
2012,02,6,0,10.9504
2012,02,6,1,10.4884
2012,02,6,2,10.404200000000001
2012,02,6,3,10.8178
2012,02,6,4,11.751299999999999
2012,02,6,5,11.286200000000001
2012,02,6,6,10.430299999999999
2012,02,6,7,10.7553
2012,02,7,0,11.2561
2012,02,7,1,10.909600000000001
2012,02,7,2,10.341899999999999
2012,02,7,3,9.28713
2012,02,7,4,8.764610000000001
2012,02,7,5,8.28838
2012,02,7,6,7.331840000000001
2012,02,7,7,7.45487
2012,02,8,0,8.35804
2012,02,8,1,9.32112
2012,02,8,2,9.81457
2012,02,8,3,9.25275
2012,02,8,4,8.42758
2012,02,8,5,7.93591
2012,02,8,6,7.53186
2012,02,8,7,7.63992
2012,02,9,0,8.236
2012,02,9,1,8.99714
2012,02,9,2,9.55792
2012,02,9,3,9.36877
2012,02,9,4,9.52077
2012,02,9,5,9.472
2012,02,9,6,9.78509
2012,02,9,7,11.3276
2012,02,10,0,12.8798
2012,02,10,1,13.908
2012,02,10,2,12.1105
2012,02,10,3,9.16823
2012,02,10,4,9.268360000000001
2012,02,10,5,9.092120000000001
2012,02,10,6,9.40391
2012,02,10,7,11.2698
2012,02,11,0,11.8408
2012,02,11,1,10.8322
2012,02,11,2,12.0782
2012,02,11,3,13.3249
2012,02,11,4,16.2718
2012,02,11,5,17.422099999999997
2012,02,11,6,11.7378
2012,02,11,7,10.0255
2012,02,12,0,10.6938
2012,02,12,1,12.0381
2012,02,12,2,12.1684
2012,02,12,3,12.2151
2012,02,12,4,12.579
2012,02,12,5,12.322700000000001
2012,02,12,6,10.7358
2012,02,12,7,10.8184
2012,02,13,0,11.763200000000001
2012,02,13,1,13.522200000000002
2012,02,13,2,13.745
2012,02,13,3,14.2911
2012,02,13,4,10.9542
2012,02,13,5,11.2616
2012,02,13,6,12.3001
2012,02,13,7,10.1651
2012,02,14,0,8.39073
2012,02,14,1,8.30698
2012,02,14,2,9.5485
2012,02,14,3,9.77959
2012,02,14,4,9.23425
2012,02,14,5,9.3628
2012,02,14,6,8.93992
2012,02,14,7,8.619879999999998
2012,02,15,0,7.9943
2012,02,15,1,7.95628
2012,02,15,2,7.7675
2012,02,15,3,7.56826
2012,02,15,4,8.62157
2012,02,15,5,8.12694
2012,02,15,6,8.16563
2012,02,15,7,9.74999
2012,02,16,0,10.908299999999999
2012,02,16,1,10.4575
2012,02,16,2,9.419649999999999
2012,02,16,3,9.20162
2012,02,16,4,10.267
2012,02,16,5,12.8856
2012,02,16,6,12.7434
2012,02,16,7,12.713799999999999
2012,02,17,0,13.172
2012,02,17,1,11.848
2012,02,17,2,11.2354
2012,02,17,3,10.2884
2012,02,17,4,8.958950000000002
2012,02,17,5,8.126439999999999
2012,02,17,6,7.3116
2012,02,17,7,6.68576
2012,02,18,0,7.01959
2012,02,18,1,6.30393
2012,02,18,2,5.49986
2012,02,18,3,4.86395
2012,02,18,4,4.777189999999999
2012,02,18,5,4.725359999999999
2012,02,18,6,4.99787
2012,02,18,7,5.6788
2012,02,19,0,6.226100000000001
2012,02,19,1,5.96314
2012,02,19,2,14.829799999999999
2012,02,19,3,6.18595
2012,02,19,4,6.27327
2012,02,19,5,6.11118
2012,02,19,6,6.358899999999999
2012,02,19,7,6.5614799999999995
2012,02,20,0,7.32059
2012,02,20,1,7.668729999999999
2012,02,20,2,8.40126
2012,02,20,3,7.94736
2012,02,20,4,6.41859
2012,02,20,5,6.91125
2012,02,20,6,7.71028
2012,02,20,7,8.88558
2012,02,21,0,10.424100000000001
2012,02,21,1,11.6063
2012,02,21,2,11.305399999999999
2012,02,21,3,11.0044
2012,02,21,4,11.2949
2012,02,21,5,10.876100000000001
2012,02,21,6,10.446399999999999
2012,02,21,7,10.4805
2012,02,22,0,11.338799999999999
2012,02,22,1,11.5677
2012,02,22,2,11.966899999999999
2012,02,22,3,12.0451
2012,02,22,4,9.99184
2012,02,22,5,8.9199
2012,02,22,6,10.8584
2012,02,22,7,9.19359
2012,02,23,0,7.3871400000000005
2012,02,23,1,6.38072
2012,02,23,2,4.68087
2012,02,23,3,5.46593
2012,02,23,4,6.05253
2012,02,23,5,8.70141
2012,02,23,6,10.2005
2012,02,23,7,11.0896
2012,02,24,0,10.5038
2012,02,24,1,9.66974
2012,02,24,2,8.83168
2012,02,24,3,6.94534
2012,02,24,4,4.84425
2012,02,24,5,4.7837700000000005
2012,02,24,6,4.82529
2012,02,24,7,4.91129
2012,02,25,0,5.8645
2012,02,25,1,7.32708
2012,02,25,2,7.22882
2012,02,25,3,7.27396
2012,02,25,4,8.610389999999999
2012,02,25,5,8.99991
2012,02,25,6,10.4589
2012,02,25,7,9.92824
2012,02,26,0,9.36075
2012,02,26,1,7.60241
2012,02,26,2,6.87781
2012,02,26,3,7.24667
2012,02,26,4,6.6860100000000005
2012,02,26,5,6.09134
2012,02,26,6,6.28408
2012,02,26,7,6.54863
2012,02,27,0,8.00141
2012,02,27,1,9.5315
2012,02,27,2,10.307
2012,02,27,3,9.26351
2012,02,27,4,10.7495
2012,02,27,5,11.0389
2012,02,27,6,10.931299999999998
2012,02,27,7,10.5982
2012,02,28,0,10.8246
2012,02,28,1,11.4966
2012,02,28,2,11.497200000000001
2012,02,28,3,11.6735
2012,02,28,4,11.1473
2012,02,28,5,10.6867
2012,02,28,6,10.4894
2012,02,28,7,9.787780000000001
2012,02,29,0,9.03708
2012,02,29,1,8.459959999999999
2012,02,29,2,7.3478900000000005
2012,02,29,3,7.57667
2012,02,29,4,8.358979999999999
2012,02,29,5,8.73752
2012,02,29,6,8.89217
2012,02,29,7,8.95575
2012,02,30,0,8.404770000000001
2012,02,30,1,7.87301
2012,02,30,2,7.59935
2012,02,30,3,7.26846
2012,02,30,4,6.751180000000001
2012,02,30,5,6.188
2012,02,30,6,5.97842
2012,02,30,7,6.02004
2012,02,31,0,6.19065
2012,02,31,1,6.0890200000000005
2012,02,31,2,5.58737
2012,02,31,3,4.97754
2012,02,31,4,4.716399999999999
2012,02,31,5,4.41409
2012,02,31,6,4.595560000000001
2012,02,31,7,5.06529
2012,02,1,0,6.211189999999999
2012,02,1,1,7.06838
2012,02,1,2,6.56269
2012,02,1,3,7.99163
2012,02,1,4,7.890479999999999
2012,02,1,5,7.43324
2012,02,1,6,7.35687
2012,02,1,7,7.5086
2012,02,2,0,8.4105
2012,02,2,1,9.893270000000001
2012,02,2,2,10.6951
2012,02,2,3,11.108600000000001
2012,02,2,4,10.3846
2012,02,2,5,9.60895
2012,02,2,6,8.43333
2012,02,2,7,7.35796
2012,02,3,0,7.43486
2012,02,3,1,7.06075
2012,02,3,2,7.30441
2012,02,3,3,7.527399999999999
2012,02,3,4,7.22702
2012,02,3,5,6.93756
2012,02,3,6,7.05029
2012,02,3,7,6.75199
2012,02,4,0,6.62432
2012,02,4,1,6.83833
2012,02,4,2,7.4640699999999995
2012,02,4,3,7.8157
2012,02,4,4,7.89323
2012,02,4,5,8.3271
2012,02,4,6,9.03869
2012,02,4,7,9.26342
2012,02,5,0,9.5116
2012,02,5,1,9.330879999999999
2012,02,5,2,8.76447
2012,02,5,3,8.67197
2012,02,5,4,10.416
2012,02,5,5,11.132200000000001
2012,02,5,6,10.555399999999999
2012,02,5,7,9.69815
2012,02,6,0,8.37797
2012,02,6,1,7.623399999999999
2012,02,6,2,7.1805
2012,02,6,3,6.68681
2012,02,6,4,6.83727
2012,02,6,5,7.28294
2012,02,6,6,7.61892
2012,02,6,7,6.164770000000001
2012,02,7,0,6.08259
2012,02,7,1,6.006069999999999
2012,02,7,2,6.04659
2012,02,7,3,6.38392
2012,02,7,4,6.59292
2012,02,7,5,6.63944
2012,02,7,6,6.53634
2012,02,7,7,6.74829
2012,02,8,0,7.192489999999999
2012,02,8,1,7.34282
2012,02,8,2,6.63072
2012,02,8,3,6.39476
2012,02,8,4,6.60095
2012,02,8,5,7.64194
2012,02,8,6,7.91175
2012,02,8,7,8.61711
2012,02,9,0,8.09789
2012,02,9,1,6.75024
2012,02,9,2,5.62782
2012,02,9,3,5.58666
2012,02,9,4,6.048760000000001
2012,02,9,5,4.89914
2012,02,9,6,4.31108
2012,02,9,7,4.07598
2012,02,10,0,4.1665600000000005
2012,02,10,1,4.43203
2012,02,10,2,3.73382
2012,02,10,3,3.82131
2012,02,10,4,3.94165
2012,02,10,5,4.64593
2012,02,10,6,4.50359
2012,02,10,7,4.31881
2012,02,11,0,4.0173499999999995
2012,02,11,1,3.78112
2012,02,11,2,3.36808
2012,02,11,3,3.74937
2012,02,11,4,4.281479999999999
2012,02,11,5,4.44537
2012,02,11,6,5.02967
2012,02,11,7,5.01887
2012,02,12,0,5.29815
2012,02,12,1,4.96425
2012,02,12,2,4.52513
2012,02,12,3,5.11782
2012,02,12,4,5.86708
2012,02,12,5,6.35954
2012,02,12,6,7.148
2012,02,12,7,6.0610100000000005
2012,02,13,0,5.3555399999999995
2012,02,13,1,5.08146
2012,02,13,2,3.92997
2012,02,13,3,4.2803
2012,02,13,4,3.97094
2012,02,13,5,4.09177
2012,02,13,6,4.07385
2012,02,13,7,4.22996
2012,02,14,0,4.76748
2012,02,14,1,4.64087
2012,02,14,2,4.2788900000000005
2012,02,14,3,4.33168
2012,02,14,4,4.84817
2012,02,14,5,5.26841
2012,02,14,6,5.82272
2012,02,14,7,6.73823
2012,02,15,0,7.131729999999999
2012,02,15,1,7.269310000000001
2012,02,15,2,7.347989999999999
2012,02,15,3,6.92455
2012,02,15,4,6.448600000000001
2012,02,15,5,5.8979
2012,02,15,6,5.9543800000000005
2012,02,15,7,6.70852
2012,02,16,0,7.77616
2012,02,16,1,9.47837
2012,02,16,2,9.77494
2012,02,16,3,11.4242
2012,02,16,4,11.653
2012,02,16,5,9.99838
2012,02,16,6,10.9495
2012,02,16,7,11.7466
2012,02,17,0,11.9952
2012,02,17,1,12.5302
2012,02,17,2,12.395
2012,02,17,3,11.9019
2012,02,17,4,11.9779
2012,02,17,5,12.3531
2012,02,17,6,12.7953
2012,02,17,7,12.155100000000001
2012,02,18,0,12.2271
2012,02,18,1,11.1428
2012,02,18,2,10.1347
2012,02,18,3,7.98278
2012,02,18,4,7.96345
2012,02,18,5,8.26992
2012,02,18,6,8.88309
2012,02,18,7,8.48813
2012,02,19,0,8.48641
2012,02,19,1,8.62734
2012,02,19,2,8.49448
2012,02,19,3,9.92605
2012,02,19,4,11.0092
2012,02,19,5,11.089799999999999
2012,02,19,6,12.4046
2012,02,19,7,13.1264
2012,02,20,0,12.7289
2012,02,20,1,12.5686
2012,02,20,2,12.316
2012,02,20,3,12.2059
2012,02,20,4,11.610100000000001
2012,02,20,5,11.436399999999999
2012,02,20,6,11.7006
2012,02,20,7,11.608
2012,02,21,0,11.9677
2012,02,21,1,11.0741
2012,02,21,2,10.1999
2012,02,21,3,9.29601
2012,02,21,4,7.49508
2012,02,21,5,7.47959
2012,02,21,6,10.253200000000001
2012,02,21,7,11.6045
2012,02,22,0,11.116100000000001
2012,02,22,1,11.1108
2012,02,22,2,10.9802
2012,02,22,3,10.6355
2012,02,22,4,10.9444
2012,02,22,5,10.5748
2012,02,22,6,9.89198
2012,02,22,7,9.39175
2012,02,23,0,8.495370000000001
2012,02,23,1,7.25668
2012,02,23,2,6.6284
2012,02,23,3,6.1268199999999995
2012,02,23,4,5.34097
2012,02,23,5,4.84317
2012,02,23,6,4.69805
2012,02,23,7,5.28853
2012,02,24,0,5.59088
2012,02,24,1,5.6717200000000005
2012,02,24,2,5.59964
2012,02,24,3,5.20461
2012,02,24,4,4.6256
2012,02,24,5,4.91118
2012,02,24,6,4.41519
2012,02,24,7,4.36355
2012,02,25,0,4.52568
2012,02,25,1,4.59901
2012,02,25,2,4.24158
2012,02,25,3,3.80431
2012,02,25,4,3.85194
2012,02,25,5,4.22283
2012,02,25,6,4.48255
2012,02,25,7,5.0046
2012,02,26,0,5.5895600000000005
2012,02,26,1,5.9983699999999995
2012,02,26,2,5.29051
2012,02,26,3,4.49336
2012,02,26,4,4.14316
2012,02,26,5,4.174300000000001
2012,02,26,6,3.99889
2012,02,26,7,3.797
2012,02,27,0,3.9539899999999997
2012,02,27,1,3.9165900000000002
2012,02,27,2,3.8115799999999997
2012,02,27,3,3.9199699999999997
2012,02,27,4,4.095260000000001
2012,02,27,5,4.6726
2012,02,27,6,5.75638
2012,02,27,7,7.10533
2012,02,28,0,8.4248
2012,02,28,1,9.70144
2012,02,28,2,9.994159999999999
2012,02,28,3,10.1085
2012,02,28,4,9.54999
2012,02,28,5,9.79052
2012,02,28,6,10.6404
2012,02,28,7,11.5131
2012,02,29,0,9.65485
2012,02,29,1,8.51198
2012,02,29,2,8.63101
2012,02,29,3,12.6095
2012,02,29,4,14.4181
2012,02,29,5,13.8397
2012,02,29,6,13.5502
2012,02,29,7,13.6648
2012,02,30,0,13.3514
2012,02,30,1,12.2802
2012,02,30,2,10.3566
2012,02,30,3,9.10687
2012,02,30,4,10.4404
2012,02,30,5,11.5961
2012,02,30,6,13.4891
2012,02,30,7,14.165700000000001
2012,02,1,0,13.796299999999999
2012,02,1,1,10.0455
2012,02,1,2,9.1972
2012,02,1,3,8.84623
2012,02,1,4,8.148520000000001
2012,02,1,5,8.470379999999999
2012,02,1,6,10.3226
2012,02,1,7,13.516399999999999
2012,02,2,0,14.4542
2012,02,2,1,15.810799999999999
2012,02,2,2,15.579600000000001
2012,02,2,3,14.8903
2012,02,2,4,15.0048
2012,02,2,5,14.9414
2012,02,2,6,13.2445
2012,02,2,7,14.1859
2012,02,3,0,12.8174
2012,02,3,1,10.1661
2012,02,3,2,8.84819
2012,02,3,3,8.89403
2012,02,3,4,9.20589
2012,02,3,5,9.03936
2012,02,3,6,10.4734
2012,02,3,7,11.127
2012,02,4,0,11.3962
2012,02,4,1,13.219700000000001
2012,02,4,2,13.967
2012,02,4,3,12.711
2012,02,4,4,11.213299999999998
2012,02,4,5,10.306899999999999
2012,02,4,6,8.35175
2012,02,4,7,7.35133
2012,02,5,0,7.31692
2012,02,5,1,8.63481
2012,02,5,2,13.6769
2012,02,5,3,10.3774
2012,02,5,4,11.9099
2012,02,5,5,14.4992
2012,02,5,6,15.5507
2012,02,5,7,17.782400000000003
2012,02,6,0,17.9142
2012,02,6,1,17.5838
2012,02,6,2,16.5713
2012,02,6,3,15.464
2012,02,6,4,13.674299999999999
2012,02,6,5,12.2408
2012,02,6,6,11.107700000000001
2012,02,6,7,9.696
2012,02,7,0,8.89063
2012,02,7,1,8.688360000000001
2012,02,7,2,9.15601
2012,02,7,3,6.84945
2012,02,7,4,6.10042
2012,02,7,5,5.31418
2012,02,7,6,5.26361
2012,02,7,7,4.77233
2012,02,8,0,4.20383
2012,02,8,1,3.84166
2012,02,8,2,2.84693
2012,02,8,3,3.16027
2012,02,8,4,3.84408
2012,02,8,5,3.43586
2012,02,8,6,4.19426
2012,02,8,7,5.51603
2012,02,9,0,6.75997
2012,02,9,1,8.11445
2012,02,9,2,7.41282
2012,02,9,3,7.2483699999999995
2012,02,9,4,7.827109999999999
2012,02,9,5,8.13407
2012,02,9,6,8.59718
2012,02,9,7,9.7129
2012,02,10,0,9.739120000000002
2012,02,10,1,8.4718
2012,02,10,2,12.116
2012,02,10,3,8.13667
2012,02,10,4,8.56957
2012,02,10,5,7.64121
2012,02,10,6,7.40246
2012,02,10,7,6.67909
2012,02,11,0,5.441260000000001
2012,02,11,1,5.21189
2012,02,11,2,6.22508
2012,02,11,3,6.24649
2012,02,11,4,6.13372
2012,02,11,5,5.61986
2012,02,11,6,5.5515799999999995
2012,02,11,7,5.98663
2012,02,12,0,5.93222
2012,02,12,1,5.64231
2012,02,12,2,4.86883
2012,02,12,3,5.987229999999999
2012,02,12,4,5.97071
2012,02,12,5,5.66192
2012,02,12,6,6.1725900000000005
2012,02,12,7,6.56266
2012,02,13,0,8.29629
2012,02,13,1,9.223700000000001
2012,02,13,2,10.2741
2012,02,13,3,9.85478
2012,02,13,4,8.47959
2012,02,13,5,7.45647
2012,02,13,6,7.047680000000001
2012,02,13,7,6.50546
2012,02,14,0,6.39064
2012,02,14,1,7.34421
2012,02,14,2,7.3797
2012,02,14,3,6.95946
2012,02,14,4,5.8930299999999995
2012,02,14,5,5.0072399999999995
2012,02,14,6,4.8101199999999995
2012,02,14,7,5.86726
2012,02,15,0,6.15499
2012,02,15,1,6.13707
2012,02,15,2,6.46791
2012,02,15,3,6.87725
2012,02,15,4,6.43834
2012,02,15,5,5.031890000000001
2012,02,15,6,4.33103
2012,02,15,7,4.019010000000001
2012,02,16,0,6.47592
2012,02,16,1,8.36348
2012,02,16,2,8.52366
2012,02,16,3,6.057300000000001
2012,02,16,4,6.29559
2012,02,16,5,6.65704
2012,02,16,6,7.66036
2012,02,16,7,9.59591
2012,02,17,0,10.2102
2012,02,17,1,9.41383
2012,02,17,2,8.652149999999999
2012,02,17,3,7.51292
2012,02,17,4,7.67539
2012,02,17,5,7.4304499999999996
2012,02,17,6,7.20215
2012,02,17,7,6.76564
2012,02,18,0,7.56
2012,02,18,1,8.11459
2012,02,18,2,7.84527
2012,02,18,3,8.84824
2012,02,18,4,8.941049999999999
2012,02,18,5,7.609979999999999
2012,02,18,6,5.04343
2012,02,18,7,3.60494
2012,02,19,0,4.0498
2012,02,19,1,3.99492
2012,02,19,2,3.3256300000000003
2012,02,19,3,3.03849
2012,02,19,4,3.0774
2012,02,19,5,2.41771
2012,02,19,6,3.0575
2012,02,19,7,3.52921
2012,02,20,0,3.6806300000000003
2012,02,20,1,3.37735
2012,02,20,2,2.96896
2012,02,20,3,2.66738
2012,02,20,4,2.45379
2012,02,20,5,2.3931
2012,02,20,6,2.5140100000000003
2012,02,20,7,2.9903000000000004
2012,02,21,0,3.24558
2012,02,21,1,2.89302
2012,02,21,2,2.67598
2012,02,21,3,2.74387
2012,02,21,4,2.6154
2012,02,21,5,2.4644899999999996
2012,02,21,6,2.6508499999999997
2012,02,21,7,3.15612
2012,02,22,0,3.3289299999999997
2012,02,22,1,3.09156
2012,02,22,2,2.7963400000000003
2012,02,22,3,3.06321
2012,02,22,4,3.64212
2012,02,22,5,5.19714
2012,02,22,6,8.0486
2012,02,22,7,9.00467
2012,02,23,0,8.95439
2012,02,23,1,8.04297
2012,02,23,2,5.57867
2012,02,23,3,5.0880600000000005
2012,02,23,4,5.40709
2012,02,23,5,6.45386
2012,02,23,6,8.762799999999999
2012,02,23,7,10.6345
2012,02,24,0,10.8167
2012,02,24,1,10.6654
2012,02,24,2,9.530899999999999
2012,02,24,3,10.0931
2012,02,24,4,6.59315
2012,02,24,5,3.7916999999999996
2012,02,24,6,3.4093899999999997
2012,02,24,7,3.8253600000000003
2012,02,25,0,5.65847
2012,02,25,1,4.71868
2012,02,25,2,4.52747
2012,02,25,3,4.24659
2012,02,25,4,7.03672
2012,02,25,5,7.66974
2012,02,25,6,8.21775
2012,02,25,7,9.24559
2012,02,26,0,9.69745
2012,02,26,1,9.30532
2012,02,26,2,8.93047
2012,02,26,3,7.741689999999999
2012,02,26,4,6.23681
2012,02,26,5,5.472270000000001
2012,02,26,6,5.63581
2012,02,26,7,5.97721
2012,02,27,0,6.110180000000001
2012,02,27,1,6.0057
2012,02,27,2,6.40924
2012,02,27,3,6.72966
2012,02,27,4,5.66963
2012,02,27,5,5.20022
2012,02,27,6,5.10713
2012,02,27,7,5.20994
2012,02,28,0,5.11043
2012,02,28,1,4.64328
2012,02,28,2,4.21027
2012,02,28,3,4.0742899999999995
2012,02,28,4,3.9131199999999997
2012,02,28,5,4.01508
2012,02,28,6,4.642180000000001
2012,02,28,7,5.5779700000000005
2012,02,29,0,7.48233
2012,02,29,1,7.3318900000000005
2012,02,29,2,6.62041
2012,02,29,3,6.32379
2012,02,29,4,5.6945500000000004
2012,02,29,5,5.51646
2012,02,29,6,5.8655100000000004
2012,02,29,7,5.98107
2012,02,30,0,6.2811
2012,02,30,1,6.45644
2012,02,30,2,6.40101
2012,02,30,3,5.88087
2012,02,30,4,5.57908
2012,02,30,5,5.69417
2012,02,30,6,6.19491
2012,02,30,7,5.863729999999999
2012,02,31,0,4.80027
2012,02,31,1,4.09356
2012,02,31,2,3.99669
2012,02,31,3,3.69208
2012,02,31,4,3.44156
2012,02,31,5,3.2602800000000003
2012,02,31,6,2.3706799999999997
2012,02,31,7,2.78763
2013,02,1,0,3.7786500000000003
2013,02,1,1,4.67808
2013,02,1,2,4.6947600000000005
2013,02,1,3,4.151770000000001
2013,02,1,4,3.1445
2013,02,1,5,3.52278
2013,02,1,6,3.20727
2013,02,1,7,3.6201399999999997
2013,02,2,0,3.81427
2013,02,2,1,3.16354
2013,02,2,2,3.50791
2013,02,2,3,3.6937399999999996
2013,02,2,4,3.4320999999999997
2013,02,2,5,3.2865900000000003
2013,02,2,6,3.1997
2013,02,2,7,2.98369
2013,02,3,0,3.1908499999999997
2013,02,3,1,2.74598
2013,02,3,2,2.76494
2013,02,3,3,2.85232
2013,02,3,4,2.93536
2013,02,3,5,2.73852
2013,02,3,6,2.54885
2013,02,3,7,2.90667
2013,02,4,0,2.92434
2013,02,4,1,2.4944499999999996
2013,02,4,2,2.2954
2013,02,4,3,2.2284200000000003
2013,02,4,4,2.03825
2013,02,4,5,2.01575
2013,02,4,6,2.21143
2013,02,4,7,3.2821700000000003
2013,02,5,0,4.73292
2013,02,5,1,5.73658
2013,02,5,2,6.05593
2013,02,5,3,5.954560000000001
2013,02,5,4,5.67718
2013,02,5,5,5.79587
2013,02,5,6,6.18478
2013,02,5,7,6.4307799999999995
2013,02,6,0,6.66997
2013,02,6,1,7.24608
2013,02,6,2,6.80527
2013,02,6,3,6.11338
2013,02,6,4,4.80827
2013,02,6,5,5.532970000000001
2013,02,6,6,5.5343800000000005
2013,02,6,7,5.81801
2013,02,7,0,6.01438
2013,02,7,1,5.999350000000001
2013,02,7,2,5.492859999999999
2013,02,7,3,6.65202
2013,02,7,4,6.5631
2013,02,7,5,4.33535
2013,02,7,6,4.456810000000001
2013,02,7,7,6.3108699999999995
2013,02,8,0,8.997770000000001
2013,02,8,1,11.7406
2013,02,8,2,11.0314
2013,02,8,3,10.806700000000001
2013,02,8,4,10.4598
2013,02,8,5,9.312389999999999
2013,02,8,6,10.5837
2013,02,8,7,9.94628
2013,02,9,0,10.1435
2013,02,9,1,10.0358
2013,02,9,2,9.92261
2013,02,9,3,9.90059
2013,02,9,4,10.0381
2013,02,9,5,9.48961
2013,02,9,6,8.69
2013,02,9,7,8.475200000000001
2013,02,10,0,9.851659999999999
2013,02,10,1,10.7492
2013,02,10,2,10.9472
2013,02,10,3,7.72977
2013,02,10,4,4.31265
2013,02,10,5,2.55275
2013,02,10,6,2.64273
2013,02,10,7,2.57567
2013,02,11,0,3.09511
2013,02,11,1,3.0892399999999998
2013,02,11,2,2.64603
2013,02,11,3,2.47656
2013,02,11,4,2.60284
2013,02,11,5,2.64961
2013,02,11,6,2.39576
2013,02,11,7,2.2204200000000003
2013,02,12,0,2.7531999999999996
2013,02,12,1,3.51009
2013,02,12,2,3.96806
2013,02,12,3,2.89681
2013,02,12,4,2.45
2013,02,12,5,1.98179
2013,02,12,6,1.7059900000000001
2013,02,12,7,1.5851600000000001
2013,02,13,0,1.791
2013,02,13,1,2.1395999999999997
2013,02,13,2,2.22221
2013,02,13,3,1.95176
2013,02,13,4,1.71777
2013,02,13,5,1.61252
2013,02,13,6,2.07616
2013,02,13,7,2.27047
2013,02,14,0,2.50312
2013,02,14,1,2.3474
2013,02,14,2,2.1941100000000002
2013,02,14,3,2.13852
2013,02,14,4,2.30191
2013,02,14,5,2.63833
2013,02,14,6,3.1936
2013,02,14,7,2.45452
2013,02,15,0,5.33083
2013,02,15,1,5.43875
2013,02,15,2,7.0716
2013,02,15,3,8.049859999999999
2013,02,15,4,7.83178
2013,02,15,5,6.2237
2013,02,15,6,6.30423
2013,02,15,7,6.28337
2013,02,16,0,5.90253
2013,02,16,1,5.35106
2013,02,16,2,5.22441
2013,02,16,3,3.67618
2013,02,16,4,2.93705
2013,02,16,5,3.635
2013,02,16,6,3.55242
2013,02,16,7,3.17352
2013,02,17,0,3.1519299999999997
2013,02,17,1,2.71718
2013,02,17,2,1.9160899999999998
2013,02,17,3,1.60629
2013,02,17,4,1.67536
2013,02,17,5,1.61306
2013,02,17,6,1.52054
2013,02,17,7,1.82998
2013,02,18,0,1.7364000000000002
2013,02,18,1,1.6292200000000001
2013,02,18,2,1.64315
2013,02,18,3,1.80778
2013,02,18,4,1.22282
2013,02,18,5,1.9578
2013,02,18,6,1.86139
2013,02,18,7,1.54772
2013,02,19,0,1.68818
2013,02,19,1,1.96058
2013,02,19,2,1.9606400000000002
2013,02,19,3,1.7721
2013,02,19,4,1.6843
2013,02,19,5,1.67261
2013,02,19,6,1.73376
2013,02,19,7,2.0492
2013,02,20,0,2.17379
2013,02,20,1,2.44473
2013,02,20,2,2.53741
2013,02,20,3,2.4945
2013,02,20,4,2.4576599999999997
2013,02,20,5,2.20391
2013,02,20,6,1.91876
2013,02,20,7,2.2596
2013,02,21,0,2.21372
2013,02,21,1,1.9267100000000001
2013,02,21,2,2.28172
2013,02,21,3,2.41321
2013,02,21,4,2.23253
2013,02,21,5,2.65225
2013,02,21,6,2.84549
2013,02,21,7,3.40021
2013,02,22,0,3.46818
2013,02,22,1,3.32442
2013,02,22,2,3.1596100000000003
2013,02,22,3,3.03582
2013,02,22,4,2.8765
2013,02,22,5,2.85369
2013,02,22,6,3.05063
2013,02,22,7,3.16471
2013,02,23,0,2.5745999999999998
2013,02,23,1,2.5215
2013,02,23,2,2.59371
2013,02,23,3,2.86111
2013,02,23,4,3.5294
2013,02,23,5,5.25366
2013,02,23,6,8.572569999999999
2013,02,23,7,10.4817
2013,02,24,0,12.350299999999999
2013,02,24,1,13.1809
2013,02,24,2,13.7642
2013,02,24,3,14.665700000000001
2013,02,24,4,16.3828
2013,02,24,5,16.4282
2013,02,24,6,15.264899999999999
2013,02,24,7,14.7019
2013,02,25,0,15.243799999999998
2013,02,25,1,15.9249
2013,02,25,2,15.532200000000001
2013,02,25,3,14.113700000000001
2013,02,25,4,13.8185
2013,02,25,5,14.6629
2013,02,25,6,15.6283
2013,02,25,7,15.594299999999999
2013,02,26,0,15.760399999999999
2013,02,26,1,16.284399999999998
2013,02,26,2,16.3298
2013,02,26,3,16.151600000000002
2013,02,26,4,15.6703
2013,02,26,5,14.0616
2013,02,26,6,11.5289
2013,02,26,7,8.8524
2013,02,27,0,7.84666
2013,02,27,1,7.43693
2013,02,27,2,5.766640000000001
2013,02,27,3,5.15773
2013,02,27,4,3.4935
2013,02,27,5,2.6949
2013,02,27,6,2.6386
2013,02,27,7,3.04876
2013,02,28,0,4.55603
2013,02,28,1,4.43079
2013,02,28,2,3.98632
2013,02,28,3,3.6374400000000002
2013,02,28,4,3.57538
2013,02,28,5,3.35229
2013,02,28,6,3.8221
2013,02,28,7,4.4495
2013,02,29,0,5.19257
2013,02,29,1,6.35659
2013,02,29,2,7.40097
2013,02,29,3,8.38924
2013,02,29,4,8.80643
2013,02,29,5,9.47763
2013,02,29,6,8.73145
2013,02,29,7,9.238790000000002
2013,02,30,0,9.42528
2013,02,30,1,9.043899999999999
2013,02,30,2,8.92786
2013,02,30,3,9.269120000000001
2013,02,30,4,9.28011
2013,02,30,5,9.45923
2013,02,30,6,9.28291
2013,02,30,7,7.11476
2013,02,31,0,5.88003
2013,02,31,1,6.140569999999999
2013,02,31,2,6.25502
2013,02,31,3,6.2989
2013,02,31,4,5.99215
2013,02,31,5,4.854520000000001
2013,02,31,6,5.2024
2013,02,31,7,3.76953
2013,02,1,0,3.53236
2013,02,1,1,3.6353
2013,02,1,2,3.59149
2013,02,1,3,3.37383
2013,02,1,4,3.30373
2013,02,1,5,3.27546
2013,02,1,6,3.2516599999999998
2013,02,1,7,3.56407
2013,02,2,0,3.85729
2013,02,2,1,3.93567
2013,02,2,2,4.37205
2013,02,2,3,4.6126499999999995
2013,02,2,4,4.82569
2013,02,2,5,5.83903
2013,02,2,6,6.98307
2013,02,2,7,8.39635
2013,02,3,0,8.97656
2013,02,3,1,9.622770000000001
2013,02,3,2,10.4924
2013,02,3,3,11.4625
2013,02,3,4,10.9191
2013,02,3,5,9.03458
2013,02,3,6,7.168939999999999
2013,02,3,7,6.653029999999999
2013,02,4,0,6.56013
2013,02,4,1,6.09463
2013,02,4,2,5.20645
2013,02,4,3,4.45954
2013,02,4,4,4.19489
2013,02,4,5,4.597180000000001
2013,02,4,6,4.7975200000000005
2013,02,4,7,5.27715
2013,02,5,0,5.9246300000000005
2013,02,5,1,6.25785
2013,02,5,2,6.374140000000001
2013,02,5,3,6.58566
2013,02,5,4,7.20251
2013,02,5,5,7.64508
2013,02,5,6,6.4865900000000005
2013,02,5,7,5.469189999999999
2013,02,6,0,6.20868
2013,02,6,1,6.81753
2013,02,6,2,3.76937
2013,02,6,3,3.78327
2013,02,6,4,2.2546
2013,02,6,5,2.58738
2013,02,6,6,3.19487
2013,02,6,7,3.40654
2013,02,7,0,3.26747
2013,02,7,1,3.1509899999999997
2013,02,7,2,3.19017
2013,02,7,3,3.26229
2013,02,7,4,2.93999
2013,02,7,5,2.38894
2013,02,7,6,2.61911
2013,02,7,7,2.77205
2013,02,8,0,3.60439
2013,02,8,1,3.71352
2013,02,8,2,3.70564
2013,02,8,3,4.32981
2013,02,8,4,5.475029999999999
2013,02,8,5,4.90424
2013,02,8,6,4.4333800000000005
2013,02,8,7,4.57661
2013,02,9,0,4.8681
2013,02,9,1,5.31522
2013,02,9,2,5.88805
2013,02,9,3,5.87404
2013,02,9,4,5.79551
2013,02,9,5,5.54029
2013,02,9,6,5.30244
2013,02,9,7,3.593
2013,02,10,0,3.15868
2013,02,10,1,2.6446799999999997
2013,02,10,2,3.37904
2013,02,10,3,4.64829
2013,02,10,4,5.1440600000000005
2013,02,10,5,5.54571
2013,02,10,6,5.13417
2013,02,10,7,4.58234
2013,02,11,0,4.24642
2013,02,11,1,3.80094
2013,02,11,2,3.74603
2013,02,11,3,3.8398499999999998
2013,02,11,4,3.8423499999999997
2013,02,11,5,3.71105
2013,02,11,6,3.21148
2013,02,11,7,3.02752
2013,02,12,0,3.3919200000000003
2013,02,12,1,4.0999300000000005
2013,02,12,2,4.30818
2013,02,12,3,4.01906
2013,02,12,4,3.94629
2013,02,12,5,4.25713
2013,02,12,6,4.80645
2013,02,12,7,4.97978
2013,02,13,0,5.71513
2013,02,13,1,6.46348
2013,02,13,2,6.8366999999999996
2013,02,13,3,6.10694
2013,02,13,4,5.95368
2013,02,13,5,5.94942
2013,02,13,6,5.57461
2013,02,13,7,5.82055
2013,02,14,0,5.94879
2013,02,14,1,6.195930000000001
2013,02,14,2,6.375310000000001
2013,02,14,3,6.422770000000001
2013,02,14,4,6.06364
2013,02,14,5,6.60713
2013,02,14,6,6.72721
2013,02,14,7,5.7249799999999995
2013,02,15,0,5.30896
2013,02,15,1,5.26989
2013,02,15,2,5.18424
2013,02,15,3,4.8264499999999995
2013,02,15,4,4.0329299999999995
2013,02,15,5,2.79514
2013,02,15,6,3.64052
2013,02,15,7,3.30821
2013,02,16,0,3.16968
2013,02,16,1,2.91778
2013,02,16,2,2.83118
2013,02,16,3,2.6966
2013,02,16,4,2.60424
2013,02,16,5,2.7243600000000003
2013,02,16,6,3.09211
2013,02,16,7,2.76382
2013,02,17,0,3.5641700000000003
2013,02,17,1,3.72505
2013,02,17,2,3.57437
2013,02,17,3,3.32286
2013,02,17,4,3.35848
2013,02,17,5,3.08479
2013,02,17,6,2.69654
2013,02,17,7,2.7058400000000002
2013,02,18,0,2.8777600000000003
2013,02,18,1,3.5757
2013,02,18,2,4.145029999999999
2013,02,18,3,4.03681
2013,02,18,4,4.11889
2013,02,18,5,4.04097
2013,02,18,6,4.27951
2013,02,18,7,4.81736
2013,02,19,0,4.82016
2013,02,19,1,4.639819999999999
2013,02,19,2,4.6769300000000005
2013,02,19,3,5.1704099999999995
2013,02,19,4,5.9293000000000005
2013,02,19,5,5.8277399999999995
2013,02,19,6,5.18817
2013,02,19,7,5.65913
2013,02,20,0,5.542680000000001
2013,02,20,1,5.77006
2013,02,20,2,6.39116
2013,02,20,3,7.17436
2013,02,20,4,7.92124
2013,02,20,5,6.24369
2013,02,20,6,5.00039
2013,02,20,7,3.87209
2013,02,21,0,3.07164
2013,02,21,1,2.88667
2013,02,21,2,2.92335
2013,02,21,3,3.4289699999999996
2013,02,21,4,3.91665
2013,02,21,5,4.60017
2013,02,21,6,3.90729
2013,02,21,7,3.21283
2013,02,22,0,3.29066
2013,02,22,1,3.5474200000000002
2013,02,22,2,4.58137
2013,02,22,3,5.31394
2013,02,22,4,5.33856
2013,02,22,5,5.6879
2013,02,22,6,9.51506
2013,02,22,7,7.48693
2013,02,23,0,7.856949999999999
2013,02,23,1,8.065520000000001
2013,02,23,2,8.46951
2013,02,23,3,8.19167
2013,02,23,4,5.62371
2013,02,23,5,4.82294
2013,02,23,6,4.80512
2013,02,23,7,4.9418
2013,02,24,0,5.03225
2013,02,24,1,3.3875100000000002
2013,02,24,2,2.80121
2013,02,24,3,2.61383
2013,02,24,4,2.79476
2013,02,24,5,3.01662
2013,02,24,6,3.4170700000000003
2013,02,24,7,3.40324
2013,02,25,0,3.61132
2013,02,25,1,3.81273
2013,02,25,2,4.18675
2013,02,25,3,4.29894
2013,02,25,4,4.0604000000000005
2013,02,25,5,4.175770000000001
2013,02,25,6,4.9122200000000005
2013,02,25,7,4.25964
2013,02,26,0,3.59303
2013,02,26,1,3.90803
2013,02,26,2,3.65619
2013,02,26,3,3.82145
2013,02,26,4,3.5318
2013,02,26,5,3.0774
2013,02,26,6,2.79605
2013,02,26,7,2.8604600000000002
2013,02,27,0,3.55654
2013,02,27,1,3.60385
2013,02,27,2,3.56608
2013,02,27,3,3.3183000000000002
2013,02,27,4,3.4393000000000002
2013,02,27,5,3.3105599999999997
2013,02,27,6,3.20771
2013,02,27,7,3.49699
2013,02,28,0,4.16389
2013,02,28,1,4.33179
2013,02,28,2,4.07445
2013,02,28,3,4.73372
2013,02,28,4,5.8130500000000005
2013,02,28,5,6.089060000000001
2013,02,28,6,5.916189999999999
2013,02,28,7,6.71345
2013,02,1,0,7.644939999999999
2013,02,1,1,8.386479999999999
2013,02,1,2,8.98799
2013,02,1,3,9.11141
2013,02,1,4,8.80775
2013,02,1,5,8.18226
2013,02,1,6,7.54242
2013,02,1,7,7.13672
2013,02,2,0,6.49994
2013,02,2,1,5.93171
2013,02,2,2,5.9596
2013,02,2,3,5.92384
2013,02,2,4,6.1885699999999995
2013,02,2,5,6.692810000000001
2013,02,2,6,7.57278
2013,02,2,7,7.746060000000001
2013,02,3,0,8.465399999999999
2013,02,3,1,8.72718
2013,02,3,2,10.4336
2013,02,3,3,12.3659
2013,02,3,4,10.2581
2013,02,3,5,11.605
2013,02,3,6,11.453299999999999
2013,02,3,7,10.870899999999999
2013,02,4,0,9.592450000000001
2013,02,4,1,10.843399999999999
2013,02,4,2,10.325700000000001
2013,02,4,3,9.81289
2013,02,4,4,8.69612
2013,02,4,5,6.750430000000001
2013,02,4,6,5.452649999999999
2013,02,4,7,4.64191
2013,02,5,0,4.5201899999999995
2013,02,5,1,5.09641
2013,02,5,2,4.94704
2013,02,5,3,5.51221
2013,02,5,4,6.56752
2013,02,5,5,6.98447
2013,02,5,6,7.5452200000000005
2013,02,5,7,7.63921
2013,02,6,0,7.111140000000001
2013,02,6,1,7.17891
2013,02,6,2,7.42159
2013,02,6,3,6.46577
2013,02,6,4,4.29754
2013,02,6,5,5.11521
2013,02,6,6,5.11857
2013,02,6,7,5.35676
2013,02,7,0,6.9304
2013,02,7,1,7.65331
2013,02,7,2,7.08665
2013,02,7,3,6.90209
2013,02,7,4,7.0028999999999995
2013,02,7,5,7.21688
2013,02,7,6,7.58235
2013,02,7,7,7.49427
2013,02,8,0,7.064310000000001
2013,02,8,1,7.97107
2013,02,8,2,8.33915
2013,02,8,3,8.28232
2013,02,8,4,8.37603
2013,02,8,5,8.78472
2013,02,8,6,8.89794
2013,02,8,7,8.62093
2013,02,9,0,8.30416
2013,02,9,1,7.67613
2013,02,9,2,7.219270000000001
2013,02,9,3,6.51317
2013,02,9,4,6.18325
2013,02,9,5,7.27716
2013,02,9,6,6.533729999999999
2013,02,9,7,6.76354
2013,02,10,0,4.53259
2013,02,10,1,2.76035
2013,02,10,2,2.4932800000000004
2013,02,10,3,2.87715
2013,02,10,4,3.18305
2013,02,10,5,3.20866
2013,02,10,6,3.19834
2013,02,10,7,2.89293
2013,02,11,0,3.18214
2013,02,11,1,3.5983899999999998
2013,02,11,2,4.162520000000001
2013,02,11,3,5.39267
2013,02,11,4,5.1713000000000005
2013,02,11,5,5.3253
2013,02,11,6,5.96859
2013,02,11,7,7.10925
2013,02,12,0,7.83487
2013,02,12,1,6.76818
2013,02,12,2,7.19601
2013,02,12,3,7.6624799999999995
2013,02,12,4,7.87569
2013,02,12,5,7.70162
2013,02,12,6,7.46468
2013,02,12,7,7.33879
2013,02,13,0,7.54401
2013,02,13,1,8.07061
2013,02,13,2,8.566120000000002
2013,02,13,3,8.73307
2013,02,13,4,8.08383
2013,02,13,5,7.82013
2013,02,13,6,7.19262
2013,02,13,7,7.229970000000001
2013,02,14,0,7.7716199999999995
2013,02,14,1,7.84242
2013,02,14,2,7.85412
2013,02,14,3,7.49206
2013,02,14,4,6.88129
2013,02,14,5,6.3130500000000005
2013,02,14,6,6.0341499999999995
2013,02,14,7,5.8798
2013,02,15,0,6.839779999999999
2013,02,15,1,7.4096
2013,02,15,2,6.565600000000001
2013,02,15,3,5.95964
2013,02,15,4,5.8915500000000005
2013,02,15,5,5.30227
2013,02,15,6,5.61772
2013,02,15,7,6.88285
2013,02,16,0,7.6805900000000005
2013,02,16,1,9.339559999999999
2013,02,16,2,11.0411
2013,02,16,3,11.9629
2013,02,16,4,10.132299999999999
2013,02,16,5,7.97191
2013,02,16,6,4.79476
2013,02,16,7,4.19758
2013,02,17,0,5.96836
2013,02,17,1,7.0018199999999995
2013,02,17,2,5.1295
2013,02,17,3,3.9627600000000003
2013,02,17,4,3.52893
2013,02,17,5,2.3634299999999997
2013,02,17,6,2.55663
2013,02,17,7,3.14686
2013,02,18,0,4.3811800000000005
2013,02,18,1,5.53434
2013,02,18,2,6.17148
2013,02,18,3,6.784050000000001
2013,02,18,4,7.08903
2013,02,18,5,6.09078
2013,02,18,6,6.2832799999999995
2013,02,18,7,7.58301
2013,02,19,0,9.251940000000001
2013,02,19,1,11.8945
2013,02,19,2,13.8496
2013,02,19,3,13.3134
2013,02,19,4,10.7116
2013,02,19,5,9.64685
2013,02,19,6,9.54986
2013,02,19,7,10.265
2013,02,20,0,15.3407
2013,02,20,1,13.4099
2013,02,20,2,14.1669
2013,02,20,3,15.3687
2013,02,20,4,14.079
2013,02,20,5,12.2977
2013,02,20,6,12.9734
2013,02,20,7,12.3401
2013,02,21,0,10.1415
2013,02,21,1,5.70057
2013,02,21,2,3.49948
2013,02,21,3,3.10173
2013,02,21,4,2.96148
2013,02,21,5,3.4421999999999997
2013,02,21,6,4.23801
2013,02,21,7,4.9489
2013,02,22,0,6.53194
2013,02,22,1,7.33048
2013,02,22,2,6.56521
2013,02,22,3,4.96186
2013,02,22,4,2.50842
2013,02,22,5,1.44676
2013,02,22,6,1.69838
2013,02,22,7,2.00739
2013,02,23,0,2.79677
2013,02,23,1,3.6495100000000003
2013,02,23,2,3.35491
2013,02,23,3,2.56642
2013,02,23,4,2.4230500000000004
2013,02,23,5,2.4915700000000003
2013,02,23,6,3.47892
2013,02,23,7,4.58441
2013,02,24,0,6.47477
2013,02,24,1,6.9489
2013,02,24,2,6.36653
2013,02,24,3,6.3590100000000005
2013,02,24,4,6.42557
2013,02,24,5,6.4722
2013,02,24,6,6.41825
2013,02,24,7,7.90535
2013,02,25,0,9.069840000000001
2013,02,25,1,8.717270000000001
2013,02,25,2,6.65381
2013,02,25,3,5.49343
2013,02,25,4,5.226649999999999
2013,02,25,5,5.26201
2013,02,25,6,4.9912
2013,02,25,7,5.281560000000001
2013,02,26,0,5.28362
2013,02,26,1,4.5441199999999995
2013,02,26,2,4.02498
2013,02,26,3,3.67324
2013,02,26,4,3.85579
2013,02,26,5,5.38487
2013,02,26,6,6.46786
2013,02,26,7,7.67578
2013,02,27,0,8.26524
2013,02,27,1,7.62121
2013,02,27,2,7.8295200000000005
2013,02,27,3,8.357040000000001
2013,02,27,4,7.2751
2013,02,27,5,7.11733
2013,02,27,6,8.21861
2013,02,27,7,8.440290000000001
2013,02,28,0,8.72298
2013,02,28,1,8.73955
2013,02,28,2,8.49771
2013,02,28,3,8.71676
2013,02,28,4,9.04751
2013,02,28,5,8.99189
2013,02,28,6,8.82878
2013,02,28,7,9.38509
2013,02,29,0,10.883700000000001
2013,02,29,1,12.0558
2013,02,29,2,12.616100000000001
2013,02,29,3,12.633700000000001
2013,02,29,4,11.5709
2013,02,29,5,10.6145
2013,02,29,6,10.3508
2013,02,29,7,9.94075
2013,02,30,0,10.0564
2013,02,30,1,10.218200000000001
2013,02,30,2,9.72218
2013,02,30,3,9.94055
2013,02,30,4,10.7679
2013,02,30,5,11.434
2013,02,30,6,11.901299999999999
2013,02,30,7,12.357700000000001
2013,02,31,0,16.1323
2013,02,31,1,16.737599999999997
2013,02,31,2,9.77583
2013,02,31,3,9.349350000000001
2013,02,31,4,10.9744
2013,02,31,5,9.8741
2013,02,31,6,7.68788
2013,02,31,7,12.177700000000002
2013,02,1,0,8.3297
2013,02,1,1,7.50093
2013,02,1,2,7.22141
2013,02,1,3,7.26529
2013,02,1,4,7.64325
2013,02,1,5,7.592479999999999
2013,02,1,6,7.53117
2013,02,1,7,8.10794
2013,02,2,0,9.16474
2013,02,2,1,13.4238
2013,02,2,2,9.34438
2013,02,2,3,8.091569999999999
2013,02,2,4,7.84057
2013,02,2,5,7.66151
2013,02,2,6,7.80843
2013,02,2,7,8.37209
2013,02,3,0,8.240639999999999
2013,02,3,1,8.23996
2013,02,3,2,8.05726
2013,02,3,3,8.21008
2013,02,3,4,8.501389999999999
2013,02,3,5,8.84492
2013,02,3,6,8.73901
2013,02,3,7,9.51941
2013,02,4,0,10.2127
2013,02,4,1,10.497
2013,02,4,2,10.2949
2013,02,4,3,10.2231
2013,02,4,4,11.8335
2013,02,4,5,11.7552
2013,02,4,6,11.978399999999999
2013,02,4,7,12.4884
2013,02,5,0,11.1884
2013,02,5,1,8.67656
2013,02,5,2,7.64967
2013,02,5,3,7.20366
2013,02,5,4,6.87982
2013,02,5,5,8.33431
2013,02,5,6,8.52875
2013,02,5,7,9.57019
2013,02,6,0,10.681299999999998
2013,02,6,1,10.8001
2013,02,6,2,9.61137
2013,02,6,3,9.331479999999999
2013,02,6,4,9.613790000000002
2013,02,6,5,10.4123
2013,02,6,6,11.7298
2013,02,6,7,11.065
2013,02,7,0,10.4521
2013,02,7,1,10.8285
2013,02,7,2,9.77749
2013,02,7,3,8.15871
2013,02,7,4,6.6857
2013,02,7,5,5.80087
2013,02,7,6,4.50806
2013,02,7,7,4.44837
2013,02,8,0,4.59249
2013,02,8,1,5.54495
2013,02,8,2,4.65141
2013,02,8,3,6.68721
2013,02,8,4,6.31046
2013,02,8,5,7.419689999999999
2013,02,8,6,6.64398
2013,02,8,7,6.2388699999999995
2013,02,9,0,5.4015200000000005
2013,02,9,1,4.4093599999999995
2013,02,9,2,3.89939
2013,02,9,3,4.12446
2013,02,9,4,4.48488
2013,02,9,5,4.838100000000001
2013,02,9,6,3.7464
2013,02,9,7,3.66596
2013,02,10,0,3.4980100000000003
2013,02,10,1,3.4709299999999996
2013,02,10,2,3.56177
2013,02,10,3,4.19909
2013,02,10,4,6.12056
2013,02,10,5,8.13719
2013,02,10,6,7.2262200000000005
2013,02,10,7,5.97702
2013,02,11,0,5.97233
2013,02,11,1,6.5090900000000005
2013,02,11,2,9.048350000000001
2013,02,11,3,9.65469
2013,02,11,4,10.2796
2013,02,11,5,12.3885
2013,02,11,6,12.874
2013,02,11,7,11.9209
2013,02,12,0,10.4365
2013,02,12,1,8.87153
2013,02,12,2,6.74782
2013,02,12,3,4.75662
2013,02,12,4,3.92451
2013,02,12,5,4.08681
2013,02,12,6,4.6715100000000005
2013,02,12,7,6.20909
2013,02,13,0,9.2369
2013,02,13,1,11.0136
2013,02,13,2,11.382700000000002
2013,02,13,3,11.7301
2013,02,13,4,11.8484
2013,02,13,5,10.532399999999999
2013,02,13,6,11.9585
2013,02,13,7,11.4207
2013,02,14,0,10.1372
2013,02,14,1,10.0918
2013,02,14,2,11.0498
2013,02,14,3,11.255
2013,02,14,4,10.370899999999999
2013,02,14,5,8.66659
2013,02,14,6,7.429600000000001
2013,02,14,7,7.405930000000001
2013,02,15,0,6.09855
2013,02,15,1,7.66342
2013,02,15,2,6.03958
2013,02,15,3,4.923220000000001
2013,02,15,4,3.4122399999999997
2013,02,15,5,3.00848
2013,02,15,6,2.2266399999999997
2013,02,15,7,2.65728
2013,02,16,0,2.70628
2013,02,16,1,4.12942
2013,02,16,2,4.47929
2013,02,16,3,5.33126
2013,02,16,4,5.72483
2013,02,16,5,5.19143
2013,02,16,6,4.89945
2013,02,16,7,4.5606800000000005
2013,02,17,0,4.7838400000000005
2013,02,17,1,4.1216
2013,02,17,2,4.14558
2013,02,17,3,4.43651
2013,02,17,4,4.42624
2013,02,17,5,3.94517
2013,02,17,6,3.36379
2013,02,17,7,2.93881
2013,02,18,0,2.75185
2013,02,18,1,2.58687
2013,02,18,2,2.89223
2013,02,18,3,3.20741
2013,02,18,4,3.35604
2013,02,18,5,3.7839099999999997
2013,02,18,6,4.47454
2013,02,18,7,5.07501
2013,02,19,0,5.025810000000001
2013,02,19,1,5.31419
2013,02,19,2,4.50219
2013,02,19,3,5.1077200000000005
2013,02,19,4,5.62462
2013,02,19,5,6.64858
2013,02,19,6,8.459950000000001
2013,02,19,7,9.41705
2013,02,20,0,9.48907
2013,02,20,1,8.58475
2013,02,20,2,7.9107899999999995
2013,02,20,3,7.21798
2013,02,20,4,7.00246
2013,02,20,5,7.37518
2013,02,20,6,6.36702
2013,02,20,7,5.54484
2013,02,21,0,6.24789
2013,02,21,1,6.7033000000000005
2013,02,21,2,6.582520000000001
2013,02,21,3,6.4920100000000005
2013,02,21,4,6.88237
2013,02,21,5,6.31426
2013,02,21,6,5.64541
2013,02,21,7,5.97032
2013,02,22,0,7.10373
2013,02,22,1,8.13808
2013,02,22,2,7.56075
2013,02,22,3,7.06241
2013,02,22,4,8.04453
2013,02,22,5,8.560459999999999
2013,02,22,6,8.477319999999999
2013,02,22,7,8.99532
2013,02,23,0,10.7156
2013,02,23,1,11.877
2013,02,23,2,8.6271
2013,02,23,3,5.82004
2013,02,23,4,3.44606
2013,02,23,5,2.3746
2013,02,23,6,2.2603400000000002
2013,02,23,7,2.18613
2013,02,24,0,4.724069999999999
2013,02,24,1,8.07422
2013,02,24,2,8.52717
2013,02,24,3,6.64651
2013,02,24,4,4.85107
2013,02,24,5,4.16608
2013,02,24,6,3.9517399999999996
2013,02,24,7,4.90109
2013,02,25,0,4.331899999999999
2013,02,25,1,4.28
2013,02,25,2,4.7522
2013,02,25,3,5.59455
2013,02,25,4,6.4238800000000005
2013,02,25,5,6.55528
2013,02,25,6,6.81689
2013,02,25,7,7.44074
2013,02,26,0,9.362350000000001
2013,02,26,1,8.37865
2013,02,26,2,4.64828
2013,02,26,3,4.53146
2013,02,26,4,4.94398
2013,02,26,5,5.02924
2013,02,26,6,4.96872
2013,02,26,7,4.97617
2013,02,27,0,5.4966800000000005
2013,02,27,1,5.94193
2013,02,27,2,5.35874
2013,02,27,3,5.52804
2013,02,27,4,5.33512
2013,02,27,5,5.16886
2013,02,27,6,5.20239
2013,02,27,7,6.385350000000001
2013,02,28,0,5.89763
2013,02,28,1,6.14424
2013,02,28,2,6.3679
2013,02,28,3,6.22097
2013,02,28,4,8.565430000000001
2013,02,28,5,8.620479999999999
2013,02,28,6,8.86109
2013,02,28,7,9.181040000000001
2013,02,29,0,10.1897
2013,02,29,1,12.1629
2013,02,29,2,11.7522
2013,02,29,3,10.322299999999998
2013,02,29,4,10.071399999999999
2013,02,29,5,10.2756
2013,02,29,6,9.98232
2013,02,29,7,10.1138
2013,02,30,0,10.6841
2013,02,30,1,10.8725
2013,02,30,2,12.0933
2013,02,30,3,11.1465
2013,02,30,4,7.90652
2013,02,30,5,7.94412
2013,02,30,6,8.01869
2013,02,30,7,8.77279
2013,02,1,0,9.8453
2013,02,1,1,13.626100000000001
2013,02,1,2,6.25779
2013,02,1,3,5.53642
2013,02,1,4,4.34104
2013,02,1,5,2.9776
2013,02,1,6,2.3721900000000002
2013,02,1,7,2.49443
2013,02,2,0,2.62305
2013,02,2,1,2.49051
2013,02,2,2,2.83719
2013,02,2,3,3.26411
2013,02,2,4,3.3553200000000003
2013,02,2,5,3.42173
2013,02,2,6,3.16756
2013,02,2,7,3.05156
2013,02,3,0,3.18602
2013,02,3,1,3.53607
2013,02,3,2,4.0671100000000004
2013,02,3,3,4.17012
2013,02,3,4,3.9896700000000003
2013,02,3,5,3.89263
2013,02,3,6,4.4658
2013,02,3,7,5.59567
2013,02,4,0,7.61016
2013,02,4,1,7.593520000000001
2013,02,4,2,5.84045
2013,02,4,3,7.0555699999999995
2013,02,4,4,6.72161
2013,02,4,5,7.10855
2013,02,4,6,7.80846
2013,02,4,7,8.5284
2013,02,5,0,9.267
2013,02,5,1,9.90578
2013,02,5,2,9.21245
2013,02,5,3,8.948540000000001
2013,02,5,4,8.45174
2013,02,5,5,8.35443
2013,02,5,6,7.70138
2013,02,5,7,7.7296700000000005
2013,02,6,0,10.264
2013,02,6,1,12.176200000000001
2013,02,6,2,12.4453
2013,02,6,3,12.108600000000001
2013,02,6,4,12.4039
2013,02,6,5,12.6731
2013,02,6,6,12.0486
2013,02,6,7,11.1744
2013,02,7,0,11.938600000000001
2013,02,7,1,12.6799
2013,02,7,2,13.1349
2013,02,7,3,12.6866
2013,02,7,4,12.744399999999999
2013,02,7,5,13.0981
2013,02,7,6,12.8016
2013,02,7,7,11.9547
2013,02,8,0,11.3751
2013,02,8,1,11.665700000000001
2013,02,8,2,12.240200000000002
2013,02,8,3,13.4107
2013,02,8,4,13.7802
2013,02,8,5,13.552100000000001
2013,02,8,6,13.409
2013,02,8,7,13.5479
2013,02,9,0,14.0284
2013,02,9,1,13.7594
2013,02,9,2,12.9566
2013,02,9,3,13.1752
2013,02,9,4,12.7869
2013,02,9,5,12.8098
2013,02,9,6,13.1561
2013,02,9,7,15.207
2013,02,10,0,16.1174
2013,02,10,1,15.1351
2013,02,10,2,13.6558
2013,02,10,3,12.2595
2013,02,10,4,10.6262
2013,02,10,5,9.70773
2013,02,10,6,10.6725
2013,02,10,7,12.0109
2013,02,11,0,13.3174
2013,02,11,1,13.402700000000001
2013,02,11,2,13.0513
2013,02,11,3,12.5743
2013,02,11,4,11.4773
2013,02,11,5,10.7231
2013,02,11,6,11.2605
2013,02,11,7,11.7142
2013,02,12,0,12.4543
2013,02,12,1,13.9542
2013,02,12,2,13.4394
2013,02,12,3,13.1957
2013,02,12,4,12.558200000000001
2013,02,12,5,12.347100000000001
2013,02,12,6,13.0991
2013,02,12,7,14.203700000000001
2013,02,13,0,14.9665
2013,02,13,1,14.509
2013,02,13,2,12.6275
2013,02,13,3,11.5895
2013,02,13,4,9.43666
2013,02,13,5,8.70749
2013,02,13,6,8.707030000000001
2013,02,13,7,10.421899999999999
2013,02,14,0,11.8365
2013,02,14,1,11.752799999999999
2013,02,14,2,10.9746
2013,02,14,3,8.82964
2013,02,14,4,8.20085
2013,02,14,5,9.32943
2013,02,14,6,8.51291
2013,02,14,7,6.54488
2013,02,15,0,7.9031400000000005
2013,02,15,1,15.395299999999999
2013,02,15,2,15.3919
2013,02,15,3,15.6571
2013,02,15,4,13.3865
2013,02,15,5,11.819
2013,02,15,6,9.93791
2013,02,15,7,9.99362
2013,02,16,0,9.664309999999999
2013,02,16,1,8.179260000000001
2013,02,16,2,5.95375
2013,02,16,3,5.6868
2013,02,16,4,10.1953
2013,02,16,5,11.363100000000001
2013,02,16,6,11.303700000000001
2013,02,16,7,11.7611
2013,02,17,0,13.7477
2013,02,17,1,13.9147
2013,02,17,2,13.313600000000001
2013,02,17,3,13.8382
2013,02,17,4,12.392
2013,02,17,5,11.378200000000001
2013,02,17,6,11.1479
2013,02,17,7,10.7651
2013,02,18,0,10.032
2013,02,18,1,10.0694
2013,02,18,2,11.1663
2013,02,18,3,9.96343
2013,02,18,4,8.80721
2013,02,18,5,8.28238
2013,02,18,6,7.6903500000000005
2013,02,18,7,7.97296
2013,02,19,0,8.3911
2013,02,19,1,8.368409999999999
2013,02,19,2,7.9111199999999995
2013,02,19,3,7.71021
2013,02,19,4,7.923970000000001
2013,02,19,5,8.460040000000001
2013,02,19,6,7.11158
2013,02,19,7,6.41078
2013,02,20,0,6.50359
2013,02,20,1,6.340310000000001
2013,02,20,2,6.20097
2013,02,20,3,6.2385399999999995
2013,02,20,4,5.4904399999999995
2013,02,20,5,5.47399
2013,02,20,6,4.602810000000001
2013,02,20,7,7.7089099999999995
2013,02,21,0,5.739109999999999
2013,02,21,1,6.67366
2013,02,21,2,7.7461400000000005
2013,02,21,3,9.01252
2013,02,21,4,9.857190000000001
2013,02,21,5,8.534780000000001
2013,02,21,6,8.02411
2013,02,21,7,9.30416
2013,02,22,0,7.90396
2013,02,22,1,7.0653999999999995
2013,02,22,2,3.61002
2013,02,22,3,2.54706
2013,02,22,4,3.44872
2013,02,22,5,5.3840200000000005
2013,02,22,6,6.93114
2013,02,22,7,6.80393
2013,02,23,0,6.08653
2013,02,23,1,4.2463500000000005
2013,02,23,2,3.86228
2013,02,23,3,3.78784
2013,02,23,4,4.10397
2013,02,23,5,3.9363200000000003
2013,02,23,6,3.11073
2013,02,23,7,2.70751
2013,02,24,0,2.9781500000000003
2013,02,24,1,3.34857
2013,02,24,2,3.75861
2013,02,24,3,3.80261
2013,02,24,4,3.4715
2013,02,24,5,3.4409099999999997
2013,02,24,6,3.78129
2013,02,24,7,4.37771
2013,02,25,0,5.27875
2013,02,25,1,5.69253
2013,02,25,2,5.27871
2013,02,25,3,4.55768
2013,02,25,4,4.36459
2013,02,25,5,4.7305399999999995
2013,02,25,6,4.97191
2013,02,25,7,5.83567
2013,02,26,0,7.14596
2013,02,26,1,8.21442
2013,02,26,2,8.89542
2013,02,26,3,9.116940000000001
2013,02,26,4,9.30618
2013,02,26,5,8.70966
2013,02,26,6,8.10276
2013,02,26,7,8.37732
2013,02,27,0,10.8535
2013,02,27,1,9.8376
2013,02,27,2,9.10987
2013,02,27,3,8.51947
2013,02,27,4,7.45304
2013,02,27,5,6.72358
2013,02,27,6,6.78691
2013,02,27,7,8.15748
2013,02,28,0,12.2949
2013,02,28,1,15.108799999999999
2013,02,28,2,15.174700000000001
2013,02,28,3,14.3246
2013,02,28,4,13.2128
2013,02,28,5,11.0429
2013,02,28,6,8.939950000000001
2013,02,28,7,8.5284
2013,02,29,0,9.5429
2013,02,29,1,9.506950000000002
2013,02,29,2,10.0159
2013,02,29,3,11.0421
2013,02,29,4,12.6616
2013,02,29,5,12.503
2013,02,29,6,12.911700000000002
2013,02,29,7,10.860899999999999
2013,02,30,0,10.0063
2013,02,30,1,8.96119
2013,02,30,2,8.45144
2013,02,30,3,7.78334
2013,02,30,4,8.16281
2013,02,30,5,9.26234
2013,02,30,6,8.773549999999998
2013,02,30,7,8.726959999999998
2013,02,31,0,9.19577
2013,02,31,1,9.02524
2013,02,31,2,8.234350000000001
2013,02,31,3,7.25992
2013,02,31,4,8.606110000000001
2013,02,31,5,9.02802
2013,02,31,6,8.3986
2013,02,31,7,8.10171
2013,02,1,0,7.917949999999999
2013,02,1,1,6.87895
2013,02,1,2,6.27754
2013,02,1,3,6.41131
2013,02,1,4,6.62227
2013,02,1,5,6.962149999999999
2013,02,1,6,7.93446
2013,02,1,7,9.015889999999999
2013,02,2,0,9.851799999999999
2013,02,2,1,10.3392
2013,02,2,2,10.1985
2013,02,2,3,9.724
2013,02,2,4,9.537040000000001
2013,02,2,5,9.51713
2013,02,2,6,9.14514
2013,02,2,7,10.3894
2013,02,3,0,11.158299999999999
2013,02,3,1,11.3226
2013,02,3,2,12.0691
2013,02,3,3,12.5227
2013,02,3,4,12.3047
2013,02,3,5,11.4351
2013,02,3,6,11.0562
2013,02,3,7,12.047
2013,02,4,0,10.999
2013,02,4,1,11.8531
2013,02,4,2,13.357
2013,02,4,3,13.2183
2013,02,4,4,12.8552
2013,02,4,5,14.786200000000001
2013,02,4,6,11.3189
2013,02,4,7,11.9534
2013,02,5,0,12.643799999999999
2013,02,5,1,13.302299999999999
2013,02,5,2,13.908299999999999
2013,02,5,3,13.2231
2013,02,5,4,11.8855
2013,02,5,5,10.433
2013,02,5,6,9.59793
2013,02,5,7,10.0265
2013,02,6,0,10.3045
2013,02,6,1,10.7451
2013,02,6,2,10.4967
2013,02,6,3,10.2755
2013,02,6,4,10.3925
2013,02,6,5,9.89688
2013,02,6,6,9.44767
2013,02,6,7,9.63266
2013,02,7,0,10.757299999999999
2013,02,7,1,11.9028
2013,02,7,2,11.421
2013,02,7,3,10.737
2013,02,7,4,11.0951
2013,02,7,5,11.1522
2013,02,7,6,10.657200000000001
2013,02,7,7,11.072899999999999
2013,02,8,0,11.742899999999999
2013,02,8,1,12.5487
2013,02,8,2,11.4425
2013,02,8,3,10.856
2013,02,8,4,11.5139
2013,02,8,5,11.9687
2013,02,8,6,11.982700000000001
2013,02,8,7,12.318100000000001
2013,02,9,0,12.4939
2013,02,9,1,12.5029
2013,02,9,2,12.1751
2013,02,9,3,12.5519
2013,02,9,4,12.274
2013,02,9,5,13.064200000000001
2013,02,9,6,13.4197
2013,02,9,7,13.2331
2013,02,10,0,10.1279
2013,02,10,1,8.34882
2013,02,10,2,7.4324200000000005
2013,02,10,3,6.18337
2013,02,10,4,5.21533
2013,02,10,5,6.397060000000001
2013,02,10,6,7.00893
2013,02,10,7,8.78708
2013,02,11,0,16.3398
2013,02,11,1,18.890700000000002
2013,02,11,2,16.576700000000002
2013,02,11,3,16.5243
2013,02,11,4,16.5564
2013,02,11,5,17.3413
2013,02,11,6,18.0441
2013,02,11,7,18.705599999999997
2013,02,12,0,15.9772
2013,02,12,1,12.829
2013,02,12,2,10.4108
2013,02,12,3,9.926
2013,02,12,4,9.8107
2013,02,12,5,9.88271
2013,02,12,6,11.8614
2013,02,12,7,12.989600000000001
2013,02,13,0,10.8493
2013,02,13,1,9.66924
2013,02,13,2,7.65097
2013,02,13,3,6.203
2013,02,13,4,5.1613999999999995
2013,02,13,5,3.66854
2013,02,13,6,3.00968
2013,02,13,7,3.1012399999999998
2013,02,14,0,2.5520500000000004
2013,02,14,1,2.5095500000000004
2013,02,14,2,2.62575
2013,02,14,3,4.25462
2013,02,14,4,5.31884
2013,02,14,5,5.31788
2013,02,14,6,4.91617
2013,02,14,7,5.0876
2013,02,15,0,5.54895
2013,02,15,1,4.38222
2013,02,15,2,3.82244
2013,02,15,3,4.03509
2013,02,15,4,4.50578
2013,02,15,5,5.03054
2013,02,15,6,4.78254
2013,02,15,7,5.16384
2013,02,16,0,6.1381499999999996
2013,02,16,1,6.140350000000001
2013,02,16,2,5.63905
2013,02,16,3,5.75264
2013,02,16,4,6.3708800000000005
2013,02,16,5,6.94567
2013,02,16,6,6.672149999999999
2013,02,16,7,7.09154
2013,02,17,0,7.7919
2013,02,17,1,8.03021
2013,02,17,2,8.03292
2013,02,17,3,7.5615
2013,02,17,4,7.72662
2013,02,17,5,7.326
2013,02,17,6,7.22043
2013,02,17,7,8.57534
2013,02,18,0,8.811459999999999
2013,02,18,1,8.428889999999999
2013,02,18,2,7.966189999999999
2013,02,18,3,6.99563
2013,02,18,4,6.56074
2013,02,18,5,6.04162
2013,02,18,6,5.82695
2013,02,18,7,6.37227
2013,02,19,0,6.96212
2013,02,19,1,9.55805
2013,02,19,2,6.97178
2013,02,19,3,3.36644
2013,02,19,4,3.0030900000000003
2013,02,19,5,3.58052
2013,02,19,6,2.60947
2013,02,19,7,3.46014
2013,02,20,0,4.74227
2013,02,20,1,5.09528
2013,02,20,2,5.420439999999999
2013,02,20,3,6.051189999999999
2013,02,20,4,6.2115100000000005
2013,02,20,5,7.420979999999999
2013,02,20,6,6.902229999999999
2013,02,20,7,6.22716
2013,02,21,0,7.35888
2013,02,21,1,6.31833
2013,02,21,2,6.8119700000000005
2013,02,21,3,7.42837
2013,02,21,4,8.14419
2013,02,21,5,9.026729999999999
2013,02,21,6,8.40476
2013,02,21,7,8.05284
2013,02,22,0,8.49814
2013,02,22,1,8.93843
2013,02,22,2,9.59681
2013,02,22,3,10.154399999999999
2013,02,22,4,10.0415
2013,02,22,5,8.81924
2013,02,22,6,8.73401
2013,02,22,7,9.30728
2013,02,23,0,10.135
2013,02,23,1,11.045
2013,02,23,2,11.2994
2013,02,23,3,10.863
2013,02,23,4,10.8765
2013,02,23,5,10.495
2013,02,23,6,11.8649
2013,02,23,7,12.982
2013,02,24,0,15.3909
2013,02,24,1,17.8095
2013,02,24,2,16.9758
2013,02,24,3,16.835900000000002
2013,02,24,4,19.5534
2013,02,24,5,23.014400000000002
2013,02,24,6,25.3161
2013,02,24,7,29.649900000000002
2013,02,25,0,24.459
2013,02,25,1,23.477
2013,02,25,2,22.0661
2013,02,25,3,20.038700000000002
2013,02,25,4,20.4475
2013,02,25,5,21.0595
2013,02,25,6,18.3674
2013,02,25,7,22.974
2013,02,26,0,27.833
2013,02,26,1,19.1815
2013,02,26,2,20.0337
2013,02,26,3,19.7327
2013,02,26,4,19.3818
2013,02,26,5,18.9157
2013,02,26,6,18.4937
2013,02,26,7,18.9449
2013,02,27,0,20.1395
2013,02,27,1,19.862
2013,02,27,2,19.472099999999998
2013,02,27,3,18.266
2013,02,27,4,17.5063
2013,02,27,5,16.9505
2013,02,27,6,15.601299999999998
2013,02,27,7,15.9569
2013,02,28,0,17.2181
2013,02,28,1,20.8484
2013,02,28,2,15.664399999999999
2013,02,28,3,15.9284
2013,02,28,4,17.3536
2013,02,28,5,16.630200000000002
2013,02,28,6,15.6782
2013,02,28,7,15.834200000000001
2013,02,29,0,18.5054
2013,02,29,1,18.9629
2013,02,29,2,18.096700000000002
2013,02,29,3,16.311700000000002
2013,02,29,4,16.834799999999998
2013,02,29,5,17.3262
2013,02,29,6,17.3097
2013,02,29,7,17.5798
2013,02,30,0,18.899900000000002
2013,02,30,1,19.7432
2013,02,30,2,19.0132
2013,02,30,3,16.8699
2013,02,30,4,15.9603
2013,02,30,5,16.5921
2013,02,30,6,17.988400000000002
2013,02,30,7,18.6874
2013,02,1,0,18.904799999999998
2013,02,1,1,18.378
2013,02,1,2,18.416400000000003
2013,02,1,3,18.8797
2013,02,1,4,20.0395
2013,02,1,5,19.5563
2013,02,1,6,21.9769
2013,02,1,7,25.7838
2013,02,2,0,24.603
2013,02,2,1,23.3639
2013,02,2,2,27.0745
2013,02,2,3,33.1782
2013,02,2,4,30.7442
2013,02,2,5,32.888
2013,02,2,6,30.124599999999997
2013,02,2,7,29.1241
2013,02,3,0,26.4778
2013,02,3,1,28.6447
2013,02,3,2,29.196099999999998
2013,02,3,3,28.9593
2013,02,3,4,28.0051
2013,02,3,5,26.725
2013,02,3,6,25.456
2013,02,3,7,25.8936
2013,02,4,0,27.8515
2013,02,4,1,27.9116
2013,02,4,2,31.157799999999998
2013,02,4,3,27.1929
2013,02,4,4,25.4604
2013,02,4,5,26.587799999999998
2013,02,4,6,29.1915
2013,02,4,7,38.7716
2013,02,5,0,29.463099999999997
2013,02,5,1,23.9088
2013,02,5,2,24.4621
2013,02,5,3,26.963
2013,02,5,4,27.876099999999997
2013,02,5,5,26.8631
2013,02,5,6,23.9161
2013,02,5,7,21.938599999999997
2013,02,6,0,19.1998
2013,02,6,1,15.8032
2013,02,6,2,13.9179
2013,02,6,3,11.9975
2013,02,6,4,11.690299999999999
2013,02,6,5,12.6117
2013,02,6,6,13.9828
2013,02,6,7,16.7447
2013,02,7,0,14.8399
2013,02,7,1,12.7769
2013,02,7,2,10.7883
2013,02,7,3,10.9587
2013,02,7,4,11.845
2013,02,7,5,14.012
2013,02,7,6,14.716299999999999
2013,02,7,7,14.6471
2013,02,8,0,13.0726
2013,02,8,1,10.3251
2013,02,8,2,9.76466
2013,02,8,3,9.35833
2013,02,8,4,9.42623
2013,02,8,5,9.489180000000001
2013,02,8,6,10.7013
2013,02,8,7,9.93583
2013,02,9,0,10.957
2013,02,9,1,11.0885
2013,02,9,2,10.7286
2013,02,9,3,9.7437
2013,02,9,4,9.19786
2013,02,9,5,8.95409
2013,02,9,6,8.48392
2013,02,9,7,8.17253
2013,02,10,0,7.8261199999999995
2013,02,10,1,7.33805
2013,02,10,2,7.86489
2013,02,10,3,10.335700000000001
2013,02,10,4,12.0349
2013,02,10,5,12.9677
2013,02,10,6,17.0906
2013,02,10,7,20.6365
2013,02,11,0,23.6691
2013,02,11,1,24.3567
2013,02,11,2,24.407799999999998
2013,02,11,3,26.116
2013,02,11,4,28.6742
2013,02,11,5,36.1147
2013,02,11,6,27.636599999999998
2013,02,11,7,27.4418
2013,02,12,0,24.367
2013,02,12,1,22.595299999999998
2013,02,12,2,20.2408
2013,02,12,3,17.4247
2013,02,12,4,16.5578
2013,02,12,5,17.4413
2013,02,12,6,15.8444
2013,02,12,7,14.712200000000001
2013,02,13,0,13.3003
2013,02,13,1,10.7765
2013,02,13,2,10.0749
2013,02,13,3,11.151200000000001
2013,02,13,4,11.216
2013,02,13,5,10.828700000000001
2013,02,13,6,9.75607
2013,02,13,7,10.4291
2013,02,14,0,12.262
2013,02,14,1,12.6112
2013,02,14,2,12.666
2013,02,14,3,10.587399999999999
2013,02,14,4,9.672270000000001
2013,02,14,5,10.180399999999999
2013,02,14,6,12.4145
2013,02,14,7,17.7074
2013,02,15,0,20.4178
2013,02,15,1,18.2862
2013,02,15,2,16.4183
2013,02,15,3,18.134400000000003
2013,02,15,4,19.359599999999997
2013,02,15,5,19.9112
2013,02,15,6,22.0891
2013,02,15,7,22.720299999999998
2013,02,16,0,21.3947
2013,02,16,1,17.2265
2013,02,16,2,14.2655
2013,02,16,3,14.0549
2013,02,16,4,12.2983
2013,02,16,5,7.91479
2013,02,16,6,5.88747
2013,02,16,7,6.68585
2013,02,17,0,6.12096
2013,02,17,1,6.572229999999999
2013,02,17,2,6.38336
2013,02,17,3,5.753760000000001
2013,02,17,4,5.59825
2013,02,17,5,5.39462
2013,02,17,6,4.991689999999999
2013,02,17,7,4.71457
2013,02,18,0,4.99583
2013,02,18,1,6.220140000000001
2013,02,18,2,5.43276
2013,02,18,3,4.9105
2013,02,18,4,4.87546
2013,02,18,5,4.79957
2013,02,18,6,5.383520000000001
2013,02,18,7,6.13863
2013,02,19,0,6.9927600000000005
2013,02,19,1,7.95865
2013,02,19,2,9.4951
2013,02,19,3,11.326600000000001
2013,02,19,4,14.7842
2013,02,19,5,17.5996
2013,02,19,6,19.651
2013,02,19,7,19.055400000000002
2013,02,20,0,18.077900000000003
2013,02,20,1,16.4345
2013,02,20,2,15.105799999999999
2013,02,20,3,22.5697
2013,02,20,4,22.6643
2013,02,20,5,23.022
2013,02,20,6,24.588900000000002
2013,02,20,7,28.011400000000002
2013,02,21,0,31.907700000000002
2013,02,21,1,27.4642
2013,02,21,2,30.3815
2013,02,21,3,28.506400000000003
2013,02,21,4,25.3782
2013,02,21,5,26.605400000000003
2013,02,21,6,26.801099999999998
2013,02,21,7,31.866400000000002
2013,02,22,0,33.011
2013,02,22,1,33.2465
2013,02,22,2,39.7356
2013,02,22,3,36.152800000000006
2013,02,22,4,33.3714
2013,02,22,5,29.1888
2013,02,22,6,30.594
2013,02,22,7,32.974199999999996
2013,02,23,0,32.2817
2013,02,23,1,30.8327
2013,02,23,2,29.520799999999998
2013,02,23,3,31.8937
2013,02,23,4,32.7587
2013,02,23,5,34.9989
2013,02,23,6,34.6797
2013,02,23,7,37.9882
2013,02,24,0,39.067099999999996
2013,02,24,1,31.548
2013,02,24,2,29.358900000000002
2013,02,24,3,29.1741
2013,02,24,4,26.2736
2013,02,24,5,23.3617
2013,02,24,6,23.676299999999998
2013,02,24,7,25.4565
2013,02,25,0,28.342599999999997
2013,02,25,1,29.4806
2013,02,25,2,35.998599999999996
2013,02,25,3,29.404700000000002
2013,02,25,4,28.4931
2013,02,25,5,28.627
2013,02,25,6,28.5525
2013,02,25,7,28.1132
2013,02,26,0,28.968700000000002
2013,02,26,1,25.171799999999998
2013,02,26,2,24.5517
2013,02,26,3,26.394299999999998
2013,02,26,4,27.755
2013,02,26,5,31.9354
2013,02,26,6,34.409800000000004
2013,02,26,7,38.298199999999994
2013,02,27,0,41.5464
2013,02,27,1,29.4728
2013,02,27,2,27.7886
2013,02,27,3,27.783099999999997
2013,02,27,4,29.733
2013,02,27,5,33.313
2013,02,27,6,36.254400000000004
2013,02,27,7,31.954099999999997
2013,02,28,0,27.2975
2013,02,28,1,23.215799999999998
2013,02,28,2,20.668
2013,02,28,3,19.234099999999998
2013,02,28,4,19.5246
2013,02,28,5,20.4325
2013,02,28,6,22.6554
2013,02,28,7,26.344099999999997
2013,02,29,0,27.8082
2013,02,29,1,23.015900000000002
2013,02,29,2,19.6833
2013,02,29,3,19.6703
2013,02,29,4,19.5105
2013,02,29,5,18.712799999999998
2013,02,29,6,17.8247
2013,02,29,7,17.4716
2013,02,30,0,15.945799999999998
2013,02,30,1,11.4163
2013,02,30,2,9.240639999999999
2013,02,30,3,9.45064
2013,02,30,4,12.8506
2013,02,30,5,14.3
2013,02,30,6,19.2755
2013,02,30,7,20.7838
2013,02,31,0,19.1988
2013,02,31,1,16.3298
2013,02,31,2,15.1272
2013,02,31,3,16.1998
2013,02,31,4,13.9421
2013,02,31,5,12.145700000000001
2013,02,31,6,10.8334
2013,02,31,7,12.093200000000001
2013,02,1,0,10.2808
2013,02,1,1,7.8115
2013,02,1,2,6.73475
2013,02,1,3,5.98946
2013,02,1,4,6.498069999999999
2013,02,1,5,7.32863
2013,02,1,6,7.41629
2013,02,1,7,6.795979999999999
2013,02,2,0,6.24409
2013,02,2,1,6.09403
2013,02,2,2,6.4581
2013,02,2,3,6.27622
2013,02,2,4,5.42759
2013,02,2,5,5.53605
2013,02,2,6,6.04342
2013,02,2,7,6.79507
2013,02,3,0,8.13296
2013,02,3,1,8.30194
2013,02,3,2,7.94525
2013,02,3,3,7.44622
2013,02,3,4,7.09474
2013,02,3,5,7.37918
2013,02,3,6,8.08696
2013,02,3,7,8.13341
2013,02,4,0,7.61237
2013,02,4,1,7.08936
2013,02,4,2,7.032649999999999
2013,02,4,3,6.61052
2013,02,4,4,6.49767
2013,02,4,5,6.51985
2013,02,4,6,6.82112
2013,02,4,7,7.7943500000000006
2013,02,5,0,8.40288
2013,02,5,1,8.53761
2013,02,5,2,9.79347
2013,02,5,3,10.2157
2013,02,5,4,9.673860000000001
2013,02,5,5,8.98708
2013,02,5,6,8.46666
2013,02,5,7,8.1496
2013,02,6,0,7.98792
2013,02,6,1,8.1997
2013,02,6,2,8.97559
2013,02,6,3,9.68886
2013,02,6,4,10.067
2013,02,6,5,9.634319999999999
2013,02,6,6,8.61987
2013,02,6,7,7.671930000000001
2013,02,7,0,9.522200000000002
2013,02,7,1,10.9413
2013,02,7,2,11.7436
2013,02,7,3,10.1301
2013,02,7,4,9.362870000000001
2013,02,7,5,9.25199
2013,02,7,6,9.733979999999999
2013,02,7,7,10.145299999999999
2013,02,8,0,11.2797
2013,02,8,1,11.9681
2013,02,8,2,12.2631
2013,02,8,3,11.923
2013,02,8,4,12.2561
2013,02,8,5,10.5664
2013,02,8,6,10.134799999999998
2013,02,8,7,12.2845
2013,02,9,0,10.5849
2013,02,9,1,10.784
2013,02,9,2,10.546899999999999
2013,02,9,3,10.6063
2013,02,9,4,10.3132
2013,02,9,5,9.480739999999999
2013,02,9,6,8.482059999999999
2013,02,9,7,7.45479
2013,02,10,0,8.68336
2013,02,10,1,9.74706
2013,02,10,2,9.55075
2013,02,10,3,8.9833
2013,02,10,4,8.8375
2013,02,10,5,9.29644
2013,02,10,6,9.31251
2013,02,10,7,9.62869
2013,02,11,0,9.895760000000001
2013,02,11,1,10.7695
2013,02,11,2,10.885299999999999
2013,02,11,3,10.0048
2013,02,11,4,10.2056
2013,02,11,5,10.8535
2013,02,11,6,10.618799999999998
2013,02,11,7,10.4022
2013,02,12,0,11.6217
2013,02,12,1,12.1294
2013,02,12,2,11.0758
2013,02,12,3,10.414100000000001
2013,02,12,4,9.70137
2013,02,12,5,8.77867
2013,02,12,6,8.83544
2013,02,12,7,9.96675
2013,02,13,0,10.822799999999999
2013,02,13,1,10.588700000000001
2013,02,13,2,9.720120000000001
2013,02,13,3,9.40292
2013,02,13,4,9.84732
2013,02,13,5,10.3514
2013,02,13,6,10.004100000000001
2013,02,13,7,9.77575
2013,02,14,0,10.3304
2013,02,14,1,10.3521
2013,02,14,2,10.0396
2013,02,14,3,9.385549999999999
2013,02,14,4,10.7211
2013,02,14,5,8.62185
2013,02,14,6,7.62781
2013,02,14,7,7.50893
2013,02,15,0,7.53543
2013,02,15,1,7.72872
2013,02,15,2,7.102060000000001
2013,02,15,3,6.310569999999999
2013,02,15,4,6.765569999999999
2013,02,15,5,9.397639999999999
2013,02,15,6,12.0637
2013,02,15,7,13.7904
2013,02,16,0,13.2849
2013,02,16,1,11.6359
2013,02,16,2,10.148299999999999
2013,02,16,3,10.073799999999999
2013,02,16,4,12.6975
2013,02,16,5,14.483799999999999
2013,02,16,6,17.8827
2013,02,16,7,23.1635
2013,02,17,0,27.119799999999998
2013,02,17,1,26.8964
2013,02,17,2,21.604599999999998
2013,02,17,3,21.43
2013,02,17,4,21.826400000000003
2013,02,17,5,21.003400000000003
2013,02,17,6,21.830299999999998
2013,02,17,7,21.3944
2013,02,18,0,20.789099999999998
2013,02,18,1,20.861900000000002
2013,02,18,2,19.3032
2013,02,18,3,15.7783
2013,02,18,4,18.3183
2013,02,18,5,19.499599999999997
2013,02,18,6,20.2775
2013,02,18,7,21.6687
2013,02,19,0,24.355700000000002
2013,02,19,1,28.5311
2013,02,19,2,37.099199999999996
2013,02,19,3,26.4176
2013,02,19,4,24.980400000000003
2013,02,19,5,25.1758
2013,02,19,6,23.3659
2013,02,19,7,25.8135
2013,02,20,0,27.1361
2013,02,20,1,27.8499
2013,02,20,2,27.841099999999997
2013,02,20,3,25.1935
2013,02,20,4,24.6995
2013,02,20,5,22.6845
2013,02,20,6,21.189
2013,02,20,7,23.8725
2013,02,21,0,29.177400000000002
2013,02,21,1,24.0243
2013,02,21,2,23.0382
2013,02,21,3,24.159299999999998
2013,02,21,4,23.9573
2013,02,21,5,24.435200000000002
2013,02,21,6,24.9471
2013,02,21,7,24.7329
2013,02,22,0,23.0789
2013,02,22,1,19.6571
2013,02,22,2,16.4117
2013,02,22,3,14.523
2013,02,22,4,15.1303
2013,02,22,5,15.978399999999999
2013,02,22,6,13.9331
2013,02,22,7,13.1424
2013,02,23,0,11.2328
2013,02,23,1,9.915479999999999
2013,02,23,2,8.97993
2013,02,23,3,8.538
2013,02,23,4,8.49617
2013,02,23,5,8.718729999999999
2013,02,23,6,8.815280000000001
2013,02,23,7,8.965860000000001
2013,02,24,0,8.591040000000001
2013,02,24,1,7.79166
2013,02,24,2,7.023479999999999
2013,02,24,3,6.1200600000000005
2013,02,24,4,6.22765
2013,02,24,5,6.686529999999999
2013,02,24,6,6.58623
2013,02,24,7,6.3342600000000004
2013,02,25,0,7.02082
2013,02,25,1,6.95308
2013,02,25,2,7.78037
2013,02,25,3,6.92467
2013,02,25,4,6.80171
2013,02,25,5,7.54049
2013,02,25,6,7.35916
2013,02,25,7,6.827640000000001
2013,02,26,0,8.416799999999999
2013,02,26,1,13.2595
2013,02,26,2,19.791
2013,02,26,3,18.6906
2013,02,26,4,14.7288
2013,02,26,5,12.677299999999999
2013,02,26,6,13.9599
2013,02,26,7,16.055
2013,02,27,0,20.220299999999998
2013,02,27,1,22.861099999999997
2013,02,27,2,22.3684
2013,02,27,3,21.1233
2013,02,27,4,22.935599999999997
2013,02,27,5,25.907
2013,02,27,6,25.6301
2013,02,27,7,27.5772
2013,02,28,0,29.514200000000002
2013,02,28,1,28.804299999999998
2013,02,28,2,24.4727
2013,02,28,3,22.9753
2013,02,28,4,21.727
2013,02,28,5,21.844
2013,02,28,6,22.255599999999998
2013,02,28,7,23.1448
2013,02,29,0,22.5072
2013,02,29,1,21.1435
2013,02,29,2,19.0999
2013,02,29,3,17.0869
2013,02,29,4,16.995900000000002
2013,02,29,5,16.2778
2013,02,29,6,15.460700000000001
2013,02,29,7,18.593700000000002
2013,02,30,0,20.46
2013,02,30,1,20.6462
2013,02,30,2,22.0928
2013,02,30,3,18.3919
2013,02,30,4,17.5995
2013,02,30,5,21.5811
2013,02,30,6,23.6292
2013,02,30,7,25.7713
2013,02,31,0,32.0129
2013,02,31,1,32.4533
2013,02,31,2,30.9621
2013,02,31,3,30.0578
2013,02,31,4,29.5522
2013,02,31,5,29.0392
2013,02,31,6,30.2834
2013,02,31,7,33.112199999999994
2013,02,1,0,35.6004
2013,02,1,1,37.0402
2013,02,1,2,35.6885
2013,02,1,3,35.255300000000005
2013,02,1,4,33.6247
2013,02,1,5,34.183
2013,02,1,6,37.395
2013,02,1,7,37.541
2013,02,2,0,33.255199999999995
2013,02,2,1,33.0911
2013,02,2,2,35.4987
2013,02,2,3,33.13
2013,02,2,4,30.9426
2013,02,2,5,29.6445
2013,02,2,6,26.238400000000002
2013,02,2,7,23.2471
2013,02,3,0,22.9847
2013,02,3,1,24.365299999999998
2013,02,3,2,26.1538
2013,02,3,3,27.1579
2013,02,3,4,34.5165
2013,02,3,5,28.5667
2013,02,3,6,28.8178
2013,02,3,7,30.2438
2013,02,4,0,30.5084
2013,02,4,1,29.6075
2013,02,4,2,27.647299999999998
2013,02,4,3,25.2419
2013,02,4,4,24.177400000000002
2013,02,4,5,23.6229
2013,02,4,6,21.5888
2013,02,4,7,20.889599999999998
2013,02,5,0,21.5461
2013,02,5,1,19.5898
2013,02,5,2,17.971400000000003
2013,02,5,3,17.7762
2013,02,5,4,17.2134
2013,02,5,5,20.8592
2013,02,5,6,19.5077
2013,02,5,7,18.22
2013,02,6,0,18.1523
2013,02,6,1,16.2823
2013,02,6,2,12.7575
2013,02,6,3,11.226799999999999
2013,02,6,4,12.5505
2013,02,6,5,13.567200000000001
2013,02,6,6,14.199
2013,02,6,7,15.3676
2013,02,7,0,16.865299999999998
2013,02,7,1,17.249
2013,02,7,2,14.999600000000001
2013,02,7,3,11.376
2013,02,7,4,9.914069999999999
2013,02,7,5,11.460799999999999
2013,02,7,6,12.2814
2013,02,7,7,11.743799999999998
2013,02,8,0,14.1649
2013,02,8,1,17.639200000000002
2013,02,8,2,19.3356
2013,02,8,3,20.0089
2013,02,8,4,19.247
2013,02,8,5,17.758599999999998
2013,02,8,6,17.3843
2013,02,8,7,21.379
2013,02,9,0,26.9121
2013,02,9,1,27.403299999999998
2013,02,9,2,23.6197
2013,02,9,3,21.076
2013,02,9,4,20.851599999999998
2013,02,9,5,19.6662
2013,02,9,6,14.4905
2013,02,9,7,12.7302
2013,02,10,0,12.2077
2013,02,10,1,12.0716
2013,02,10,2,13.922600000000001
2013,02,10,3,15.094700000000001
2013,02,10,4,17.112
2013,02,10,5,17.4984
2013,02,10,6,17.611900000000002
2013,02,10,7,20.125400000000003
2013,02,11,0,22.921400000000002
2013,02,11,1,24.1068
2013,02,11,2,20.642599999999998
2013,02,11,3,20.025299999999998
2013,02,11,4,24.1015
2013,02,11,5,26.0363
2013,02,11,6,24.9188
2013,02,11,7,24.869400000000002
2013,02,12,0,25.7978
2013,02,12,1,25.8164
2013,02,12,2,25.093700000000002
2013,02,12,3,24.031599999999997
2013,02,12,4,25.4468
2013,02,12,5,25.9037
2013,02,12,6,26.421599999999998
2013,02,12,7,27.3443
2013,02,13,0,28.3111
2013,02,13,1,28.8503
2013,02,13,2,27.241400000000002
2013,02,13,3,26.1298
2013,02,13,4,25.4065
2013,02,13,5,23.724400000000003
2013,02,13,6,22.2204
2013,02,13,7,22.1437
2013,02,14,0,23.3182
2013,02,14,1,24.4237
2013,02,14,2,23.5445
2013,02,14,3,23.159
2013,02,14,4,22.7866
2013,02,14,5,23.185299999999998
2013,02,14,6,22.2242
2013,02,14,7,22.0401
2013,02,15,0,23.7742
2013,02,15,1,24.547400000000003
2013,02,15,2,23.5108
2013,02,15,3,21.2439
2013,02,15,4,17.7313
2013,02,15,5,15.0812
2013,02,15,6,12.9192
2013,02,15,7,13.47
2013,02,16,0,13.813600000000001
2013,02,16,1,11.3381
2013,02,16,2,9.295879999999999
2013,02,16,3,9.02084
2013,02,16,4,10.415700000000001
2013,02,16,5,10.6975
2013,02,16,6,11.5224
2013,02,16,7,11.2754
2013,02,17,0,10.4251
2013,02,17,1,9.49966
2013,02,17,2,8.330129999999999
2013,02,17,3,6.80479
2013,02,17,4,6.66843
2013,02,17,5,7.51755
2013,02,17,6,6.6909600000000005
2013,02,17,7,5.90263
2013,02,18,0,6.308529999999999
2013,02,18,1,6.2665299999999995
2013,02,18,2,6.04699
2013,02,18,3,7.03132
2013,02,18,4,8.04202
2013,02,18,5,7.974609999999999
2013,02,18,6,8.06519
2013,02,18,7,6.6665
2013,02,19,0,6.06541
2013,02,19,1,5.79283
2013,02,19,2,5.69295
2013,02,19,3,5.76298
2013,02,19,4,5.871689999999999
2013,02,19,5,6.15445
2013,02,19,6,6.34019
2013,02,19,7,6.10735
2013,02,20,0,6.355020000000001
2013,02,20,1,6.56286
2013,02,20,2,6.69972
2013,02,20,3,6.50328
2013,02,20,4,6.5470299999999995
2013,02,20,5,7.56277
2013,02,20,6,8.03986
2013,02,20,7,8.30977
2013,02,21,0,7.59283
2013,02,21,1,5.75842
2013,02,21,2,5.87986
2013,02,21,3,6.5606
2013,02,21,4,7.267939999999999
2013,02,21,5,8.18873
2013,02,21,6,9.10458
2013,02,21,7,10.1666
2013,02,22,0,12.6631
2013,02,22,1,10.695
2013,02,22,2,9.57988
2013,02,22,3,7.84092
2013,02,22,4,7.544569999999999
2013,02,22,5,10.3885
2013,02,22,6,11.5154
2013,02,22,7,11.558
2013,02,23,0,10.771700000000001
2013,02,23,1,10.1244
2013,02,23,2,8.709100000000001
2013,02,23,3,8.89016
2013,02,23,4,9.15145
2013,02,23,5,9.21298
2013,02,23,6,8.01696
2013,02,23,7,7.49439
2013,02,24,0,8.16278
2013,02,24,1,7.860609999999999
2013,02,24,2,7.97715
2013,02,24,3,7.73024
2013,02,24,4,7.25351
2013,02,24,5,8.63569
2013,02,24,6,10.111
2013,02,24,7,10.155700000000001
2013,02,25,0,9.69627
2013,02,25,1,9.419979999999999
2013,02,25,2,8.188270000000001
2013,02,25,3,6.955760000000001
2013,02,25,4,6.571470000000001
2013,02,25,5,7.1575
2013,02,25,6,4.8038
2013,02,25,7,3.6838800000000003
2013,02,26,0,4.37508
2013,02,26,1,5.731649999999999
2013,02,26,2,6.83728
2013,02,26,3,7.17446
2013,02,26,4,7.26543
2013,02,26,5,8.24251
2013,02,26,6,7.603689999999999
2013,02,26,7,6.151350000000001
2013,02,27,0,7.145989999999999
2013,02,27,1,8.34645
2013,02,27,2,7.30013
2013,02,27,3,6.76458
2013,02,27,4,7.44784
2013,02,27,5,7.3738
2013,02,27,6,6.2001
2013,02,27,7,5.47899
2013,02,28,0,5.72866
2013,02,28,1,6.42206
2013,02,28,2,7.12377
2013,02,28,3,7.51112
2013,02,28,4,7.238359999999999
2013,02,28,5,6.94191
2013,02,28,6,7.07784
2013,02,28,7,7.05034
2013,02,29,0,7.012779999999999
2013,02,29,1,6.61812
2013,02,29,2,6.00232
2013,02,29,3,5.86193
2013,02,29,4,7.03901
2013,02,29,5,8.02191
2013,02,29,6,9.4985
2013,02,29,7,10.1945
2013,02,30,0,9.48042
2013,02,30,1,9.46836
2013,02,30,2,7.968520000000001
2013,02,30,3,6.3152
2013,02,30,4,4.540850000000001
2013,02,30,5,4.81214
2013,02,30,6,6.48354
2013,02,30,7,7.20354
2013,02,1,0,8.0097
2013,02,1,1,8.80646
2013,02,1,2,10.0142
2013,02,1,3,11.8872
2013,02,1,4,12.4075
2013,02,1,5,11.8013
2013,02,1,6,12.632700000000002
2013,02,1,7,14.7895
2013,02,2,0,14.9949
2013,02,2,1,14.5674
2013,02,2,2,14.867899999999999
2013,02,2,3,14.707
2013,02,2,4,13.9991
2013,02,2,5,12.139899999999999
2013,02,2,6,11.0572
2013,02,2,7,9.03305
2013,02,3,0,6.6856
2013,02,3,1,4.83343
2013,02,3,2,4.7174499999999995
2013,02,3,3,5.34529
2013,02,3,4,6.998489999999999
2013,02,3,5,7.135689999999999
2013,02,3,6,5.50131
2013,02,3,7,5.74109
2013,02,4,0,6.10992
2013,02,4,1,4.442159999999999
2013,02,4,2,4.17558
2013,02,4,3,5.44733
2013,02,4,4,6.24207
2013,02,4,5,5.75815
2013,02,4,6,4.38672
2013,02,4,7,3.04646
2013,02,5,0,2.61922
2013,02,5,1,2.76566
2013,02,5,2,3.83642
2013,02,5,3,4.41344
2013,02,5,4,4.58562
2013,02,5,5,4.169479999999999
2013,02,5,6,4.06463
2013,02,5,7,3.66915
2013,02,6,0,3.36025
2013,02,6,1,3.40766
2013,02,6,2,3.71445
2013,02,6,3,3.7159400000000002
2013,02,6,4,3.72853
2013,02,6,5,3.85346
2013,02,6,6,3.67301
2013,02,6,7,3.13159
2013,02,7,0,3.08017
2013,02,7,1,3.28601
2013,02,7,2,3.29893
2013,02,7,3,3.51176
2013,02,7,4,3.73623
2013,02,7,5,3.6565100000000004
2013,02,7,6,3.96801
2013,02,7,7,4.42454
2013,02,8,0,5.3088500000000005
2013,02,8,1,5.172470000000001
2013,02,8,2,4.76554
2013,02,8,3,5.03971
2013,02,8,4,6.9656400000000005
2013,02,8,5,7.74481
2013,02,8,6,6.105689999999999
2013,02,8,7,5.911
2013,02,9,0,6.63996
2013,02,9,1,7.1316999999999995
2013,02,9,2,7.3584700000000005
2013,02,9,3,7.5461
2013,02,9,4,9.29977
2013,02,9,5,12.1292
2013,02,9,6,13.3072
2013,02,9,7,13.26
2013,02,10,0,13.172600000000001
2013,02,10,1,13.1037
2013,02,10,2,12.408299999999999
2013,02,10,3,12.1359
2013,02,10,4,11.550799999999999
2013,02,10,5,10.6522
2013,02,10,6,10.634799999999998
2013,02,10,7,10.0571
2013,02,11,0,10.6678
2013,02,11,1,10.1009
2013,02,11,2,9.269950000000001
2013,02,11,3,9.306379999999999
2013,02,11,4,9.81833
2013,02,11,5,10.3568
2013,02,11,6,9.71194
2013,02,11,7,9.77896
2013,02,12,0,10.3019
2013,02,12,1,10.718
2013,02,12,2,10.7296
2013,02,12,3,10.3729
2013,02,12,4,9.13101
2013,02,12,5,8.35218
2013,02,12,6,8.61687
2013,02,12,7,8.36293
2013,02,13,0,7.09412
2013,02,13,1,7.021529999999999
2013,02,13,2,6.1353100000000005
2013,02,13,3,6.07781
2013,02,13,4,5.50316
2013,02,13,5,5.847
2013,02,13,6,6.79283
2013,02,13,7,7.47201
2013,02,14,0,7.5245500000000005
2013,02,14,1,7.20359
2013,02,14,2,7.11119
2013,02,14,3,7.6288
2013,02,14,4,7.90375
2013,02,14,5,7.55486
2013,02,14,6,6.40024
2013,02,14,7,5.51119
2013,02,15,0,5.28059
2013,02,15,1,5.024850000000001
2013,02,15,2,4.895020000000001
2013,02,15,3,4.8384
2013,02,15,4,4.8248299999999995
2013,02,15,5,4.82826
2013,02,15,6,4.57418
2013,02,15,7,4.0339
2013,02,16,0,3.7028499999999998
2013,02,16,1,3.65687
2013,02,16,2,4.34658
2013,02,16,3,4.84166
2013,02,16,4,4.68987
2013,02,16,5,4.59871
2013,02,16,6,4.79016
2013,02,16,7,4.99269
2013,02,17,0,5.962899999999999
2013,02,17,1,6.5446800000000005
2013,02,17,2,5.939010000000001
2013,02,17,3,5.98374
2013,02,17,4,6.0948199999999995
2013,02,17,5,5.52714
2013,02,17,6,5.15853
2013,02,17,7,4.81731
2013,02,18,0,5.14989
2013,02,18,1,4.94858
2013,02,18,2,4.80444
2013,02,18,3,4.72796
2013,02,18,4,4.3753
2013,02,18,5,4.634390000000001
2013,02,18,6,4.657850000000001
2013,02,18,7,4.07341
2013,02,19,0,3.81413
2013,02,19,1,3.6606
2013,02,19,2,3.7526599999999997
2013,02,19,3,4.00256
2013,02,19,4,4.3183
2013,02,19,5,4.38884
2013,02,19,6,4.12491
2013,02,19,7,4.07475
2013,02,20,0,4.4378400000000005
2013,02,20,1,4.49233
2013,02,20,2,4.292560000000001
2013,02,20,3,3.9557800000000003
2013,02,20,4,3.47586
2013,02,20,5,3.42664
2013,02,20,6,4.0178400000000005
2013,02,20,7,4.45086
2013,02,21,0,4.974609999999999
2013,02,21,1,5.1355699999999995
2013,02,21,2,4.86287
2013,02,21,3,5.132770000000001
2013,02,21,4,6.3622700000000005
2013,02,21,5,7.0002200000000006
2013,02,21,6,6.66843
2013,02,21,7,6.72179
2013,02,22,0,6.81331
2013,02,22,1,6.92507
2013,02,22,2,7.0364700000000004
2013,02,22,3,7.07665
2013,02,22,4,7.030069999999999
2013,02,22,5,6.978680000000001
2013,02,22,6,6.84148
2013,02,22,7,6.812180000000001
2013,02,23,0,7.01217
2013,02,23,1,6.89873
2013,02,23,2,6.8530299999999995
2013,02,23,3,6.816350000000001
2013,02,23,4,6.95175
2013,02,23,5,7.22705
2013,02,23,6,7.20817
2013,02,23,7,7.3798
2013,02,24,0,7.38785
2013,02,24,1,7.37707
2013,02,24,2,7.6309
2013,02,24,3,7.74525
2013,02,24,4,7.5653500000000005
2013,02,24,5,7.23538
2013,02,24,6,7.006279999999999
2013,02,24,7,7.10051
2013,02,25,0,7.493720000000001
2013,02,25,1,6.94429
2013,02,25,2,6.58958
2013,02,25,3,6.28472
2013,02,25,4,6.64539
2013,02,25,5,7.29579
2013,02,25,6,7.5188500000000005
2013,02,25,7,7.33084
2013,02,26,0,7.9558
2013,02,26,1,8.0935
2013,02,26,2,7.34504
2013,02,26,3,6.47687
2013,02,26,4,6.43468
2013,02,26,5,6.33851
2013,02,26,6,6.12025
2013,02,26,7,6.11741
2013,02,27,0,6.59654
2013,02,27,1,7.11558
2013,02,27,2,7.310020000000001
2013,02,27,3,7.22575
2013,02,27,4,7.404520000000001
2013,02,27,5,8.64727
2013,02,27,6,12.6398
2013,02,27,7,9.026290000000001
2013,02,28,0,6.85037
2013,02,28,1,6.268470000000001
2013,02,28,2,6.68537
2013,02,28,3,4.62863
2013,02,28,4,4.243729999999999
2013,02,28,5,5.9038900000000005
2013,02,28,6,6.89001
2013,02,28,7,8.729299999999999
2013,02,29,0,6.0663800000000005
2013,02,29,1,6.04818
2013,02,29,2,6.350770000000001
2013,02,29,3,7.64378
2013,02,29,4,8.303
2013,02,29,5,8.708350000000001
2013,02,29,6,9.69467
2013,02,29,7,10.458200000000001
2013,02,30,0,11.2249
2013,02,30,1,11.5139
2013,02,30,2,8.14494
2013,02,30,3,5.95573
2013,02,30,4,5.2092600000000004
2013,02,30,5,4.93821
2013,02,30,6,4.740939999999999
2013,02,30,7,4.41713
2013,02,31,0,4.92506
2013,02,31,1,6.09925
2013,02,31,2,7.92834
2013,02,31,3,8.82926
2013,02,31,4,8.09067
2013,02,31,5,7.52372
2013,02,31,6,7.67651
2013,02,31,7,8.11751
2013,02,1,0,7.7956
2013,02,1,1,7.19087
2013,02,1,2,6.9792
2013,02,1,3,6.675520000000001
2013,02,1,4,6.019520000000001
2013,02,1,5,5.367100000000001
2013,02,1,6,6.75622
2013,02,1,7,5.39726
2013,02,2,0,5.631390000000001
2013,02,2,1,5.74437
2013,02,2,2,5.55659
2013,02,2,3,5.045640000000001
2013,02,2,4,4.8103299999999996
2013,02,2,5,4.7248
2013,02,2,6,5.0424
2013,02,2,7,4.97629
2013,02,3,0,5.30317
2013,02,3,1,5.7714300000000005
2013,02,3,2,4.84426
2013,02,3,3,5.31138
2013,02,3,4,6.65583
2013,02,3,5,5.649430000000001
2013,02,3,6,5.30931
2013,02,3,7,4.73074
2013,02,4,0,5.263439999999999
2013,02,4,1,5.300479999999999
2013,02,4,2,6.161029999999999
2013,02,4,3,7.35216
2013,02,4,4,6.70479
2013,02,4,5,5.850239999999999
2013,02,4,6,5.95289
2013,02,4,7,5.95359
2013,02,5,0,4.64737
2013,02,5,1,3.75975
2013,02,5,2,4.02001
2013,02,5,3,3.76413
2013,02,5,4,3.42104
2013,02,5,5,3.23332
2013,02,5,6,4.07536
2013,02,5,7,4.47699
2013,02,6,0,5.183949999999999
2013,02,6,1,6.11403
2013,02,6,2,6.41773
2013,02,6,3,6.7463299999999995
2013,02,6,4,6.96563
2013,02,6,5,8.0828
2013,02,6,6,8.57194
2013,02,6,7,9.05395
2013,02,7,0,9.583450000000001
2013,02,7,1,10.1861
2013,02,7,2,10.4984
2013,02,7,3,11.1547
2013,02,7,4,10.6289
2013,02,7,5,9.353639999999999
2013,02,7,6,8.853860000000001
2013,02,7,7,8.77143
2013,02,8,0,9.27677
2013,02,8,1,10.2277
2013,02,8,2,8.75036
2013,02,8,3,8.28954
2013,02,8,4,7.18558
2013,02,8,5,6.94579
2013,02,8,6,7.67614
2013,02,8,7,7.86932
2013,02,9,0,7.87411
2013,02,9,1,7.9702
2013,02,9,2,7.95535
2013,02,9,3,7.62575
2013,02,9,4,7.383649999999999
2013,02,9,5,7.3301300000000005
2013,02,9,6,7.213310000000001
2013,02,9,7,7.73858
2013,02,10,0,7.67045
2013,02,10,1,7.3733
2013,02,10,2,6.67983
2013,02,10,3,5.749029999999999
2013,02,10,4,5.39297
2013,02,10,5,5.12634
2013,02,10,6,5.418810000000001
2013,02,10,7,6.21225
2013,02,11,0,5.59965
2013,02,11,1,6.37596
2013,02,11,2,6.5368699999999995
2013,02,11,3,6.679819999999999
2013,02,11,4,6.25509
2013,02,11,5,5.96129
2013,02,11,6,5.9287
2013,02,11,7,5.671069999999999
2013,02,12,0,6.44542
2013,02,12,1,6.22938
2013,02,12,2,7.10808
2013,02,12,3,8.00391
2013,02,12,4,9.683209999999999
2013,02,12,5,10.0692
2013,02,12,6,10.3247
2013,02,12,7,10.9837
2013,02,13,0,9.0779
2013,02,13,1,7.48739
2013,02,13,2,7.25145
2013,02,13,3,7.71116
2013,02,13,4,7.719729999999999
2013,02,13,5,7.60559
2013,02,13,6,7.21045
2013,02,13,7,7.40729
2013,02,14,0,7.96372
2013,02,14,1,7.26158
2013,02,14,2,6.36036
2013,02,14,3,6.20638
2013,02,14,4,6.28332
2013,02,14,5,6.55561
2013,02,14,6,6.58227
2013,02,14,7,6.1352
2013,02,15,0,5.8552
2013,02,15,1,5.6916
2013,02,15,2,4.54443
2013,02,15,3,4.22832
2013,02,15,4,5.93921
2013,02,15,5,6.9407700000000006
2013,02,15,6,7.14102
2013,02,15,7,5.89334
2013,02,16,0,5.12947
2013,02,16,1,5.47899
2013,02,16,2,6.61854
2013,02,16,3,7.447430000000001
2013,02,16,4,9.71266
2013,02,16,5,9.64577
2013,02,16,6,9.24878
2013,02,16,7,9.274610000000001
2013,02,17,0,9.21064
2013,02,17,1,8.548680000000001
2013,02,17,2,7.88884
2013,02,17,3,7.41596
2013,02,17,4,7.26531
2013,02,17,5,7.428100000000001
2013,02,17,6,7.42501
2013,02,17,7,7.324479999999999
2013,02,18,0,7.291189999999999
2013,02,18,1,7.4747200000000005
2013,02,18,2,7.63189
2013,02,18,3,7.79282
2013,02,18,4,8.14743
2013,02,18,5,8.8768
2013,02,18,6,9.695739999999999
2013,02,18,7,10.7057
2013,02,19,0,10.8686
2013,02,19,1,11.4206
2013,02,19,2,9.55641
2013,02,19,3,8.73995
2013,02,19,4,11.027299999999999
2013,02,19,5,12.0323
2013,02,19,6,13.5964
2013,02,19,7,14.2584
2013,02,20,0,14.3411
2013,02,20,1,14.5239
2013,02,20,2,15.2856
2013,02,20,3,16.0002
2013,02,20,4,14.677
2013,02,20,5,12.069700000000001
2013,02,20,6,11.5604
2013,02,20,7,11.739
2013,02,21,0,12.1005
2013,02,21,1,12.2367
2013,02,21,2,11.9445
2013,02,21,3,12.1997
2013,02,21,4,12.7304
2013,02,21,5,12.6216
2013,02,21,6,10.181799999999999
2013,02,21,7,9.74309
2013,02,22,0,10.213700000000001
2013,02,22,1,9.62849
2013,02,22,2,9.9146
2013,02,22,3,10.2638
2013,02,22,4,10.008299999999998
2013,02,22,5,9.86133
2013,02,22,6,9.832040000000001
2013,02,22,7,10.4711
2013,02,23,0,11.098799999999999
2013,02,23,1,9.78011
2013,02,23,2,9.58094
2013,02,23,3,14.3321
2013,02,23,4,11.2714
2013,02,23,5,12.3474
2013,02,23,6,11.9625
2013,02,23,7,12.3324
2013,02,24,0,12.576799999999999
2013,02,24,1,12.1868
2013,02,24,2,11.5801
2013,02,24,3,11.233
2013,02,24,4,10.818100000000001
2013,02,24,5,9.02316
2013,02,24,6,8.16178
2013,02,24,7,8.486889999999999
2013,02,25,0,7.8773
2013,02,25,1,6.37514
2013,02,25,2,6.43628
2013,02,25,3,6.71156
2013,02,25,4,3.97902
2013,02,25,5,4.25317
2013,02,25,6,4.18102
2013,02,25,7,5.5134099999999995
2013,02,26,0,5.98117
2013,02,26,1,6.53362
2013,02,26,2,6.92008
2013,02,26,3,6.99279
2013,02,26,4,7.408720000000001
2013,02,26,5,7.402810000000001
2013,02,26,6,7.28053
2013,02,26,7,7.61022
2013,02,27,0,8.01826
2013,02,27,1,8.27418
2013,02,27,2,9.04462
2013,02,27,3,9.877
2013,02,27,4,10.3504
2013,02,27,5,10.029200000000001
2013,02,27,6,9.68528
2013,02,27,7,9.86294
2013,02,28,0,9.828899999999999
2013,02,28,1,9.52284
2013,02,28,2,9.85055
2013,02,28,3,10.0545
2013,02,28,4,9.07906
2013,02,28,5,8.40471
2013,02,28,6,8.09034
2013,02,28,7,8.167810000000001
2013,02,29,0,8.31209
2013,02,29,1,8.781360000000001
2013,02,29,2,9.16379
2013,02,29,3,9.054200000000002
2013,02,29,4,8.86366
2013,02,29,5,8.89245
2013,02,29,6,9.00708
2013,02,29,7,9.05993
2013,02,30,0,8.82751
2013,02,30,1,8.29448
2013,02,30,2,8.27243
2013,02,30,3,7.91763
2013,02,30,4,7.266439999999999
2013,02,30,5,7.47166
2013,02,30,6,7.050260000000001
2013,02,30,7,6.3011
2013,02,1,0,6.24641
2013,02,1,1,6.5968800000000005
2013,02,1,2,6.5178400000000005
2013,02,1,3,6.198
2013,02,1,4,5.51116
2013,02,1,5,5.79926
2013,02,1,6,5.960430000000001
2013,02,1,7,5.93912
2013,02,2,0,6.26864
2013,02,2,1,7.068239999999999
2013,02,2,2,7.70416
2013,02,2,3,5.814640000000001
2013,02,2,4,5.22327
2013,02,2,5,4.84417
2013,02,2,6,4.54212
2013,02,2,7,5.162859999999999
2013,02,3,0,6.41779
2013,02,3,1,6.109319999999999
2013,02,3,2,6.90046
2013,02,3,3,8.65739
2013,02,3,4,13.1586
2013,02,3,5,13.1082
2013,02,3,6,12.488
2013,02,3,7,13.248899999999999
2013,02,4,0,10.5101
2013,02,4,1,6.08976
2013,02,4,2,3.57556
2013,02,4,3,2.69673
2013,02,4,4,2.60446
2013,02,4,5,2.58698
2013,02,4,6,2.5774299999999997
2013,02,4,7,2.8551599999999997
2013,02,5,0,3.21353
2013,02,5,1,2.8025300000000004
2013,02,5,2,2.3657399999999997
2013,02,5,3,2.18035
2013,02,5,4,1.93909
2013,02,5,5,1.84294
2013,02,5,6,1.96367
2013,02,5,7,2.26396
2013,02,6,0,2.72406
2013,02,6,1,2.94995
2013,02,6,2,3.3667
2013,02,6,3,3.70171
2013,02,6,4,3.8630500000000003
2013,02,6,5,3.82132
2013,02,6,6,3.95823
2013,02,6,7,4.436229999999999
2013,02,7,0,4.48933
2013,02,7,1,4.900720000000001
2013,02,7,2,5.31151
2013,02,7,3,5.22189
2013,02,7,4,5.31708
2013,02,7,5,5.7737
2013,02,7,6,3.05106
2013,02,7,7,2.29085
2013,02,8,0,2.36258
2013,02,8,1,2.18891
2013,02,8,2,2.53526
2013,02,8,3,2.93861
2013,02,8,4,3.42174
2013,02,8,5,3.68823
2013,02,8,6,3.58365
2013,02,8,7,2.5485
2013,02,9,0,2.82451
2013,02,9,1,2.4931900000000002
2013,02,9,2,1.91008
2013,02,9,3,1.16263
2013,02,9,4,2.06844
2013,02,9,5,1.68913
2013,02,9,6,1.4221700000000002
2013,02,9,7,1.3849
2013,02,10,0,1.89815
2013,02,10,1,2.06113
2013,02,10,2,2.19578
2013,02,10,3,2.22484
2013,02,10,4,2.4726
2013,02,10,5,2.50998
2013,02,10,6,2.6957199999999997
2013,02,10,7,2.88516
2013,02,11,0,3.16338
2013,02,11,1,3.5941799999999997
2013,02,11,2,4.21201
2013,02,11,3,4.97196
2013,02,11,4,5.3316099999999995
2013,02,11,5,4.9119399999999995
2013,02,11,6,4.5258400000000005
2013,02,11,7,4.29557
2013,02,12,0,4.0559899999999995
2013,02,12,1,4.11972
2013,02,12,2,3.9465100000000004
2013,02,12,3,3.27479
2013,02,12,4,3.5123800000000003
2013,02,12,5,3.46077
2013,02,12,6,3.41314
2013,02,12,7,3.71748
2013,02,13,0,3.92111
2013,02,13,1,3.8159099999999997
2013,02,13,2,3.9628200000000002
2013,02,13,3,4.2171400000000006
2013,02,13,4,3.96586
2013,02,13,5,3.0830900000000003
2013,02,13,6,2.78534
2013,02,13,7,3.4933
2013,02,14,0,4.836069999999999
2013,02,14,1,5.958270000000001
2013,02,14,2,6.22513
2013,02,14,3,5.46266
2013,02,14,4,4.82293
2013,02,14,5,4.230770000000001
2013,02,14,6,4.407430000000001
2013,02,14,7,5.11271
2013,02,15,0,5.73955
2013,02,15,1,5.785810000000001
2013,02,15,2,5.46275
2013,02,15,3,4.85138
2013,02,15,4,4.863390000000001
2013,02,15,5,5.30315
2013,02,15,6,5.02846
2013,02,15,7,4.68224
2013,02,16,0,4.5305
2013,02,16,1,4.815810000000001
2013,02,16,2,4.8055
2013,02,16,3,4.944319999999999
2013,02,16,4,5.01102
2013,02,16,5,5.16498
2013,02,16,6,5.39384
2013,02,16,7,5.44957
2013,02,17,0,5.41688
2013,02,17,1,5.41644
2013,02,17,2,5.04439
2013,02,17,3,4.83126
2013,02,17,4,5.35741
2013,02,17,5,5.8468
2013,02,17,6,6.50666
2013,02,17,7,7.32767
2013,02,18,0,7.71166
2013,02,18,1,6.611020000000001
2013,02,18,2,6.70578
2013,02,18,3,8.868139999999999
2013,02,18,4,9.401219999999999
2013,02,18,5,12.4119
2013,02,18,6,17.2302
2013,02,18,7,11.313600000000001
2013,02,19,0,10.36
2013,02,19,1,9.939
2013,02,19,2,8.38838
2013,02,19,3,7.6052
2013,02,19,4,7.27238
2013,02,19,5,8.59225
2013,02,19,6,10.129
2013,02,19,7,9.97743
2013,02,20,0,8.203790000000001
2013,02,20,1,7.245430000000001
2013,02,20,2,6.8862
2013,02,20,3,5.88185
2013,02,20,4,5.34115
2013,02,20,5,5.10867
2013,02,20,6,5.47779
2013,02,20,7,5.18627
2013,02,21,0,6.81264
2013,02,21,1,8.17665
2013,02,21,2,9.91856
2013,02,21,3,9.44735
2013,02,21,4,7.733770000000001
2013,02,21,5,7.44253
2013,02,21,6,8.585360000000001
2013,02,21,7,7.17815
2013,02,22,0,6.905069999999999
2013,02,22,1,7.059699999999999
2013,02,22,2,6.6640299999999995
2013,02,22,3,5.69197
2013,02,22,4,5.35505
2013,02,22,5,6.19354
2013,02,22,6,7.89672
2013,02,22,7,9.444090000000001
2013,02,23,0,9.93044
2013,02,23,1,9.86857
2013,02,23,2,9.41811
2013,02,23,3,9.03965
2013,02,23,4,9.25375
2013,02,23,5,9.37212
2013,02,23,6,9.51564
2013,02,23,7,9.736360000000001
2013,02,24,0,9.60092
2013,02,24,1,9.17025
2013,02,24,2,8.841190000000001
2013,02,24,3,7.94333
2013,02,24,4,7.00965
2013,02,24,5,9.248959999999999
2013,02,24,6,8.01874
2013,02,24,7,6.78462
2013,02,25,0,5.88346
2013,02,25,1,4.193479999999999
2013,02,25,2,3.77911
2013,02,25,3,3.43016
2013,02,25,4,2.23718
2013,02,25,5,1.99807
2013,02,25,6,2.28973
2013,02,25,7,3.00642
2013,02,26,0,3.03245
2013,02,26,1,2.95492
2013,02,26,2,2.94781
2013,02,26,3,2.68636
2013,02,26,4,2.5178499999999997
2013,02,26,5,2.1115500000000003
2013,02,26,6,1.8086300000000002
2013,02,26,7,2.28223
2013,02,27,0,2.35996
2013,02,27,1,2.04332
2013,02,27,2,1.8817300000000001
2013,02,27,3,1.7987
2013,02,27,4,1.82865
2013,02,27,5,1.91108
2013,02,27,6,2.36857
2013,02,27,7,2.7252199999999998
2013,02,28,0,2.986
2013,02,28,1,3.36847
2013,02,28,2,3.79324
2013,02,28,3,3.4597800000000003
2013,02,28,4,3.47516
2013,02,28,5,2.92763
2013,02,28,6,2.86831
2013,02,28,7,2.9597399999999996
2013,02,29,0,3.5467600000000004
2013,02,29,1,4.14424
2013,02,29,2,4.36954
2013,02,29,3,2.63598
2013,02,29,4,1.74778
2013,02,29,5,1.91001
2013,02,29,6,3.0585500000000003
2013,02,29,7,3.6165100000000003
2013,02,30,0,4.26683
2013,02,30,1,4.20129
2013,02,30,2,4.6021
2013,02,30,3,5.28112
2013,02,30,4,5.47141
2013,02,30,5,4.91986
2013,02,30,6,4.65529
2013,02,30,7,5.08874
2013,02,31,0,5.1435
2013,02,31,1,5.60017
2013,02,31,2,6.2879499999999995
2013,02,31,3,6.80487
2013,02,31,4,6.93975
2013,02,31,5,6.56433
2013,02,31,6,7.64157
2013,02,31,7,8.39517
2014,02,1,0,8.758469999999999
2014,02,1,1,6.964930000000001
2014,02,1,2,5.30039
2014,02,1,3,5.07904
2014,02,1,4,5.81977
2014,02,1,5,7.43109
2014,02,1,6,7.39649
2014,02,1,7,7.17281
2014,02,2,0,7.265350000000001
2014,02,2,1,7.486260000000001
2014,02,2,2,8.00428
2014,02,2,3,8.620959999999998
2014,02,2,4,9.491969999999998
2014,02,2,5,9.58091
2014,02,2,6,9.34211
2014,02,2,7,8.775540000000001
2014,02,3,0,8.29131
2014,02,3,1,7.937729999999999
2014,02,3,2,7.8693
2014,02,3,3,8.09823
2014,02,3,4,8.16097
2014,02,3,5,8.64545
2014,02,3,6,9.14677
2014,02,3,7,8.936350000000001
2014,02,4,0,8.78815
2014,02,4,1,8.58268
2014,02,4,2,8.340459999999998
2014,02,4,3,8.49532
2014,02,4,4,8.02534
2014,02,4,5,7.47528
2014,02,4,6,6.44388
2014,02,4,7,3.95116
2014,02,5,0,2.3607600000000004
2014,02,5,1,1.87069
2014,02,5,2,2.0730500000000003
2014,02,5,3,2.19943
2014,02,5,4,2.4506
2014,02,5,5,2.5688299999999997
2014,02,5,6,2.49919
2014,02,5,7,2.9642600000000003
2014,02,6,0,2.94777
2014,02,6,1,3.07086
2014,02,6,2,3.38544
2014,02,6,3,3.54823
2014,02,6,4,3.46399
2014,02,6,5,3.46003
2014,02,6,6,3.7254899999999997
2014,02,6,7,3.89683
2014,02,7,0,4.80592
2014,02,7,1,5.27813
2014,02,7,2,6.2951999999999995
2014,02,7,3,8.23415
2014,02,7,4,8.01142
2014,02,7,5,7.31104
2014,02,7,6,6.0457399999999994
2014,02,7,7,5.0568599999999995
2014,02,8,0,4.51899
2014,02,8,1,4.12164
2014,02,8,2,4.06535
2014,02,8,3,4.16599
2014,02,8,4,4.27831
2014,02,8,5,4.73188
2014,02,8,6,4.96015
2014,02,8,7,5.68771
2014,02,9,0,7.592149999999999
2014,02,9,1,8.12309
2014,02,9,2,6.03521
2014,02,9,3,5.33083
2014,02,9,4,5.27447
2014,02,9,5,7.01613
2014,02,9,6,8.1591
2014,02,9,7,8.51798
2014,02,10,0,9.59551
2014,02,10,1,9.80044
2014,02,10,2,9.44789
2014,02,10,3,8.445139999999999
2014,02,10,4,7.30971
2014,02,10,5,7.47388
2014,02,10,6,7.56601
2014,02,10,7,8.73717
2014,02,11,0,9.10369
2014,02,11,1,9.01932
2014,02,11,2,8.49902
2014,02,11,3,8.589870000000001
2014,02,11,4,7.81898
2014,02,11,5,6.803319999999999
2014,02,11,6,6.48531
2014,02,11,7,6.46604
2014,02,12,0,11.139299999999999
2014,02,12,1,6.65104
2014,02,12,2,3.84204
2014,02,12,3,3.86754
2014,02,12,4,2.87877
2014,02,12,5,3.61198
2014,02,12,6,5.0665
2014,02,12,7,4.70603
2014,02,13,0,4.7171
2014,02,13,1,4.8719399999999995
2014,02,13,2,4.69567
2014,02,13,3,4.55412
2014,02,13,4,4.54401
2014,02,13,5,4.3565
2014,02,13,6,4.55873
2014,02,13,7,4.49701
2014,02,14,0,3.43692
2014,02,14,1,2.34395
2014,02,14,2,2.66849
2014,02,14,3,3.26423
2014,02,14,4,3.0932399999999998
2014,02,14,5,3.4834
2014,02,14,6,4.330520000000001
2014,02,14,7,4.72075
2014,02,15,0,4.98305
2014,02,15,1,4.971640000000001
2014,02,15,2,5.01823
2014,02,15,3,4.882770000000001
2014,02,15,4,4.69189
2014,02,15,5,4.329
2014,02,15,6,5.2478299999999996
2014,02,15,7,3.88129
2014,02,16,0,4.2044
2014,02,16,1,4.601319999999999
2014,02,16,2,3.8331399999999998
2014,02,16,3,2.2945
2014,02,16,4,1.45143
2014,02,16,5,1.0727
2014,02,16,6,1.85738
2014,02,16,7,3.50493
2014,02,17,0,4.14341
2014,02,17,1,4.16824
2014,02,17,2,4.79481
2014,02,17,3,4.56173
2014,02,17,4,3.7356
2014,02,17,5,3.06109
2014,02,17,6,2.60722
2014,02,17,7,3.0638400000000003
2014,02,18,0,3.1306100000000003
2014,02,18,1,3.1193400000000002
2014,02,18,2,3.00847
2014,02,18,3,3.0249200000000003
2014,02,18,4,3.0075100000000003
2014,02,18,5,3.0692199999999996
2014,02,18,6,2.9738200000000004
2014,02,18,7,2.9349000000000003
2014,02,19,0,2.87777
2014,02,19,1,2.6438099999999998
2014,02,19,2,2.4739
2014,02,19,3,2.47332
2014,02,19,4,2.53236
2014,02,19,5,2.62711
2014,02,19,6,2.67368
2014,02,19,7,2.68914
2014,02,20,0,2.591
2014,02,20,1,2.46948
2014,02,20,2,2.7417800000000003
2014,02,20,3,3.05334
2014,02,20,4,3.35767
2014,02,20,5,3.69936
2014,02,20,6,3.65212
2014,02,20,7,3.68353
2014,02,21,0,3.57053
2014,02,21,1,3.3735399999999998
2014,02,21,2,4.1099
2014,02,21,3,4.7803
2014,02,21,4,4.83405
2014,02,21,5,4.84483
2014,02,21,6,5.2334700000000005
2014,02,21,7,5.14238
2014,02,22,0,5.363989999999999
2014,02,22,1,5.09342
2014,02,22,2,4.82247
2014,02,22,3,4.65621
2014,02,22,4,4.43205
2014,02,22,5,3.3706
2014,02,22,6,2.48397
2014,02,22,7,2.86787
2014,02,23,0,3.30348
2014,02,23,1,4.6942200000000005
2014,02,23,2,5.42061
2014,02,23,3,6.23623
2014,02,23,4,6.8186
2014,02,23,5,6.91518
2014,02,23,6,7.01754
2014,02,23,7,7.87181
2014,02,24,0,8.599530000000001
2014,02,24,1,7.9380500000000005
2014,02,24,2,7.3900500000000005
2014,02,24,3,7.70987
2014,02,24,4,7.44129
2014,02,24,5,7.1261
2014,02,24,6,6.58991
2014,02,24,7,6.80433
2014,02,25,0,6.850149999999999
2014,02,25,1,7.42802
2014,02,25,2,7.59617
2014,02,25,3,7.48158
2014,02,25,4,8.0113
2014,02,25,5,8.34158
2014,02,25,6,8.459610000000001
2014,02,25,7,9.221860000000001
2014,02,26,0,9.23176
2014,02,26,1,8.51033
2014,02,26,2,7.48601
2014,02,26,3,6.933470000000001
2014,02,26,4,7.7011
2014,02,26,5,8.53197
2014,02,26,6,8.905209999999999
2014,02,26,7,8.525889999999999
2014,02,27,0,7.4542600000000006
2014,02,27,1,6.24961
2014,02,27,2,5.6368
2014,02,27,3,4.74324
2014,02,27,4,3.89769
2014,02,27,5,3.8088800000000003
2014,02,27,6,5.43469
2014,02,27,7,6.88036
2014,02,28,0,7.59723
2014,02,28,1,8.81085
2014,02,28,2,10.086200000000002
2014,02,28,3,7.1419
2014,02,28,4,11.366
2014,02,28,5,12.0267
2014,02,28,6,12.4873
2014,02,28,7,13.5442
2014,02,29,0,15.2838
2014,02,29,1,14.1999
2014,02,29,2,13.8817
2014,02,29,3,14.407
2014,02,29,4,12.7531
2014,02,29,5,11.6357
2014,02,29,6,12.417
2014,02,29,7,17.085099999999997
2014,02,30,0,16.417
2014,02,30,1,14.1915
2014,02,30,2,11.835899999999999
2014,02,30,3,12.909600000000001
2014,02,30,4,13.0151
2014,02,30,5,12.9739
2014,02,30,6,12.629299999999999
2014,02,30,7,9.549
2014,02,31,0,6.98307
2014,02,31,1,7.236470000000001
2014,02,31,2,7.89474
2014,02,31,3,8.32124
2014,02,31,4,8.422870000000001
2014,02,31,5,7.71391
2014,02,31,6,6.29892
2014,02,31,7,5.44406
2014,02,1,0,5.11579
2014,02,1,1,4.94705
2014,02,1,2,4.24577
2014,02,1,3,3.8254200000000003
2014,02,1,4,3.55379
2014,02,1,5,3.0895799999999998
2014,02,1,6,2.81196
2014,02,1,7,2.7477199999999997
2014,02,2,0,2.68921
2014,02,2,1,2.65348
2014,02,2,2,2.77893
2014,02,2,3,3.10806
2014,02,2,4,3.47573
2014,02,2,5,4.73252
2014,02,2,6,5.8034799999999995
2014,02,2,7,8.707040000000001
2014,02,3,0,6.71288
2014,02,3,1,6.42931
2014,02,3,2,6.38855
2014,02,3,3,6.11618
2014,02,3,4,5.75067
2014,02,3,5,5.794020000000001
2014,02,3,6,5.534020000000001
2014,02,3,7,5.12932
2014,02,4,0,5.27958
2014,02,4,1,5.47899
2014,02,4,2,5.63791
2014,02,4,3,5.28033
2014,02,4,4,4.8925600000000005
2014,02,4,5,4.68509
2014,02,4,6,4.6860100000000005
2014,02,4,7,4.68436
2014,02,5,0,5.32488
2014,02,5,1,6.078939999999999
2014,02,5,2,6.52323
2014,02,5,3,6.26518
2014,02,5,4,5.37845
2014,02,5,5,4.8563
2014,02,5,6,4.1131400000000005
2014,02,5,7,4.14837
2014,02,6,0,5.26937
2014,02,6,1,6.371689999999999
2014,02,6,2,7.41519
2014,02,6,3,8.24697
2014,02,6,4,8.595120000000001
2014,02,6,5,8.50154
2014,02,6,6,8.67873
2014,02,6,7,9.46516
2014,02,7,0,9.79278
2014,02,7,1,8.67727
2014,02,7,2,6.7709399999999995
2014,02,7,3,5.30833
2014,02,7,4,5.2022200000000005
2014,02,7,5,7.201149999999999
2014,02,7,6,8.2481
2014,02,7,7,10.4125
2014,02,8,0,9.62969
2014,02,8,1,10.239600000000001
2014,02,8,2,10.1431
2014,02,8,3,10.617799999999999
2014,02,8,4,12.3773
2014,02,8,5,13.6929
2014,02,8,6,15.1705
2014,02,8,7,15.7328
2014,02,9,0,16.182299999999998
2014,02,9,1,14.0178
2014,02,9,2,13.0851
2014,02,9,3,12.385299999999999
2014,02,9,4,12.6286
2014,02,9,5,12.710600000000001
2014,02,9,6,13.2271
2014,02,9,7,12.7644
2014,02,10,0,11.8262
2014,02,10,1,11.670399999999999
2014,02,10,2,13.995299999999999
2014,02,10,3,13.7841
2014,02,10,4,9.99883
2014,02,10,5,5.80726
2014,02,10,6,6.82622
2014,02,10,7,7.30435
2014,02,11,0,6.668100000000001
2014,02,11,1,6.85827
2014,02,11,2,6.94592
2014,02,11,3,5.84997
2014,02,11,4,5.5701
2014,02,11,5,5.11187
2014,02,11,6,6.96021
2014,02,11,7,5.42075
2014,02,12,0,8.230450000000001
2014,02,12,1,9.075280000000001
2014,02,12,2,9.64368
2014,02,12,3,11.464799999999999
2014,02,12,4,11.953299999999999
2014,02,12,5,11.410200000000001
2014,02,12,6,11.1585
2014,02,12,7,11.881
2014,02,13,0,12.4075
2014,02,13,1,10.9105
2014,02,13,2,9.84066
2014,02,13,3,8.95376
2014,02,13,4,7.467779999999999
2014,02,13,5,7.6154399999999995
2014,02,13,6,8.10917
2014,02,13,7,8.17742
2014,02,14,0,9.235790000000001
2014,02,14,1,8.952350000000001
2014,02,14,2,8.34905
2014,02,14,3,7.98224
2014,02,14,4,7.09308
2014,02,14,5,5.77674
2014,02,14,6,4.82022
2014,02,14,7,5.05679
2014,02,15,0,5.63056
2014,02,15,1,5.32362
2014,02,15,2,4.432
2014,02,15,3,4.83551
2014,02,15,4,4.9301
2014,02,15,5,4.70591
2014,02,15,6,5.009720000000001
2014,02,15,7,6.53108
2014,02,16,0,8.08471
2014,02,16,1,7.74745
2014,02,16,2,6.9364300000000005
2014,02,16,3,6.13501
2014,02,16,4,6.8456
2014,02,16,5,8.77539
2014,02,16,6,4.26797
2014,02,16,7,2.86025
2014,02,17,0,2.8113699999999997
2014,02,17,1,3.37433
2014,02,17,2,3.78107
2014,02,17,3,3.59132
2014,02,17,4,3.22606
2014,02,17,5,4.43114
2014,02,17,6,4.65053
2014,02,17,7,4.78763
2014,02,18,0,4.15436
2014,02,18,1,4.2446
2014,02,18,2,4.62539
2014,02,18,3,3.7587800000000002
2014,02,18,4,3.7477199999999997
2014,02,18,5,4.17772
2014,02,18,6,5.73179
2014,02,18,7,7.26893
2014,02,19,0,8.27208
2014,02,19,1,9.350280000000001
2014,02,19,2,10.241100000000001
2014,02,19,3,9.78058
2014,02,19,4,6.52979
2014,02,19,5,3.2983000000000002
2014,02,19,6,3.26299
2014,02,19,7,3.75244
2014,02,20,0,4.43098
2014,02,20,1,4.84635
2014,02,20,2,4.69341
2014,02,20,3,4.61023
2014,02,20,4,4.36493
2014,02,20,5,4.67957
2014,02,20,6,5.4192
2014,02,20,7,6.68841
2014,02,21,0,7.76588
2014,02,21,1,8.68609
2014,02,21,2,8.372860000000001
2014,02,21,3,7.359
2014,02,21,4,6.80336
2014,02,21,5,6.34009
2014,02,21,6,6.57379
2014,02,21,7,7.11219
2014,02,22,0,9.010309999999999
2014,02,22,1,7.2442
2014,02,22,2,7.52119
2014,02,22,3,7.24439
2014,02,22,4,6.9068000000000005
2014,02,22,5,6.84491
2014,02,22,6,6.82273
2014,02,22,7,6.380529999999999
2014,02,23,0,6.21048
2014,02,23,1,6.08018
2014,02,23,2,6.10591
2014,02,23,3,6.231520000000001
2014,02,23,4,6.09957
2014,02,23,5,5.6425
2014,02,23,6,5.1951
2014,02,23,7,4.8621300000000005
2014,02,24,0,4.768800000000001
2014,02,24,1,4.54967
2014,02,24,2,4.56037
2014,02,24,3,4.5923
2014,02,24,4,4.39865
2014,02,24,5,4.14919
2014,02,24,6,3.6557
2014,02,24,7,3.48758
2014,02,25,0,3.63509
2014,02,25,1,3.8223499999999997
2014,02,25,2,4.05772
2014,02,25,3,4.1460799999999995
2014,02,25,4,4.420229999999999
2014,02,25,5,4.69777
2014,02,25,6,4.86149
2014,02,25,7,5.414569999999999
2014,02,26,0,6.21073
2014,02,26,1,6.8103299999999996
2014,02,26,2,7.10262
2014,02,26,3,7.842020000000001
2014,02,26,4,9.28498
2014,02,26,5,10.2889
2014,02,26,6,11.8215
2014,02,26,7,12.8043
2014,02,27,0,11.5618
2014,02,27,1,11.4692
2014,02,27,2,13.2746
2014,02,27,3,11.6098
2014,02,27,4,10.5431
2014,02,27,5,5.82445
2014,02,27,6,5.847270000000001
2014,02,27,7,6.0212200000000005
2014,02,28,0,4.85232
2014,02,28,1,4.85466
2014,02,28,2,7.252260000000001
2014,02,28,3,8.82836
2014,02,28,4,14.2516
2014,02,28,5,13.2979
2014,02,28,6,14.4785
2014,02,28,7,13.463799999999999
2014,02,1,0,11.4828
2014,02,1,1,11.416799999999999
2014,02,1,2,8.29128
2014,02,1,3,7.70083
2014,02,1,4,6.9644200000000005
2014,02,1,5,7.4119399999999995
2014,02,1,6,7.94513
2014,02,1,7,8.57343
2014,02,2,0,8.83799
2014,02,2,1,9.17182
2014,02,2,2,9.0459
2014,02,2,3,8.66662
2014,02,2,4,8.17702
2014,02,2,5,8.73562
2014,02,2,6,9.28753
2014,02,2,7,10.8574
2014,02,3,0,11.765799999999999
2014,02,3,1,10.3979
2014,02,3,2,8.91233
2014,02,3,3,8.10611
2014,02,3,4,7.57796
2014,02,3,5,7.60842
2014,02,3,6,7.95279
2014,02,3,7,8.18291
2014,02,4,0,8.403559999999999
2014,02,4,1,8.933549999999999
2014,02,4,2,9.243879999999999
2014,02,4,3,10.7746
2014,02,4,4,16.1337
2014,02,4,5,9.53043
2014,02,4,6,8.31817
2014,02,4,7,7.074
2014,02,5,0,7.4460299999999995
2014,02,5,1,8.0095
2014,02,5,2,7.71576
2014,02,5,3,8.85899
2014,02,5,4,9.17081
2014,02,5,5,9.46312
2014,02,5,6,10.1502
2014,02,5,7,10.9186
2014,02,6,0,11.395
2014,02,6,1,11.936
2014,02,6,2,12.5854
2014,02,6,3,12.236600000000001
2014,02,6,4,14.715399999999999
2014,02,6,5,14.2217
2014,02,6,6,10.110899999999999
2014,02,6,7,6.81933
2014,02,7,0,6.92892
2014,02,7,1,6.41197
2014,02,7,2,6.910010000000001
2014,02,7,3,7.278239999999999
2014,02,7,4,6.65132
2014,02,7,5,5.81025
2014,02,7,6,5.78787
2014,02,7,7,5.287859999999999
2014,02,8,0,4.63968
2014,02,8,1,4.04116
2014,02,8,2,4.06518
2014,02,8,3,4.49814
2014,02,8,4,4.3406400000000005
2014,02,8,5,4.7387
2014,02,8,6,4.3383199999999995
2014,02,8,7,3.7285500000000003
2014,02,9,0,3.91092
2014,02,9,1,4.34541
2014,02,9,2,4.47045
2014,02,9,3,4.99547
2014,02,9,4,5.85939
2014,02,9,5,6.50856
2014,02,9,6,6.65307
2014,02,9,7,7.45939
2014,02,10,0,7.617229999999999
2014,02,10,1,8.16022
2014,02,10,2,7.96624
2014,02,10,3,7.258109999999999
2014,02,10,4,7.95321
2014,02,10,5,6.31474
2014,02,10,6,8.92958
2014,02,10,7,9.350040000000002
2014,02,11,0,4.30487
2014,02,11,1,3.92941
2014,02,11,2,4.74273
2014,02,11,3,4.93222
2014,02,11,4,4.64393
2014,02,11,5,4.44942
2014,02,11,6,4.6691899999999995
2014,02,11,7,4.46845
2014,02,12,0,5.217779999999999
2014,02,12,1,5.41294
2014,02,12,2,5.8347
2014,02,12,3,5.671729999999999
2014,02,12,4,6.04669
2014,02,12,5,5.68983
2014,02,12,6,4.71413
2014,02,12,7,4.4514
2014,02,13,0,4.41525
2014,02,13,1,4.22627
2014,02,13,2,4.1355900000000005
2014,02,13,3,4.482069999999999
2014,02,13,4,4.628220000000001
2014,02,13,5,4.2423
2014,02,13,6,3.93939
2014,02,13,7,4.0480100000000006
2014,02,14,0,3.91166
2014,02,14,1,3.15213
2014,02,14,2,2.7849299999999997
2014,02,14,3,2.74304
2014,02,14,4,3.11626
2014,02,14,5,3.89695
2014,02,14,6,5.05403
2014,02,14,7,6.19555
2014,02,15,0,7.81783
2014,02,15,1,8.34145
2014,02,15,2,6.68513
2014,02,15,3,6.30153
2014,02,15,4,6.2938
2014,02,15,5,5.46046
2014,02,15,6,4.0708899999999995
2014,02,15,7,3.60426
2014,02,16,0,3.71175
2014,02,16,1,3.36594
2014,02,16,2,3.06142
2014,02,16,3,4.10006
2014,02,16,4,4.47448
2014,02,16,5,4.24329
2014,02,16,6,4.34969
2014,02,16,7,4.97637
2014,02,17,0,5.332020000000001
2014,02,17,1,4.9636700000000005
2014,02,17,2,3.67153
2014,02,17,3,3.71415
2014,02,17,4,4.32036
2014,02,17,5,2.22437
2014,02,17,6,2.39223
2014,02,17,7,4.07202
2014,02,18,0,6.34753
2014,02,18,1,4.96643
2014,02,18,2,2.9515
2014,02,18,3,2.47849
2014,02,18,4,2.97479
2014,02,18,5,3.26519
2014,02,18,6,3.7986
2014,02,18,7,4.49696
2014,02,19,0,4.94736
2014,02,19,1,3.90447
2014,02,19,2,3.12534
2014,02,19,3,2.56501
2014,02,19,4,2.7175599999999998
2014,02,19,5,2.6828000000000003
2014,02,19,6,2.99566
2014,02,19,7,3.69895
2014,02,20,0,4.71249
2014,02,20,1,7.70657
2014,02,20,2,5.61531
2014,02,20,3,5.92795
2014,02,20,4,6.41859
2014,02,20,5,6.9023900000000005
2014,02,20,6,7.68116
2014,02,20,7,8.443200000000001
2014,02,21,0,9.23615
2014,02,21,1,8.930860000000001
2014,02,21,2,8.96482
2014,02,21,3,9.2958
2014,02,21,4,9.6725
2014,02,21,5,9.4625
2014,02,21,6,9.73805
2014,02,21,7,12.841700000000001
2014,02,22,0,11.8102
2014,02,22,1,12.0114
2014,02,22,2,10.5106
2014,02,22,3,9.3483
2014,02,22,4,7.77567
2014,02,22,5,6.8786000000000005
2014,02,22,6,6.92553
2014,02,22,7,8.26746
2014,02,23,0,8.36033
2014,02,23,1,8.94424
2014,02,23,2,7.70273
2014,02,23,3,6.42143
2014,02,23,4,5.38575
2014,02,23,5,4.61017
2014,02,23,6,4.89432
2014,02,23,7,5.28293
2014,02,24,0,5.60094
2014,02,24,1,5.277279999999999
2014,02,24,2,4.43552
2014,02,24,3,3.36244
2014,02,24,4,2.5889
2014,02,24,5,5.21609
2014,02,24,6,2.5543299999999998
2014,02,24,7,2.6544299999999996
2014,02,25,0,2.6190700000000002
2014,02,25,1,2.42806
2014,02,25,2,2.4129699999999996
2014,02,25,3,2.47173
2014,02,25,4,2.49497
2014,02,25,5,2.67889
2014,02,25,6,3.4224099999999997
2014,02,25,7,5.9905
2014,02,26,0,8.15584
2014,02,26,1,6.8452
2014,02,26,2,6.03618
2014,02,26,3,7.72823
2014,02,26,4,7.536779999999999
2014,02,26,5,6.9466
2014,02,26,6,6.20196
2014,02,26,7,6.42725
2014,02,27,0,8.784780000000001
2014,02,27,1,9.37242
2014,02,27,2,9.7615
2014,02,27,3,10.498
2014,02,27,4,10.171100000000001
2014,02,27,5,9.29499
2014,02,27,6,9.33295
2014,02,27,7,10.2376
2014,02,28,0,9.95927
2014,02,28,1,10.057
2014,02,28,2,10.1974
2014,02,28,3,9.789959999999999
2014,02,28,4,9.58565
2014,02,28,5,10.651200000000001
2014,02,28,6,9.877600000000001
2014,02,28,7,9.98781
2014,02,29,0,9.497069999999999
2014,02,29,1,7.78374
2014,02,29,2,6.00584
2014,02,29,3,5.79894
2014,02,29,4,5.80529
2014,02,29,5,5.45425
2014,02,29,6,5.16648
2014,02,29,7,4.8406899999999995
2014,02,30,0,5.39993
2014,02,30,1,5.75485
2014,02,30,2,5.41985
2014,02,30,3,5.02567
2014,02,30,4,4.24229
2014,02,30,5,4.06199
2014,02,30,6,3.48413
2014,02,30,7,3.0968299999999997
2014,02,1,0,3.0868
2014,02,1,1,3.15835
2014,02,1,2,3.5915500000000002
2014,02,1,3,4.08694
2014,02,1,4,4.30373
2014,02,1,5,4.37904
2014,02,1,6,4.31277
2014,02,1,7,5.02732
2014,02,2,0,6.23623
2014,02,2,1,6.46884
2014,02,2,2,6.17889
2014,02,2,3,6.17587
2014,02,2,4,7.76872
2014,02,2,5,8.03184
2014,02,2,6,8.01441
2014,02,2,7,10.0909
2014,02,3,0,9.79688
2014,02,3,1,8.85073
2014,02,3,2,7.36012
2014,02,3,3,5.1681099999999995
2014,02,3,4,3.91459
2014,02,3,5,2.95639
2014,02,3,6,2.74228
2014,02,3,7,3.46104
2014,02,4,0,3.98765
2014,02,4,1,5.74729
2014,02,4,2,6.88943
2014,02,4,3,6.8054
2014,02,4,4,6.24946
2014,02,4,5,4.910010000000001
2014,02,4,6,4.65619
2014,02,4,7,7.21936
2014,02,5,0,6.76924
2014,02,5,1,7.63457
2014,02,5,2,7.92308
2014,02,5,3,9.45025
2014,02,5,4,9.90445
2014,02,5,5,9.839649999999999
2014,02,5,6,10.4645
2014,02,5,7,13.152299999999999
2014,02,6,0,8.51566
2014,02,6,1,7.23063
2014,02,6,2,7.274439999999999
2014,02,6,3,8.440809999999999
2014,02,6,4,8.375729999999999
2014,02,6,5,8.0566
2014,02,6,6,7.5979399999999995
2014,02,6,7,8.7072
2014,02,7,0,10.018
2014,02,7,1,9.671479999999999
2014,02,7,2,8.15739
2014,02,7,3,7.04863
2014,02,7,4,6.7556199999999995
2014,02,7,5,7.337350000000001
2014,02,7,6,7.38529
2014,02,7,7,9.87863
2014,02,8,0,10.9613
2014,02,8,1,11.6061
2014,02,8,2,16.806
2014,02,8,3,7.87058
2014,02,8,4,16.8855
2014,02,8,5,9.92502
2014,02,8,6,12.069799999999999
2014,02,8,7,16.920900000000003
2014,02,9,0,14.5969
2014,02,9,1,14.507
2014,02,9,2,14.5516
2014,02,9,3,15.3581
2014,02,9,4,13.7492
2014,02,9,5,9.94948
2014,02,9,6,8.95987
2014,02,9,7,9.550049999999999
2014,02,10,0,11.7804
2014,02,10,1,12.8825
2014,02,10,2,12.268600000000001
2014,02,10,3,11.5899
2014,02,10,4,11.133
2014,02,10,5,10.079
2014,02,10,6,8.472430000000001
2014,02,10,7,7.61879
2014,02,11,0,4.56082
2014,02,11,1,6.693239999999999
2014,02,11,2,5.11696
2014,02,11,3,4.63162
2014,02,11,4,5.08713
2014,02,11,5,4.445819999999999
2014,02,11,6,4.668159999999999
2014,02,11,7,4.42727
2014,02,12,0,4.5383000000000004
2014,02,12,1,4.55989
2014,02,12,2,4.33148
2014,02,12,3,4.45608
2014,02,12,4,4.48414
2014,02,12,5,4.411989999999999
2014,02,12,6,4.23402
2014,02,12,7,4.59985
2014,02,13,0,5.11457
2014,02,13,1,5.0567
2014,02,13,2,5.65404
2014,02,13,3,5.70479
2014,02,13,4,6.2029499999999995
2014,02,13,5,6.790100000000001
2014,02,13,6,6.43712
2014,02,13,7,6.534890000000001
2014,02,14,0,6.31208
2014,02,14,1,5.54164
2014,02,14,2,5.39199
2014,02,14,3,5.25241
2014,02,14,4,4.86293
2014,02,14,5,4.76876
2014,02,14,6,4.80129
2014,02,14,7,5.348859999999999
2014,02,15,0,5.940729999999999
2014,02,15,1,6.2405
2014,02,15,2,6.44925
2014,02,15,3,7.10442
2014,02,15,4,7.41548
2014,02,15,5,6.75282
2014,02,15,6,7.00187
2014,02,15,7,9.12309
2014,02,16,0,10.8801
2014,02,16,1,11.259799999999998
2014,02,16,2,12.694
2014,02,16,3,12.0014
2014,02,16,4,9.99264
2014,02,16,5,8.51036
2014,02,16,6,8.09692
2014,02,16,7,8.040189999999999
2014,02,17,0,8.06893
2014,02,17,1,7.21045
2014,02,17,2,6.1978
2014,02,17,3,6.72683
2014,02,17,4,7.4085600000000005
2014,02,17,5,7.028359999999999
2014,02,17,6,5.660609999999999
2014,02,17,7,6.04305
2014,02,18,0,5.57066
2014,02,18,1,5.036359999999999
2014,02,18,2,6.44211
2014,02,18,3,6.64741
2014,02,18,4,6.31074
2014,02,18,5,5.51875
2014,02,18,6,4.18042
2014,02,18,7,7.5325299999999995
2014,02,19,0,5.224489999999999
2014,02,19,1,5.425140000000001
2014,02,19,2,4.850149999999999
2014,02,19,3,5.41003
2014,02,19,4,6.98973
2014,02,19,5,7.324350000000001
2014,02,19,6,6.70123
2014,02,19,7,6.69241
2014,02,20,0,6.39865
2014,02,20,1,7.1573
2014,02,20,2,6.77517
2014,02,20,3,7.56565
2014,02,20,4,7.33808
2014,02,20,5,7.98417
2014,02,20,6,8.38056
2014,02,20,7,9.974290000000002
2014,02,21,0,12.5589
2014,02,21,1,11.8723
2014,02,21,2,11.84
2014,02,21,3,13.6074
2014,02,21,4,13.581299999999999
2014,02,21,5,12.6381
2014,02,21,6,11.3262
2014,02,21,7,10.5739
2014,02,22,0,13.06
2014,02,22,1,9.59193
2014,02,22,2,10.2432
2014,02,22,3,11.0481
2014,02,22,4,10.968399999999999
2014,02,22,5,11.076799999999999
2014,02,22,6,11.9517
2014,02,22,7,13.1249
2014,02,23,0,11.8248
2014,02,23,1,11.3469
2014,02,23,2,14.0172
2014,02,23,3,9.82961
2014,02,23,4,9.8959
2014,02,23,5,9.31194
2014,02,23,6,10.1199
2014,02,23,7,11.6822
2014,02,24,0,12.458
2014,02,24,1,12.118799999999998
2014,02,24,2,12.129299999999999
2014,02,24,3,12.1811
2014,02,24,4,14.597299999999999
2014,02,24,5,18.041900000000002
2014,02,24,6,18.4462
2014,02,24,7,19.293599999999998
2014,02,25,0,18.9315
2014,02,25,1,18.2228
2014,02,25,2,16.4738
2014,02,25,3,15.8041
2014,02,25,4,16.4267
2014,02,25,5,15.6469
2014,02,25,6,15.0326
2014,02,25,7,15.0861
2014,02,26,0,14.9191
2014,02,26,1,14.2352
2014,02,26,2,13.138200000000001
2014,02,26,3,12.416
2014,02,26,4,12.527899999999999
2014,02,26,5,12.6198
2014,02,26,6,12.2005
2014,02,26,7,12.4978
2014,02,27,0,11.2827
2014,02,27,1,8.659120000000001
2014,02,27,2,6.37301
2014,02,27,3,4.9961899999999995
2014,02,27,4,5.03291
2014,02,27,5,5.7859799999999995
2014,02,27,6,5.819859999999999
2014,02,27,7,6.60126
2014,02,28,0,7.93638
2014,02,28,1,7.1183000000000005
2014,02,28,2,6.45054
2014,02,28,3,4.67078
2014,02,28,4,5.17656
2014,02,28,5,5.85808
2014,02,28,6,6.45399
2014,02,28,7,7.32509
2014,02,29,0,7.27842
2014,02,29,1,6.77029
2014,02,29,2,6.34604
2014,02,29,3,5.06864
2014,02,29,4,4.67285
2014,02,29,5,4.73812
2014,02,29,6,5.147939999999999
2014,02,29,7,5.54904
2014,02,30,0,6.0758
2014,02,30,1,5.32634
2014,02,30,2,4.15044
2014,02,30,3,3.77412
2014,02,30,4,3.6225
2014,02,30,5,3.81413
2014,02,30,6,4.266850000000001
2014,02,30,7,5.896319999999999
2014,02,31,0,6.10051
2014,02,31,1,5.91751
2014,02,31,2,5.672359999999999
2014,02,31,3,5.58471
2014,02,31,4,5.55785
2014,02,31,5,5.09357
2014,02,31,6,4.09324
2014,02,31,7,3.1942
2014,02,1,0,3.06274
2014,02,1,1,3.99461
2014,02,1,2,4.51359
2014,02,1,3,4.3264
2014,02,1,4,4.89956
2014,02,1,5,5.1064799999999995
2014,02,1,6,5.050890000000001
2014,02,1,7,4.98583
2014,02,2,0,5.15459
2014,02,2,1,5.385140000000001
2014,02,2,2,5.05935
2014,02,2,3,4.2280500000000005
2014,02,2,4,3.74696
2014,02,2,5,3.7155
2014,02,2,6,3.70349
2014,02,2,7,4.03635
2014,02,3,0,6.14864
2014,02,3,1,4.49256
2014,02,3,2,4.80679
2014,02,3,3,4.73025
2014,02,3,4,5.83257
2014,02,3,5,6.8079600000000005
2014,02,3,6,6.88868
2014,02,3,7,6.95561
2014,02,4,0,6.52735
2014,02,4,1,5.63125
2014,02,4,2,5.034
2014,02,4,3,4.81237
2014,02,4,4,6.01888
2014,02,4,5,6.0924499999999995
2014,02,4,6,5.57238
2014,02,4,7,5.82796
2014,02,5,0,6.28971
2014,02,5,1,6.08838
2014,02,5,2,6.190510000000001
2014,02,5,3,7.57823
2014,02,5,4,7.62444
2014,02,5,5,7.2954799999999995
2014,02,5,6,7.27938
2014,02,5,7,7.32212
2014,02,6,0,8.07704
2014,02,6,1,9.787180000000001
2014,02,6,2,10.930399999999999
2014,02,6,3,9.39704
2014,02,6,4,8.37314
2014,02,6,5,8.09483
2014,02,6,6,6.99095
2014,02,6,7,6.92544
2014,02,7,0,7.23991
2014,02,7,1,7.04077
2014,02,7,2,7.20411
2014,02,7,3,7.96877
2014,02,7,4,8.81803
2014,02,7,5,9.557
2014,02,7,6,9.786370000000002
2014,02,7,7,9.90342
2014,02,8,0,11.4315
2014,02,8,1,13.9995
2014,02,8,2,14.3762
2014,02,8,3,11.5238
2014,02,8,4,7.64363
2014,02,8,5,6.66317
2014,02,8,6,6.40142
2014,02,8,7,6.5765
2014,02,9,0,7.94617
2014,02,9,1,9.491950000000001
2014,02,9,2,10.145100000000001
2014,02,9,3,10.4297
2014,02,9,4,9.3349
2014,02,9,5,9.38081
2014,02,9,6,9.1865
2014,02,9,7,11.0591
2014,02,10,0,13.2687
2014,02,10,1,13.3051
2014,02,10,2,12.300799999999999
2014,02,10,3,11.473700000000001
2014,02,10,4,11.6588
2014,02,10,5,14.2074
2014,02,10,6,13.5635
2014,02,10,7,13.617700000000001
2014,02,11,0,15.2947
2014,02,11,1,19.1507
2014,02,11,2,20.632
2014,02,11,3,18.6475
2014,02,11,4,17.032700000000002
2014,02,11,5,16.1233
2014,02,11,6,16.1555
2014,02,11,7,18.151400000000002
2014,02,12,0,20.4695
2014,02,12,1,17.2464
2014,02,12,2,13.207
2014,02,12,3,10.5135
2014,02,12,4,9.570379999999998
2014,02,12,5,9.688709999999999
2014,02,12,6,9.15649
2014,02,12,7,8.65793
2014,02,13,0,7.329359999999999
2014,02,13,1,6.73407
2014,02,13,2,4.96207
2014,02,13,3,5.4206199999999995
2014,02,13,4,6.380310000000001
2014,02,13,5,6.112520000000001
2014,02,13,6,4.61271
2014,02,13,7,3.68636
2014,02,14,0,3.77512
2014,02,14,1,4.7075
2014,02,14,2,5.175649999999999
2014,02,14,3,5.58056
2014,02,14,4,6.031890000000001
2014,02,14,5,6.52511
2014,02,14,6,6.2621
2014,02,14,7,7.4158800000000005
2014,02,15,0,8.589229999999999
2014,02,15,1,9.4283
2014,02,15,2,10.3741
2014,02,15,3,10.279399999999999
2014,02,15,4,8.748940000000001
2014,02,15,5,8.56806
2014,02,15,6,10.0967
2014,02,15,7,11.5994
2014,02,16,0,10.297600000000001
2014,02,16,1,9.59336
2014,02,16,2,11.084299999999999
2014,02,16,3,13.008899999999999
2014,02,16,4,14.770100000000001
2014,02,16,5,13.6835
2014,02,16,6,13.7177
2014,02,16,7,15.7155
2014,02,17,0,13.3285
2014,02,17,1,9.97502
2014,02,17,2,8.16578
2014,02,17,3,9.277370000000001
2014,02,17,4,9.55083
2014,02,17,5,9.44991
2014,02,17,6,7.403149999999999
2014,02,17,7,6.158180000000001
2014,02,18,0,6.37782
2014,02,18,1,7.34338
2014,02,18,2,12.6884
2014,02,18,3,6.21934
2014,02,18,4,5.674300000000001
2014,02,18,5,5.63489
2014,02,18,6,6.04191
2014,02,18,7,7.21437
2014,02,19,0,8.12712
2014,02,19,1,8.44551
2014,02,19,2,7.87464
2014,02,19,3,7.33847
2014,02,19,4,6.98761
2014,02,19,5,6.73534
2014,02,19,6,6.5400100000000005
2014,02,19,7,8.607959999999999
2014,02,20,0,7.5090200000000005
2014,02,20,1,7.21459
2014,02,20,2,6.87263
2014,02,20,3,6.28672
2014,02,20,4,6.847090000000001
2014,02,20,5,7.730989999999999
2014,02,20,6,7.76457
2014,02,20,7,8.730709999999998
2014,02,21,0,8.81567
2014,02,21,1,8.415899999999999
2014,02,21,2,8.703809999999999
2014,02,21,3,8.5015
2014,02,21,4,8.5816
2014,02,21,5,9.1919
2014,02,21,6,9.8348
2014,02,21,7,10.955200000000001
2014,02,22,0,10.4167
2014,02,22,1,8.90405
2014,02,22,2,7.98139
2014,02,22,3,7.0645500000000006
2014,02,22,4,6.54528
2014,02,22,5,7.78746
2014,02,22,6,7.87125
2014,02,22,7,7.4939
2014,02,23,0,7.98606
2014,02,23,1,8.539010000000001
2014,02,23,2,8.83543
2014,02,23,3,9.15095
2014,02,23,4,8.768799999999999
2014,02,23,5,8.506260000000001
2014,02,23,6,9.17901
2014,02,23,7,8.67415
2014,02,24,0,9.90475
2014,02,24,1,10.5794
2014,02,24,2,11.158100000000001
2014,02,24,3,11.1723
2014,02,24,4,11.312899999999999
2014,02,24,5,11.431700000000001
2014,02,24,6,10.894
2014,02,24,7,11.0707
2014,02,25,0,11.164399999999999
2014,02,25,1,11.4365
2014,02,25,2,12.6076
2014,02,25,3,14.516200000000001
2014,02,25,4,14.3019
2014,02,25,5,13.4843
2014,02,25,6,11.407200000000001
2014,02,25,7,12.5661
2014,02,26,0,12.514700000000001
2014,02,26,1,12.2179
2014,02,26,2,13.0174
2014,02,26,3,15.524299999999998
2014,02,26,4,15.960700000000001
2014,02,26,5,20.658
2014,02,26,6,19.563299999999998
2014,02,26,7,15.896799999999999
2014,02,27,0,14.6809
2014,02,27,1,14.463700000000001
2014,02,27,2,16.5545
2014,02,27,3,16.2883
2014,02,27,4,14.825700000000001
2014,02,27,5,15.565299999999999
2014,02,27,6,16.821
2014,02,27,7,18.3131
2014,02,28,0,19.0548
2014,02,28,1,18.5025
2014,02,28,2,17.8093
2014,02,28,3,22.2057
2014,02,28,4,13.2363
2014,02,28,5,13.226899999999999
2014,02,28,6,13.334
2014,02,28,7,13.0736
2014,02,29,0,12.8453
2014,02,29,1,12.031
2014,02,29,2,11.2345
2014,02,29,3,10.1046
2014,02,29,4,9.73256
2014,02,29,5,10.3924
2014,02,29,6,11.360100000000001
2014,02,29,7,12.258
2014,02,30,0,13.7304
2014,02,30,1,14.1083
2014,02,30,2,13.863299999999999
2014,02,30,3,12.8237
2014,02,30,4,12.9424
2014,02,30,5,13.171899999999999
2014,02,30,6,12.741100000000001
2014,02,30,7,16.637900000000002
2014,02,1,0,15.305299999999999
2014,02,1,1,16.998
2014,02,1,2,17.631700000000002
2014,02,1,3,15.7946
2014,02,1,4,14.990200000000002
2014,02,1,5,14.6085
2014,02,1,6,13.9862
2014,02,1,7,14.7497
2014,02,2,0,14.7879
2014,02,2,1,10.4323
2014,02,2,2,7.36628
2014,02,2,3,7.38005
2014,02,2,4,8.07956
2014,02,2,5,8.41929
2014,02,2,6,8.54193
2014,02,2,7,9.02002
2014,02,3,0,11.178
2014,02,3,1,10.148100000000001
2014,02,3,2,9.3055
2014,02,3,3,8.93272
2014,02,3,4,10.0198
2014,02,3,5,10.8386
2014,02,3,6,9.96133
2014,02,3,7,10.1259
2014,02,4,0,11.358
2014,02,4,1,11.5431
2014,02,4,2,9.399709999999999
2014,02,4,3,7.27373
2014,02,4,4,6.89696
2014,02,4,5,6.81361
2014,02,4,6,7.76734
2014,02,4,7,9.921040000000001
2014,02,5,0,11.616100000000001
2014,02,5,1,10.7289
2014,02,5,2,10.110100000000001
2014,02,5,3,10.382100000000001
2014,02,5,4,12.0306
2014,02,5,5,14.7756
2014,02,5,6,16.7455
2014,02,5,7,19.314
2014,02,6,0,20.3072
2014,02,6,1,20.9681
2014,02,6,2,21.8602
2014,02,6,3,29.7776
2014,02,6,4,33.131099999999996
2014,02,6,5,31.0232
2014,02,6,6,29.813
2014,02,6,7,28.5028
2014,02,7,0,28.8225
2014,02,7,1,29.5306
2014,02,7,2,29.353
2014,02,7,3,30.823
2014,02,7,4,26.2076
2014,02,7,5,25.3781
2014,02,7,6,26.9653
2014,02,7,7,29.456400000000002
2014,02,8,0,32.0753
2014,02,8,1,33.6506
2014,02,8,2,30.3545
2014,02,8,3,26.5397
2014,02,8,4,25.6235
2014,02,8,5,28.0218
2014,02,8,6,30.363599999999998
2014,02,8,7,30.947200000000002
2014,02,9,0,31.154799999999998
2014,02,9,1,27.8882
2014,02,9,2,24.129
2014,02,9,3,20.991400000000002
2014,02,9,4,21.3323
2014,02,9,5,21.982
2014,02,9,6,21.4012
2014,02,9,7,23.6635
2014,02,10,0,24.8828
2014,02,10,1,23.108900000000002
2014,02,10,2,21.209400000000002
2014,02,10,3,19.315900000000003
2014,02,10,4,23.04
2014,02,10,5,18.535400000000003
2014,02,10,6,19.6859
2014,02,10,7,20.2838
2014,02,11,0,21.3402
2014,02,11,1,19.3038
2014,02,11,2,19.3362
2014,02,11,3,21.921200000000002
2014,02,11,4,23.595
2014,02,11,5,21.279400000000003
2014,02,11,6,19.4611
2014,02,11,7,15.3719
2014,02,12,0,12.3779
2014,02,12,1,11.648700000000002
2014,02,12,2,11.0241
2014,02,12,3,10.5208
2014,02,12,4,10.929200000000002
2014,02,12,5,11.5535
2014,02,12,6,12.4521
2014,02,12,7,11.6431
2014,02,13,0,10.430200000000001
2014,02,13,1,8.767299999999999
2014,02,13,2,9.1486
2014,02,13,3,11.1037
2014,02,13,4,13.5706
2014,02,13,5,15.0806
2014,02,13,6,18.321
2014,02,13,7,22.1828
2014,02,14,0,20.42
2014,02,14,1,17.7353
2014,02,14,2,20.888
2014,02,14,3,27.522
2014,02,14,4,23.6848
2014,02,14,5,23.6928
2014,02,14,6,28.786
2014,02,14,7,38.377199999999995
2014,02,15,0,38.277
2014,02,15,1,38.312599999999996
2014,02,15,2,33.937400000000004
2014,02,15,3,34.1031
2014,02,15,4,33.72
2014,02,15,5,34.237
2014,02,15,6,34.7714
2014,02,15,7,34.526199999999996
2014,02,16,0,32.098099999999995
2014,02,16,1,39.5156
2014,02,16,2,29.188200000000002
2014,02,16,3,29.3014
2014,02,16,4,30.143099999999997
2014,02,16,5,29.3666
2014,02,16,6,29.2752
2014,02,16,7,27.0852
2014,02,17,0,26.1017
2014,02,17,1,25.154400000000003
2014,02,17,2,25.5348
2014,02,17,3,24.8685
2014,02,17,4,23.9898
2014,02,17,5,22.767400000000002
2014,02,17,6,20.784299999999998
2014,02,17,7,17.5295
2014,02,18,0,16.5838
2014,02,18,1,17.858900000000002
2014,02,18,2,17.989900000000002
2014,02,18,3,18.714299999999998
2014,02,18,4,17.792099999999998
2014,02,18,5,15.0006
2014,02,18,6,14.8094
2014,02,18,7,15.7
2014,02,19,0,17.2365
2014,02,19,1,18.8768
2014,02,19,2,19.813
2014,02,19,3,20.1436
2014,02,19,4,22.0947
2014,02,19,5,23.9207
2014,02,19,6,24.5314
2014,02,19,7,25.2299
2014,02,20,0,26.456400000000002
2014,02,20,1,26.305799999999998
2014,02,20,2,27.333299999999998
2014,02,20,3,24.4298
2014,02,20,4,22.5367
2014,02,20,5,22.8977
2014,02,20,6,25.597
2014,02,20,7,27.1496
2014,02,21,0,24.4659
2014,02,21,1,31.8035
2014,02,21,2,22.9806
2014,02,21,3,20.3642
2014,02,21,4,19.7698
2014,02,21,5,19.7598
2014,02,21,6,18.760099999999998
2014,02,21,7,16.7241
2014,02,22,0,16.5947
2014,02,22,1,17.247
2014,02,22,2,17.4955
2014,02,22,3,18.6798
2014,02,22,4,17.5165
2014,02,22,5,15.5211
2014,02,22,6,13.566
2014,02,22,7,12.5291
2014,02,23,0,13.266200000000001
2014,02,23,1,13.2045
2014,02,23,2,11.1471
2014,02,23,3,9.22673
2014,02,23,4,9.742790000000001
2014,02,23,5,11.816799999999999
2014,02,23,6,10.7001
2014,02,23,7,10.8303
2014,02,24,0,10.296700000000001
2014,02,24,1,9.73031
2014,02,24,2,8.757940000000001
2014,02,24,3,9.74952
2014,02,24,4,10.270700000000001
2014,02,24,5,9.929129999999999
2014,02,24,6,9.34707
2014,02,24,7,9.36252
2014,02,25,0,9.88384
2014,02,25,1,9.71934
2014,02,25,2,9.98053
2014,02,25,3,9.115969999999999
2014,02,25,4,9.62109
2014,02,25,5,9.990680000000001
2014,02,25,6,10.0308
2014,02,25,7,10.172
2014,02,26,0,11.3184
2014,02,26,1,12.229899999999999
2014,02,26,2,12.9235
2014,02,26,3,12.7683
2014,02,26,4,13.855
2014,02,26,5,14.5734
2014,02,26,6,13.8639
2014,02,26,7,20.6572
2014,02,27,0,22.571900000000003
2014,02,27,1,22.5667
2014,02,27,2,22.6527
2014,02,27,3,23.419700000000002
2014,02,27,4,23.4512
2014,02,27,5,23.828200000000002
2014,02,27,6,24.4211
2014,02,27,7,28.0243
2014,02,28,0,25.6795
2014,02,28,1,25.7096
2014,02,28,2,28.762
2014,02,28,3,35.856
2014,02,28,4,36.6911
2014,02,28,5,37.603699999999996
2014,02,28,6,35.1752
2014,02,28,7,33.8916
2014,02,29,0,36.0338
2014,02,29,1,37.3882
2014,02,29,2,35.878099999999996
2014,02,29,3,34.338
2014,02,29,4,31.749599999999997
2014,02,29,5,27.4842
2014,02,29,6,24.7276
2014,02,29,7,25.0363
2014,02,30,0,28.4393
2014,02,30,1,30.4064
2014,02,30,2,32.979099999999995
2014,02,30,3,33.7969
2014,02,30,4,32.0675
2014,02,30,5,31.554299999999998
2014,02,30,6,33.5185
2014,02,30,7,34.944
2014,02,31,0,34.167699999999996
2014,02,31,1,25.6975
2014,02,31,2,24.2604
2014,02,31,3,25.337
2014,02,31,4,25.6142
2014,02,31,5,27.8665
2014,02,31,6,26.313299999999998
2014,02,31,7,24.2769
2014,02,1,0,26.980700000000002
2014,02,1,1,29.6814
2014,02,1,2,25.3555
2014,02,1,3,24.614
2014,02,1,4,23.333099999999998
2014,02,1,5,21.023400000000002
2014,02,1,6,21.4679
2014,02,1,7,22.7787
2014,02,2,0,23.9418
2014,02,2,1,24.500700000000002
2014,02,2,2,24.574
2014,02,2,3,22.7942
2014,02,2,4,21.4009
2014,02,2,5,18.9612
2014,02,2,6,20.0877
2014,02,2,7,23.2498
2014,02,3,0,22.2897
2014,02,3,1,18.0556
2014,02,3,2,18.2073
2014,02,3,3,23.8429
2014,02,3,4,28.1191
2014,02,3,5,28.9022
2014,02,3,6,32.4793
2014,02,3,7,33.5478
2014,02,4,0,32.9198
2014,02,4,1,30.8893
2014,02,4,2,28.785
2014,02,4,3,28.1988
2014,02,4,4,27.8111
2014,02,4,5,26.9488
2014,02,4,6,27.1869
2014,02,4,7,28.7213
2014,02,5,0,28.186700000000002
2014,02,5,1,25.316599999999998
2014,02,5,2,23.0153
2014,02,5,3,20.592200000000002
2014,02,5,4,18.614900000000002
2014,02,5,5,18.1028
2014,02,5,6,16.4463
2014,02,5,7,17.5113
2014,02,6,0,18.5133
2014,02,6,1,16.756700000000002
2014,02,6,2,18.252200000000002
2014,02,6,3,18.1286
2014,02,6,4,16.7645
2014,02,6,5,16.0407
2014,02,6,6,15.6446
2014,02,6,7,15.6951
2014,02,7,0,15.9997
2014,02,7,1,14.838700000000001
2014,02,7,2,14.1723
2014,02,7,3,16.5842
2014,02,7,4,16.8305
2014,02,7,5,15.732700000000001
2014,02,7,6,14.805299999999999
2014,02,7,7,14.581299999999999
2014,02,8,0,14.924
2014,02,8,1,17.635099999999998
2014,02,8,2,16.2536
2014,02,8,3,16.7881
2014,02,8,4,15.2685
2014,02,8,5,13.4019
2014,02,8,6,12.2854
2014,02,8,7,13.2231
2014,02,9,0,15.7989
2014,02,9,1,16.4388
2014,02,9,2,16.5121
2014,02,9,3,16.2512
2014,02,9,4,14.8144
2014,02,9,5,13.7911
2014,02,9,6,12.851700000000001
2014,02,9,7,13.348
2014,02,10,0,15.728299999999999
2014,02,10,1,15.927299999999999
2014,02,10,2,13.9781
2014,02,10,3,13.2633
2014,02,10,4,12.7014
2014,02,10,5,12.7414
2014,02,10,6,12.6096
2014,02,10,7,13.7316
2014,02,11,0,16.0517
2014,02,11,1,16.6218
2014,02,11,2,16.4432
2014,02,11,3,20.064
2014,02,11,4,23.9456
2014,02,11,5,26.5122
2014,02,11,6,24.9492
2014,02,11,7,25.8169
2014,02,12,0,26.428900000000002
2014,02,12,1,26.7853
2014,02,12,2,25.908099999999997
2014,02,12,3,24.3737
2014,02,12,4,24.798599999999997
2014,02,12,5,25.389200000000002
2014,02,12,6,24.986099999999997
2014,02,12,7,24.8312
2014,02,13,0,23.7619
2014,02,13,1,22.6196
2014,02,13,2,23.125799999999998
2014,02,13,3,22.0047
2014,02,13,4,19.984099999999998
2014,02,13,5,17.506
2014,02,13,6,17.356900000000003
2014,02,13,7,14.8617
2014,02,14,0,12.538
2014,02,14,1,11.7772
2014,02,14,2,10.7023
2014,02,14,3,9.796850000000001
2014,02,14,4,10.3544
2014,02,14,5,10.0503
2014,02,14,6,10.719299999999999
2014,02,14,7,10.7145
2014,02,15,0,11.1989
2014,02,15,1,10.545
2014,02,15,2,10.6227
2014,02,15,3,11.052200000000001
2014,02,15,4,11.6264
2014,02,15,5,12.2838
2014,02,15,6,11.6093
2014,02,15,7,10.7627
2014,02,16,0,10.1757
2014,02,16,1,9.507729999999999
2014,02,16,2,9.51259
2014,02,16,3,8.84708
2014,02,16,4,8.21239
2014,02,16,5,8.03457
2014,02,16,6,8.11425
2014,02,16,7,8.76624
2014,02,17,0,9.17573
2014,02,17,1,8.31138
2014,02,17,2,7.40454
2014,02,17,3,6.68167
2014,02,17,4,6.80091
2014,02,17,5,7.3855699999999995
2014,02,17,6,8.10191
2014,02,17,7,8.943299999999999
2014,02,18,0,9.99832
2014,02,18,1,9.64359
2014,02,18,2,8.75525
2014,02,18,3,7.2556899999999995
2014,02,18,4,8.80632
2014,02,18,5,11.085600000000001
2014,02,18,6,13.0827
2014,02,18,7,13.5535
2014,02,19,0,12.565100000000001
2014,02,19,1,10.8988
2014,02,19,2,8.27275
2014,02,19,3,6.71329
2014,02,19,4,6.476109999999999
2014,02,19,5,6.50324
2014,02,19,6,7.94751
2014,02,19,7,10.7391
2014,02,20,0,13.6114
2014,02,20,1,15.7235
2014,02,20,2,15.0355
2014,02,20,3,13.6967
2014,02,20,4,12.7866
2014,02,20,5,12.725700000000002
2014,02,20,6,12.2456
2014,02,20,7,12.083
2014,02,21,0,12.572299999999998
2014,02,21,1,14.322799999999999
2014,02,21,2,14.3881
2014,02,21,3,12.8711
2014,02,21,4,13.7778
2014,02,21,5,15.3248
2014,02,21,6,15.1389
2014,02,21,7,15.75
2014,02,22,0,17.0255
2014,02,22,1,19.3575
2014,02,22,2,19.8624
2014,02,22,3,19.2774
2014,02,22,4,19.207
2014,02,22,5,17.347099999999998
2014,02,22,6,15.8351
2014,02,22,7,15.121
2014,02,23,0,13.8393
2014,02,23,1,12.2147
2014,02,23,2,10.8885
2014,02,23,3,9.83083
2014,02,23,4,10.2378
2014,02,23,5,10.9424
2014,02,23,6,11.6005
2014,02,23,7,12.2348
2014,02,24,0,14.072
2014,02,24,1,14.1488
2014,02,24,2,14.3711
2014,02,24,3,13.759799999999998
2014,02,24,4,13.3431
2014,02,24,5,13.9121
2014,02,24,6,13.8817
2014,02,24,7,14.561399999999999
2014,02,25,0,14.899799999999999
2014,02,25,1,13.6676
2014,02,25,2,12.639299999999999
2014,02,25,3,10.6402
2014,02,25,4,10.056
2014,02,25,5,10.315299999999999
2014,02,25,6,10.497200000000001
2014,02,25,7,10.2757
2014,02,26,0,9.69777
2014,02,26,1,11.170200000000001
2014,02,26,2,10.9707
2014,02,26,3,11.6346
2014,02,26,4,12.8308
2014,02,26,5,13.7857
2014,02,26,6,14.145299999999999
2014,02,26,7,14.7885
2014,02,27,0,15.4178
2014,02,27,1,15.289299999999999
2014,02,27,2,15.7451
2014,02,27,3,14.476600000000001
2014,02,27,4,14.354
2014,02,27,5,15.679200000000002
2014,02,27,6,14.4296
2014,02,27,7,13.5385
2014,02,28,0,13.632299999999999
2014,02,28,1,17.188200000000002
2014,02,28,2,19.810299999999998
2014,02,28,3,12.311399999999999
2014,02,28,4,12.9779
2014,02,28,5,13.2684
2014,02,28,6,12.1737
2014,02,28,7,11.568299999999999
2014,02,29,0,12.366100000000001
2014,02,29,1,13.342799999999999
2014,02,29,2,13.036200000000001
2014,02,29,3,11.378200000000001
2014,02,29,4,10.4361
2014,02,29,5,10.7466
2014,02,29,6,10.8439
2014,02,29,7,11.0146
2014,02,30,0,12.245700000000001
2014,02,30,1,12.193299999999999
2014,02,30,2,14.354
2014,02,30,3,16.8673
2014,02,30,4,14.7101
2014,02,30,5,15.6531
2014,02,30,6,16.1497
2014,02,30,7,13.664
2014,02,31,0,10.1582
2014,02,31,1,8.53014
2014,02,31,2,9.72112
2014,02,31,3,8.712200000000001
2014,02,31,4,8.75267
2014,02,31,5,9.81355
2014,02,31,6,9.39876
2014,02,31,7,8.80613
2014,02,1,0,9.06667
2014,02,1,1,9.50766
2014,02,1,2,12.5016
2014,02,1,3,9.66776
2014,02,1,4,10.202200000000001
2014,02,1,5,10.1195
2014,02,1,6,9.86613
2014,02,1,7,9.78162
2014,02,2,0,10.2635
2014,02,2,1,10.757700000000002
2014,02,2,2,11.2919
2014,02,2,3,11.4813
2014,02,2,4,11.257100000000001
2014,02,2,5,10.8247
2014,02,2,6,9.835379999999999
2014,02,2,7,9.73625
2014,02,3,0,10.4296
2014,02,3,1,10.1779
2014,02,3,2,9.651530000000001
2014,02,3,3,8.58444
2014,02,3,4,8.8089
2014,02,3,5,8.806149999999999
2014,02,3,6,9.36143
2014,02,3,7,10.2416
2014,02,4,0,11.6766
2014,02,4,1,12.770100000000001
2014,02,4,2,12.5908
2014,02,4,3,11.6404
2014,02,4,4,10.9429
2014,02,4,5,10.3773
2014,02,4,6,10.3615
2014,02,4,7,11.2871
2014,02,5,0,12.579799999999999
2014,02,5,1,12.7177
2014,02,5,2,11.9104
2014,02,5,3,8.45926
2014,02,5,4,8.05482
2014,02,5,5,8.50282
2014,02,5,6,8.198450000000001
2014,02,5,7,8.12221
2014,02,6,0,8.72259
2014,02,6,1,9.463479999999999
2014,02,6,2,8.53022
2014,02,6,3,7.14553
2014,02,6,4,7.09926
2014,02,6,5,7.85679
2014,02,6,6,10.087299999999999
2014,02,6,7,14.5496
2014,02,7,0,17.3695
2014,02,7,1,16.1843
2014,02,7,2,13.391
2014,02,7,3,10.8851
2014,02,7,4,10.6331
2014,02,7,5,12.2624
2014,02,7,6,14.0823
2014,02,7,7,15.445
2014,02,8,0,15.841299999999999
2014,02,8,1,18.097900000000003
2014,02,8,2,18.4957
2014,02,8,3,21.6233
2014,02,8,4,25.132099999999998
2014,02,8,5,24.3029
2014,02,8,6,22.894
2014,02,8,7,23.2781
2014,02,9,0,21.442
2014,02,9,1,17.0527
2014,02,9,2,11.7233
2014,02,9,3,8.19129
2014,02,9,4,5.09326
2014,02,9,5,4.51157
2014,02,9,6,5.06984
2014,02,9,7,6.50294
2014,02,10,0,7.2697899999999995
2014,02,10,1,7.6301499999999995
2014,02,10,2,7.63795
2014,02,10,3,7.36058
2014,02,10,4,7.13029
2014,02,10,5,6.9133000000000004
2014,02,10,6,7.26154
2014,02,10,7,7.598199999999999
2014,02,11,0,8.14104
2014,02,11,1,8.8788
2014,02,11,2,9.14842
2014,02,11,3,9.45429
2014,02,11,4,9.5903
2014,02,11,5,9.713799999999999
2014,02,11,6,9.497959999999999
2014,02,11,7,9.78542
2014,02,12,0,10.3101
2014,02,12,1,10.466700000000001
2014,02,12,2,10.6269
2014,02,12,3,10.7026
2014,02,12,4,10.437899999999999
2014,02,12,5,10.2492
2014,02,12,6,9.885909999999999
2014,02,12,7,9.912780000000001
2014,02,13,0,10.9254
2014,02,13,1,12.1335
2014,02,13,2,13.1942
2014,02,13,3,13.6608
2014,02,13,4,13.374
2014,02,13,5,13.3039
2014,02,13,6,12.481
2014,02,13,7,14.7341
2014,02,14,0,16.3475
2014,02,14,1,17.636
2014,02,14,2,16.741400000000002
2014,02,14,3,15.3944
2014,02,14,4,15.787700000000001
2014,02,14,5,16.6303
2014,02,14,6,18.0864
2014,02,14,7,21.7407
2014,02,15,0,22.3567
2014,02,15,1,23.517799999999998
2014,02,15,2,23.5768
2014,02,15,3,22.9505
2014,02,15,4,26.4617
2014,02,15,5,27.3748
2014,02,15,6,20.234900000000003
2014,02,15,7,23.501099999999997
2014,02,16,0,23.132099999999998
2014,02,16,1,21.892400000000002
2014,02,16,2,19.9108
2014,02,16,3,18.7916
2014,02,16,4,18.637700000000002
2014,02,16,5,20.206799999999998
2014,02,16,6,21.671799999999998
2014,02,16,7,22.9406
2014,02,17,0,24.2746
2014,02,17,1,25.5173
2014,02,17,2,24.999599999999997
2014,02,17,3,22.7682
2014,02,17,4,22.1992
2014,02,17,5,24.2581
2014,02,17,6,26.5883
2014,02,17,7,27.070700000000002
2014,02,18,0,25.703
2014,02,18,1,20.7548
2014,02,18,2,17.1534
2014,02,18,3,15.5726
2014,02,18,4,13.761899999999999
2014,02,18,5,11.334200000000001
2014,02,18,6,11.9595
2014,02,18,7,13.2742
2014,02,19,0,21.4803
2014,02,19,1,14.7399
2014,02,19,2,16.436799999999998
2014,02,19,3,18.325200000000002
2014,02,19,4,17.455
2014,02,19,5,16.0339
2014,02,19,6,13.568299999999999
2014,02,19,7,12.5767
2014,02,20,0,12.3077
2014,02,20,1,12.4865
2014,02,20,2,12.808200000000001
2014,02,20,3,13.093200000000001
2014,02,20,4,14.092600000000001
2014,02,20,5,15.924100000000001
2014,02,20,6,19.705299999999998
2014,02,20,7,22.5205
2014,02,21,0,21.1655
2014,02,21,1,20.0723
2014,02,21,2,22.4127
2014,02,21,3,23.7497
2014,02,21,4,23.1436
2014,02,21,5,25.7894
2014,02,21,6,24.9745
2014,02,21,7,21.4879
2014,02,22,0,21.2278
2014,02,22,1,20.4183
2014,02,22,2,19.9159
2014,02,22,3,18.9005
2014,02,22,4,17.2595
2014,02,22,5,16.0612
2014,02,22,6,14.5163
2014,02,22,7,12.755
2014,02,23,0,12.1317
2014,02,23,1,12.053799999999999
2014,02,23,2,11.065100000000001
2014,02,23,3,9.76582
2014,02,23,4,9.0585
2014,02,23,5,9.10469
2014,02,23,6,8.743739999999999
2014,02,23,7,8.95391
2014,02,24,0,9.261790000000001
2014,02,24,1,8.460420000000001
2014,02,24,2,7.09544
2014,02,24,3,6.17
2014,02,24,4,5.3438
2014,02,24,5,4.6298699999999995
2014,02,24,6,4.09241
2014,02,24,7,3.67324
2014,02,25,0,4.44257
2014,02,25,1,5.69805
2014,02,25,2,6.2136000000000005
2014,02,25,3,9.057459999999999
2014,02,25,4,10.8851
2014,02,25,5,13.2724
2014,02,25,6,15.5012
2014,02,25,7,16.016
2014,02,26,0,15.078899999999999
2014,02,26,1,13.2695
2014,02,26,2,11.1265
2014,02,26,3,10.6301
2014,02,26,4,9.454979999999999
2014,02,26,5,8.60517
2014,02,26,6,8.17283
2014,02,26,7,7.6111
2014,02,27,0,7.59174
2014,02,27,1,7.75491
2014,02,27,2,7.72358
2014,02,27,3,7.51462
2014,02,27,4,8.03888
2014,02,27,5,10.0838
2014,02,27,6,11.798200000000001
2014,02,27,7,12.399899999999999
2014,02,28,0,12.7369
2014,02,28,1,13.889299999999999
2014,02,28,2,15.148200000000001
2014,02,28,3,16.1358
2014,02,28,4,15.2592
2014,02,28,5,14.8787
2014,02,28,6,14.1429
2014,02,28,7,15.2713
2014,02,29,0,16.1505
2014,02,29,1,17.4696
2014,02,29,2,17.3529
2014,02,29,3,13.6038
2014,02,29,4,12.4251
2014,02,29,5,13.0339
2014,02,29,6,13.2488
2014,02,29,7,11.0107
2014,02,30,0,9.43548
2014,02,30,1,10.2313
2014,02,30,2,11.3115
2014,02,30,3,11.8095
2014,02,30,4,11.377799999999999
2014,02,30,5,12.251700000000001
2014,02,30,6,12.527899999999999
2014,02,30,7,12.053600000000001
2014,02,1,0,11.843399999999999
2014,02,1,1,11.446200000000001
2014,02,1,2,12.8171
2014,02,1,3,12.4336
2014,02,1,4,9.82754
2014,02,1,5,7.73
2014,02,1,6,5.75542
2014,02,1,7,4.11374
2014,02,2,0,3.99615
2014,02,2,1,3.92372
2014,02,2,2,3.95784
2014,02,2,3,4.31366
2014,02,2,4,4.48187
2014,02,2,5,5.09274
2014,02,2,6,5.1985600000000005
2014,02,2,7,4.44367
2014,02,3,0,4.45026
2014,02,3,1,4.2446
2014,02,3,2,4.3157700000000006
2014,02,3,3,4.34525
2014,02,3,4,4.53629
2014,02,3,5,4.83581
2014,02,3,6,5.19978
2014,02,3,7,5.45859
2014,02,4,0,5.4594
2014,02,4,1,5.377680000000001
2014,02,4,2,4.9364300000000005
2014,02,4,3,4.71102
2014,02,4,4,4.98257
2014,02,4,5,5.466189999999999
2014,02,4,6,5.975029999999999
2014,02,4,7,5.5741700000000005
2014,02,5,0,5.42162
2014,02,5,1,5.53139
2014,02,5,2,6.07457
2014,02,5,3,6.26542
2014,02,5,4,5.94609
2014,02,5,5,5.643890000000001
2014,02,5,6,5.17796
2014,02,5,7,4.23885
2014,02,6,0,4.32058
2014,02,6,1,4.6604399999999995
2014,02,6,2,5.6224
2014,02,6,3,6.806439999999999
2014,02,6,4,7.58462
2014,02,6,5,8.31194
2014,02,6,6,8.095189999999999
2014,02,6,7,8.01577
2014,02,7,0,8.26771
2014,02,7,1,8.53444
2014,02,7,2,8.53282
2014,02,7,3,8.3221
2014,02,7,4,8.40555
2014,02,7,5,8.63881
2014,02,7,6,8.78831
2014,02,7,7,9.1478
2014,02,8,0,10.100700000000002
2014,02,8,1,10.6273
2014,02,8,2,10.5635
2014,02,8,3,10.3349
2014,02,8,4,10.4282
2014,02,8,5,11.306700000000001
2014,02,8,6,12.068299999999999
2014,02,8,7,12.1183
2014,02,9,0,12.64
2014,02,9,1,12.8757
2014,02,9,2,12.4988
2014,02,9,3,11.99
2014,02,9,4,11.559299999999999
2014,02,9,5,9.80587
2014,02,9,6,7.8163100000000005
2014,02,9,7,7.2082
2014,02,10,0,7.3412299999999995
2014,02,10,1,7.8179
2014,02,10,2,8.3535
2014,02,10,3,8.39707
2014,02,10,4,7.935020000000001
2014,02,10,5,15.828
2014,02,10,6,8.58851
2014,02,10,7,9.304260000000001
2014,02,11,0,9.618549999999999
2014,02,11,1,9.6895
2014,02,11,2,9.75771
2014,02,11,3,9.19058
2014,02,11,4,9.110610000000001
2014,02,11,5,9.66146
2014,02,11,6,10.5387
2014,02,11,7,10.173200000000001
2014,02,12,0,11.728200000000001
2014,02,12,1,9.72273
2014,02,12,2,9.04197
2014,02,12,3,9.460090000000001
2014,02,12,4,10.9374
2014,02,12,5,9.71039
2014,02,12,6,7.85708
2014,02,12,7,6.384
2014,02,13,0,6.0890200000000005
2014,02,13,1,5.96932
2014,02,13,2,5.727069999999999
2014,02,13,3,5.40849
2014,02,13,4,4.9705200000000005
2014,02,13,5,5.26888
2014,02,13,6,5.50814
2014,02,13,7,6.22587
2014,02,14,0,6.1468
2014,02,14,1,5.65415
2014,02,14,2,5.14937
2014,02,14,3,5.20203
2014,02,14,4,5.39949
2014,02,14,5,5.36708
2014,02,14,6,5.43268
2014,02,14,7,5.60129
2014,02,15,0,5.83141
2014,02,15,1,7.22898
2014,02,15,2,8.82921
2014,02,15,3,7.74312
2014,02,15,4,7.5892100000000005
2014,02,15,5,7.4968699999999995
2014,02,15,6,6.39217
2014,02,15,7,7.267810000000001
2014,02,16,0,9.104299999999999
2014,02,16,1,10.3466
2014,02,16,2,11.8376
2014,02,16,3,10.6997
2014,02,16,4,10.7156
2014,02,16,5,12.9825
2014,02,16,6,14.6082
2014,02,16,7,13.5035
2014,02,17,0,11.7836
2014,02,17,1,11.7305
2014,02,17,2,11.0379
2014,02,17,3,9.87582
2014,02,17,4,8.767520000000001
2014,02,17,5,8.314879999999999
2014,02,17,6,10.023100000000001
2014,02,17,7,10.057
2014,02,18,0,9.659379999999999
2014,02,18,1,9.27647
2014,02,18,2,8.59068
2014,02,18,3,8.56703
2014,02,18,4,9.19614
2014,02,18,5,10.3452
2014,02,18,6,10.678
2014,02,18,7,11.219100000000001
2014,02,19,0,11.5981
2014,02,19,1,12.238100000000001
2014,02,19,2,13.5974
2014,02,19,3,15.1132
2014,02,19,4,14.6465
2014,02,19,5,13.9788
2014,02,19,6,14.3088
2014,02,19,7,14.397200000000002
2014,02,20,0,14.591299999999999
2014,02,20,1,13.9718
2014,02,20,2,13.7087
2014,02,20,3,12.9926
2014,02,20,4,12.0853
2014,02,20,5,12.0353
2014,02,20,6,12.1749
2014,02,20,7,12.3889
2014,02,21,0,11.9282
2014,02,21,1,9.88466
2014,02,21,2,7.03852
2014,02,21,3,4.582649999999999
2014,02,21,4,5.89831
2014,02,21,5,6.953810000000001
2014,02,21,6,9.56374
2014,02,21,7,9.63809
2014,02,22,0,10.301200000000001
2014,02,22,1,9.72803
2014,02,22,2,10.7147
2014,02,22,3,10.4908
2014,02,22,4,10.2793
2014,02,22,5,9.56234
2014,02,22,6,9.944510000000001
2014,02,22,7,10.335
2014,02,23,0,10.2915
2014,02,23,1,10.4124
2014,02,23,2,10.5254
2014,02,23,3,10.5906
2014,02,23,4,10.6507
2014,02,23,5,10.2992
2014,02,23,6,9.69099
2014,02,23,7,8.990879999999999
2014,02,24,0,8.44065
2014,02,24,1,7.35288
2014,02,24,2,6.54654
2014,02,24,3,6.1460799999999995
2014,02,24,4,5.951029999999999
2014,02,24,5,6.30915
2014,02,24,6,6.604520000000001
2014,02,24,7,5.966609999999999
2014,02,25,0,6.34135
2014,02,25,1,7.14809
2014,02,25,2,7.9067
2014,02,25,3,7.96828
2014,02,25,4,8.311209999999999
2014,02,25,5,7.932840000000001
2014,02,25,6,6.78058
2014,02,25,7,5.41746
2014,02,26,0,6.33569
2014,02,26,1,7.17977
2014,02,26,2,6.87181
2014,02,26,3,5.94193
2014,02,26,4,5.45378
2014,02,26,5,6.15502
2014,02,26,6,7.22904
2014,02,26,7,6.49623
2014,02,27,0,6.6451199999999995
2014,02,27,1,6.73176
2014,02,27,2,6.8736999999999995
2014,02,27,3,7.1857
2014,02,27,4,7.76769
2014,02,27,5,8.49661
2014,02,27,6,8.99243
2014,02,27,7,9.52316
2014,02,28,0,9.94916
2014,02,28,1,10.624600000000001
2014,02,28,2,10.6383
2014,02,28,3,9.17202
2014,02,28,4,7.965409999999999
2014,02,28,5,7.30141
2014,02,28,6,6.986689999999999
2014,02,28,7,6.72485
2014,02,29,0,9.34858
2014,02,29,1,7.1502799999999995
2014,02,29,2,7.0925
2014,02,29,3,6.59469
2014,02,29,4,6.921399999999999
2014,02,29,5,7.078060000000001
2014,02,29,6,6.95014
2014,02,29,7,6.61406
2014,02,30,0,6.11426
2014,02,30,1,5.80762
2014,02,30,2,5.62201
2014,02,30,3,5.3320799999999995
2014,02,30,4,6.03825
2014,02,30,5,7.16089
2014,02,30,6,7.43812
2014,02,30,7,7.48586
2014,02,31,0,8.2631
2014,02,31,1,8.311729999999999
2014,02,31,2,9.527379999999999
2014,02,31,3,8.94641
2014,02,31,4,7.89093
2014,02,31,5,9.08958
2014,02,31,6,9.89982
2014,02,31,7,9.65234
2014,02,1,0,9.91347
2014,02,1,1,9.817459999999999
2014,02,1,2,9.61046
2014,02,1,3,13.4735
2014,02,1,4,10.909600000000001
2014,02,1,5,7.37643
2014,02,1,6,7.90587
2014,02,1,7,8.4839
2014,02,2,0,9.62977
2014,02,2,1,11.291799999999999
2014,02,2,2,10.524700000000001
2014,02,2,3,8.83516
2014,02,2,4,7.985390000000001
2014,02,2,5,7.25211
2014,02,2,6,6.4032
2014,02,2,7,5.90016
2014,02,3,0,9.56234
2014,02,3,1,4.10416
2014,02,3,2,4.2193000000000005
2014,02,3,3,4.54568
2014,02,3,4,4.29751
2014,02,3,5,3.87757
2014,02,3,6,4.66538
2014,02,3,7,4.9681999999999995
2014,02,4,0,5.30997
2014,02,4,1,5.659050000000001
2014,02,4,2,5.89316
2014,02,4,3,6.11916
2014,02,4,4,6.86721
2014,02,4,5,8.02159
2014,02,4,6,9.5489
2014,02,4,7,11.0908
2014,02,5,0,11.4259
2014,02,5,1,10.5611
2014,02,5,2,10.136299999999999
2014,02,5,3,11.0848
2014,02,5,4,12.667200000000001
2014,02,5,5,12.6228
2014,02,5,6,10.9169
2014,02,5,7,10.8825
2014,02,6,0,10.6844
2014,02,6,1,9.960790000000001
2014,02,6,2,9.53117
2014,02,6,3,9.61673
2014,02,6,4,9.72725
2014,02,6,5,9.709190000000001
2014,02,6,6,9.64187
2014,02,6,7,9.72569
2014,02,7,0,10.296100000000001
2014,02,7,1,10.242299999999998
2014,02,7,2,9.402280000000001
2014,02,7,3,9.16337
2014,02,7,4,8.545290000000001
2014,02,7,5,7.96453
2014,02,7,6,8.43244
2014,02,7,7,8.4559
2014,02,8,0,9.824399999999999
2014,02,8,1,11.816799999999999
2014,02,8,2,11.8859
2014,02,8,3,11.2271
2014,02,8,4,9.982569999999999
2014,02,8,5,9.54891
2014,02,8,6,9.2839
2014,02,8,7,8.972299999999999
2014,02,9,0,9.293610000000001
2014,02,9,1,10.2854
2014,02,9,2,11.6269
2014,02,9,3,12.645
2014,02,9,4,12.1274
2014,02,9,5,11.1716
2014,02,9,6,10.013
2014,02,9,7,9.304219999999999
2014,02,10,0,9.082540000000002
2014,02,10,1,8.66027
2014,02,10,2,8.85912
2014,02,10,3,8.54782
2014,02,10,4,7.65919
2014,02,10,5,4.27587
2014,02,10,6,4.71245
2014,02,10,7,5.2027399999999995
2014,02,11,0,6.54284
2014,02,11,1,6.24566
2014,02,11,2,5.72124
2014,02,11,3,5.93904
2014,02,11,4,6.18501
2014,02,11,5,6.0337700000000005
2014,02,11,6,6.64542
2014,02,11,7,7.27559
2014,02,12,0,8.454649999999999
2014,02,12,1,10.4945
2014,02,12,2,10.6204
2014,02,12,3,10.6396
2014,02,12,4,9.060799999999999
2014,02,12,5,7.3819300000000005
2014,02,12,6,6.7789399999999995
2014,02,12,7,8.517209999999999
2014,02,13,0,8.58677
2014,02,13,1,10.202399999999999
2014,02,13,2,11.6076
2014,02,13,3,11.6621
2014,02,13,4,10.020299999999999
2014,02,13,5,12.2606
2014,02,13,6,14.2609
2014,02,13,7,10.1471
2014,02,14,0,9.75997
2014,02,14,1,9.92711
2014,02,14,2,10.1975
2014,02,14,3,11.3591
2014,02,14,4,11.0305
2014,02,14,5,7.23611
2014,02,14,6,6.79659
2014,02,14,7,6.54243
2014,02,15,0,7.001390000000001
2014,02,15,1,6.68987
2014,02,15,2,6.25417
2014,02,15,3,7.2538
2014,02,15,4,7.92426
2014,02,15,5,7.394520000000001
2014,02,15,6,8.3124
2014,02,15,7,8.73922
2014,02,16,0,8.53041
2014,02,16,1,8.64531
2014,02,16,2,7.4496199999999995
2014,02,16,3,4.82398
2014,02,16,4,2.63478
2014,02,16,5,1.33022
2014,02,16,6,2.20006
2014,02,16,7,2.61422
2014,02,17,0,3.06663
2014,02,17,1,3.2832399999999997
2014,02,17,2,3.32053
2014,02,17,3,3.31941
2014,02,17,4,3.8281
2014,02,17,5,2.90331
2014,02,17,6,2.42461
2014,02,17,7,2.37134
2014,02,18,0,2.5047800000000002
2014,02,18,1,2.47822
2014,02,18,2,2.5246399999999998
2014,02,18,3,2.58891
2014,02,18,4,2.8375500000000002
2014,02,18,5,3.17084
2014,02,18,6,4.01344
2014,02,18,7,5.4046199999999995
2014,02,19,0,7.0742899999999995
2014,02,19,1,8.650709999999998
2014,02,19,2,7.26886
2014,02,19,3,5.96195
2014,02,19,4,5.46019
2014,02,19,5,7.10934
2014,02,19,6,8.37374
2014,02,19,7,8.39329
2014,02,20,0,8.894620000000002
2014,02,20,1,8.911299999999999
2014,02,20,2,8.86893
2014,02,20,3,8.11284
2014,02,20,4,7.625310000000001
2014,02,20,5,8.23412
2014,02,20,6,7.695939999999999
2014,02,20,7,6.32219
2014,02,21,0,7.14968
2014,02,21,1,8.13097
2014,02,21,2,7.88329
2014,02,21,3,8.54475
2014,02,21,4,8.43707
2014,02,21,5,9.0788
2014,02,21,6,8.67771
2014,02,21,7,8.349290000000002
2014,02,22,0,9.90447
2014,02,22,1,11.645700000000001
2014,02,22,2,12.052299999999999
2014,02,22,3,11.7636
2014,02,22,4,12.9152
2014,02,22,5,13.0565
2014,02,22,6,13.675600000000001
2014,02,22,7,10.7854
2014,02,23,0,9.16256
2014,02,23,1,7.0919300000000005
2014,02,23,2,8.27206
2014,02,23,3,6.51969
2014,02,23,4,4.348199999999999
2014,02,23,5,3.50337
2014,02,23,6,4.3466700000000005
2014,02,23,7,4.7996099999999995
2014,02,24,0,5.04176
2014,02,24,1,5.215439999999999
2014,02,24,2,5.73081
2014,02,24,3,5.8324
2014,02,24,4,5.88696
2014,02,24,5,4.91046
2014,02,24,6,4.7453
2014,02,24,7,4.06575
2014,02,25,0,4.22647
2014,02,25,1,4.35785
2014,02,25,2,4.258979999999999
2014,02,25,3,3.6013699999999997
2014,02,25,4,4.3690500000000005
2014,02,25,5,6.10482
2014,02,25,6,7.64754
2014,02,25,7,7.75828
2014,02,26,0,8.81117
2014,02,26,1,9.113629999999999
2014,02,26,2,8.17371
2014,02,26,3,7.64929
2014,02,26,4,6.88231
2014,02,26,5,5.74667
2014,02,26,6,5.91863
2014,02,26,7,6.25684
2014,02,27,0,6.66025
2014,02,27,1,6.84555
2014,02,27,2,6.49262
2014,02,27,3,6.54712
2014,02,27,4,6.53054
2014,02,27,5,6.41887
2014,02,27,6,6.50772
2014,02,27,7,6.35451
2014,02,28,0,6.24611
2014,02,28,1,5.894229999999999
2014,02,28,2,5.22918
2014,02,28,3,4.68692
2014,02,28,4,3.7363899999999997
2014,02,28,5,2.6304499999999997
2014,02,28,6,2.2737
2014,02,28,7,2.82438
2014,02,29,0,3.28257
2014,02,29,1,3.31338
2014,02,29,2,3.52345
2014,02,29,3,3.0789899999999997
2014,02,29,4,2.76862
2014,02,29,5,2.95209
2014,02,29,6,2.9554899999999997
2014,02,29,7,3.0413699999999997
2014,02,30,0,3.4980900000000004
2014,02,30,1,3.4954099999999997
2014,02,30,2,3.57403
2014,02,30,3,3.98974
2014,02,30,4,4.10008
2014,02,30,5,3.425
2014,02,30,6,5.9440100000000005
2014,02,30,7,7.78996
2014,02,1,0,8.94429
2014,02,1,1,9.57774
2014,02,1,2,9.67643
2014,02,1,3,9.39205
2014,02,1,4,8.795129999999999
2014,02,1,5,8.69985
2014,02,1,6,8.37935
2014,02,1,7,7.958279999999999
2014,02,2,0,7.874359999999999
2014,02,2,1,8.49751
2014,02,2,2,8.811290000000001
2014,02,2,3,10.9625
2014,02,2,4,14.5107
2014,02,2,5,17.056
2014,02,2,6,18.6524
2014,02,2,7,18.5853
2014,02,3,0,17.2976
2014,02,3,1,15.215200000000001
2014,02,3,2,11.3135
2014,02,3,3,10.05
2014,02,3,4,10.7341
2014,02,3,5,10.9268
2014,02,3,6,11.560799999999999
2014,02,3,7,11.5095
2014,02,4,0,11.5769
2014,02,4,1,11.95
2014,02,4,2,11.6174
2014,02,4,3,11.1735
2014,02,4,4,11.3001
2014,02,4,5,11.7493
2014,02,4,6,11.5246
2014,02,4,7,11.7565
2014,02,5,0,11.543899999999999
2014,02,5,1,11.7553
2014,02,5,2,11.6432
2014,02,5,3,11.242299999999998
2014,02,5,4,11.271799999999999
2014,02,5,5,11.9375
2014,02,5,6,12.7555
2014,02,5,7,14.0579
2014,02,6,0,13.5108
2014,02,6,1,13.2066
2014,02,6,2,13.1169
2014,02,6,3,12.6865
2014,02,6,4,12.473
2014,02,6,5,11.3405
2014,02,6,6,10.7642
2014,02,6,7,10.4382
2014,02,7,0,10.030100000000001
2014,02,7,1,10.8475
2014,02,7,2,11.019
2014,02,7,3,11.427700000000002
2014,02,7,4,9.47415
2014,02,7,5,10.7159
2014,02,7,6,11.3442
2014,02,7,7,9.707469999999999
2014,02,8,0,9.49282
2014,02,8,1,9.46355
2014,02,8,2,9.56367
2014,02,8,3,9.41468
2014,02,8,4,8.636239999999999
2014,02,8,5,7.3176000000000005
2014,02,8,6,6.96997
2014,02,8,7,7.74015
2014,02,9,0,7.992520000000001
2014,02,9,1,8.30472
2014,02,9,2,8.26379
2014,02,9,3,8.51843
2014,02,9,4,8.715729999999999
2014,02,9,5,9.07732
2014,02,9,6,9.48174
2014,02,9,7,10.602
2014,02,10,0,10.509799999999998
2014,02,10,1,10.165899999999999
2014,02,10,2,10.5381
2014,02,10,3,10.2593
2014,02,10,4,9.13911
2014,02,10,5,8.27978
2014,02,10,6,8.88185
2014,02,10,7,9.75681
2014,02,11,0,9.814530000000001
2014,02,11,1,9.26992
2014,02,11,2,8.90084
2014,02,11,3,10.967600000000001
2014,02,11,4,12.1305
2014,02,11,5,11.2119
2014,02,11,6,10.812
2014,02,11,7,9.35919
2014,02,12,0,9.232790000000001
2014,02,12,1,9.780719999999999
2014,02,12,2,10.4873
2014,02,12,3,10.7477
2014,02,12,4,14.6989
2014,02,12,5,14.0031
2014,02,12,6,10.8816
2014,02,12,7,11.030299999999999
2014,02,13,0,11.5059
2014,02,13,1,10.198799999999999
2014,02,13,2,9.47913
2014,02,13,3,9.218969999999999
2014,02,13,4,8.8498
2014,02,13,5,7.49268
2014,02,13,6,6.39135
2014,02,13,7,5.48439
2014,02,14,0,5.414
2014,02,14,1,5.783729999999999
2014,02,14,2,5.61854
2014,02,14,3,5.63901
2014,02,14,4,6.48812
2014,02,14,5,7.46401
2014,02,14,6,8.14159
2014,02,14,7,9.33134
2014,02,15,0,9.08895
2014,02,15,1,8.56799
2014,02,15,2,7.6226400000000005
2014,02,15,3,7.13695
2014,02,15,4,8.13302
2014,02,15,5,9.412379999999999
2014,02,15,6,8.56898
2014,02,15,7,6.89142
2014,02,16,0,6.9478100000000005
2014,02,16,1,8.2017
2014,02,16,2,8.32997
2014,02,16,3,8.75065
2014,02,16,4,8.47236
2014,02,16,5,7.91566
2014,02,16,6,7.49499
2014,02,16,7,6.92554
2014,02,17,0,7.47501
2014,02,17,1,8.58877
2014,02,17,2,8.88884
2014,02,17,3,9.92303
2014,02,17,4,10.7899
2014,02,17,5,10.7793
2014,02,17,6,9.9468
2014,02,17,7,9.247219999999999
2014,02,18,0,8.773489999999999
2014,02,18,1,9.398
2014,02,18,2,9.71938
2014,02,18,3,8.96293
2014,02,18,4,8.09837
2014,02,18,5,7.50298
2014,02,18,6,7.81795
2014,02,18,7,7.81981
2014,02,19,0,8.47101
2014,02,19,1,9.30587
2014,02,19,2,8.678
2014,02,19,3,8.25524
2014,02,19,4,6.58125
2014,02,19,5,6.04166
2014,02,19,6,6.23604
2014,02,19,7,8.96204
2014,02,20,0,10.5812
2014,02,20,1,10.6825
2014,02,20,2,11.4395
2014,02,20,3,12.9396
2014,02,20,4,13.554799999999998
2014,02,20,5,13.9499
2014,02,20,6,15.6852
2014,02,20,7,15.0259
2014,02,21,0,14.9248
2014,02,21,1,14.7213
2014,02,21,2,14.837
2014,02,21,3,13.2595
2014,02,21,4,12.0903
2014,02,21,5,10.8481
2014,02,21,6,9.46001
2014,02,21,7,8.994290000000001
2014,02,22,0,9.199969999999999
2014,02,22,1,10.1842
2014,02,22,2,9.8598
2014,02,22,3,8.00885
2014,02,22,4,7.06495
2014,02,22,5,6.87165
2014,02,22,6,8.304170000000001
2014,02,22,7,10.0241
2014,02,23,0,10.6366
2014,02,23,1,10.1567
2014,02,23,2,8.6761
2014,02,23,3,7.93121
2014,02,23,4,8.37587
2014,02,23,5,8.43074
2014,02,23,6,9.66219
2014,02,23,7,9.1228
2014,02,24,0,7.65829
2014,02,24,1,7.84836
2014,02,24,2,7.36287
2014,02,24,3,7.32796
2014,02,24,4,6.99698
2014,02,24,5,6.94832
2014,02,24,6,7.73702
2014,02,24,7,9.71645
2014,02,25,0,10.0272
2014,02,25,1,7.87322
2014,02,25,2,6.696560000000001
2014,02,25,3,4.32563
2014,02,25,4,3.57201
2014,02,25,5,3.33308
2014,02,25,6,3.19714
2014,02,25,7,3.47967
2014,02,26,0,3.51116
2014,02,26,1,3.41166
2014,02,26,2,3.3447
2014,02,26,3,3.48225
2014,02,26,4,3.3733299999999997
2014,02,26,5,2.8842399999999997
2014,02,26,6,3.12527
2014,02,26,7,2.9724899999999996
2014,02,27,0,3.09389
2014,02,27,1,3.36141
2014,02,27,2,3.8981399999999997
2014,02,27,3,3.46281
2014,02,27,4,2.92585
2014,02,27,5,2.61252
2014,02,27,6,3.9846500000000002
2014,02,27,7,4.07021
2014,02,28,0,4.44546
2014,02,28,1,4.8488999999999995
2014,02,28,2,5.586390000000001
2014,02,28,3,6.02917
2014,02,28,4,7.196560000000001
2014,02,28,5,7.777609999999999
2014,02,28,6,6.67808
2014,02,28,7,6.02241
2014,02,29,0,5.51995
2014,02,29,1,4.86275
2014,02,29,2,3.8432600000000003
2014,02,29,3,2.75881
2014,02,29,4,2.29939
2014,02,29,5,1.90656
2014,02,29,6,2.07492
2014,02,29,7,2.4347600000000003
2014,02,30,0,3.8623499999999997
2014,02,30,1,3.2463
2014,02,30,2,3.3105100000000003
2014,02,30,3,3.55673
2014,02,30,4,4.0802
2014,02,30,5,5.79408
2014,02,30,6,4.60576
2014,02,30,7,2.8337399999999997
2014,02,31,0,1.97719
2014,02,31,1,2.00389
2014,02,31,2,1.94496
2014,02,31,3,2.34185
2014,02,31,4,2.50348
2014,02,31,5,2.37423
2014,02,31,6,2.03048
2014,02,31,7,1.81676
2015,02,1,0,1.70511
2015,02,1,1,1.66794
2015,02,1,2,1.44602
2015,02,1,3,1.16011
2015,02,1,4,1.40114
2015,02,1,5,1.51339
2015,02,1,6,1.77198
2015,02,1,7,2.35899
2015,02,2,0,2.98758
2015,02,2,1,3.58833
2015,02,2,2,3.99556
2015,02,2,3,4.39018
2015,02,2,4,4.6712
2015,02,2,5,4.75088
2015,02,2,6,4.9638100000000005
2015,02,2,7,5.21856
2015,02,3,0,5.13834
2015,02,3,1,5.01378
2015,02,3,2,5.306109999999999
2015,02,3,3,5.744689999999999
2015,02,3,4,6.08233
2015,02,3,5,6.644270000000001
2015,02,3,6,7.7538
2015,02,3,7,8.41372
2015,02,4,0,9.201600000000001
2015,02,4,1,9.20402
2015,02,4,2,8.41361
2015,02,4,3,8.26576
2015,02,4,4,7.61773
2015,02,4,5,7.34575
2015,02,4,6,7.825939999999999
2015,02,4,7,9.327860000000001
2015,02,5,0,9.58836
2015,02,5,1,9.13678
2015,02,5,2,9.30725
2015,02,5,3,10.7233
2015,02,5,4,12.247200000000001
2015,02,5,5,12.275
2015,02,5,6,12.948799999999999
2015,02,5,7,15.8225
2015,02,6,0,13.333200000000001
2015,02,6,1,13.046
2015,02,6,2,12.2011
2015,02,6,3,11.8545
2015,02,6,4,11.3826
2015,02,6,5,10.7555
2015,02,6,6,10.2127
2015,02,6,7,10.257299999999999
2015,02,7,0,10.1749
2015,02,7,1,10.2239
2015,02,7,2,10.161299999999999
2015,02,7,3,9.88644
2015,02,7,4,9.585899999999999
2015,02,7,5,9.3589
2015,02,7,6,9.0648
2015,02,7,7,8.750530000000001
2015,02,8,0,8.384549999999999
2015,02,8,1,8.05626
2015,02,8,2,8.55203
2015,02,8,3,8.772110000000001
2015,02,8,4,8.86296
2015,02,8,5,8.48771
2015,02,8,6,8.11305
2015,02,8,7,8.41957
2015,02,9,0,8.570620000000002
2015,02,9,1,9.00798
2015,02,9,2,9.64001
2015,02,9,3,10.1607
2015,02,9,4,11.1814
2015,02,9,5,12.8155
2015,02,9,6,13.773200000000001
2015,02,9,7,14.6891
2015,02,10,0,15.6029
2015,02,10,1,16.153100000000002
2015,02,10,2,14.918899999999999
2015,02,10,3,13.100100000000001
2015,02,10,4,12.817
2015,02,10,5,13.0078
2015,02,10,6,12.849200000000002
2015,02,10,7,13.136700000000001
2015,02,11,0,13.7363
2015,02,11,1,14.1119
2015,02,11,2,14.1055
2015,02,11,3,14.2291
2015,02,11,4,14.4105
2015,02,11,5,14.442200000000001
2015,02,11,6,14.369299999999999
2015,02,11,7,13.6317
2015,02,12,0,12.7458
2015,02,12,1,11.8354
2015,02,12,2,11.9395
2015,02,12,3,12.5531
2015,02,12,4,12.295
2015,02,12,5,12.386700000000001
2015,02,12,6,13.15
2015,02,12,7,12.962200000000001
2015,02,13,0,11.4692
2015,02,13,1,11.155
2015,02,13,2,8.82249
2015,02,13,3,6.6936599999999995
2015,02,13,4,5.93771
2015,02,13,5,5.33329
2015,02,13,6,5.73715
2015,02,13,7,5.70191
2015,02,14,0,5.48949
2015,02,14,1,5.35075
2015,02,14,2,5.25576
2015,02,14,3,4.06768
2015,02,14,4,3.4891900000000002
2015,02,14,5,2.5462800000000003
2015,02,14,6,2.3131399999999998
2015,02,14,7,3.1381900000000003
2015,02,15,0,3.28822
2015,02,15,1,4.13454
2015,02,15,2,4.13896
2015,02,15,3,3.68673
2015,02,15,4,4.21869
2015,02,15,5,4.37729
2015,02,15,6,4.10522
2015,02,15,7,3.2697800000000004
2015,02,16,0,3.6998699999999998
2015,02,16,1,4.49918
2015,02,16,2,4.62437
2015,02,16,3,5.9664399999999995
2015,02,16,4,8.019689999999999
2015,02,16,5,8.88949
2015,02,16,6,7.51061
2015,02,16,7,8.16233
2015,02,17,0,9.907129999999999
2015,02,17,1,10.584
2015,02,17,2,10.2055
2015,02,17,3,11.905899999999999
2015,02,17,4,13.717
2015,02,17,5,14.0717
2015,02,17,6,13.806299999999998
2015,02,17,7,12.0994
2015,02,18,0,11.174299999999999
2015,02,18,1,11.1038
2015,02,18,2,9.88767
2015,02,18,3,9.22902
2015,02,18,4,8.90291
2015,02,18,5,8.72145
2015,02,18,6,8.14274
2015,02,18,7,7.126060000000001
2015,02,19,0,6.61466
2015,02,19,1,7.19245
2015,02,19,2,6.87872
2015,02,19,3,6.74336
2015,02,19,4,7.8564099999999994
2015,02,19,5,7.362550000000001
2015,02,19,6,8.3331
2015,02,19,7,8.6176
2015,02,20,0,8.504010000000001
2015,02,20,1,7.7635
2015,02,20,2,7.10046
2015,02,20,3,6.655060000000001
2015,02,20,4,6.8008500000000005
2015,02,20,5,7.77821
2015,02,20,6,8.591040000000001
2015,02,20,7,9.34542
2015,02,21,0,9.65209
2015,02,21,1,10.261700000000001
2015,02,21,2,9.7977
2015,02,21,3,8.51407
2015,02,21,4,7.1103000000000005
2015,02,21,5,6.0539700000000005
2015,02,21,6,4.37195
2015,02,21,7,3.89385
2015,02,22,0,3.33695
2015,02,22,1,3.13598
2015,02,22,2,2.65228
2015,02,22,3,2.4707399999999997
2015,02,22,4,2.5852399999999998
2015,02,22,5,2.83464
2015,02,22,6,3.82985
2015,02,22,7,4.496779999999999
2015,02,23,0,6.00035
2015,02,23,1,7.8830100000000005
2015,02,23,2,7.8862
2015,02,23,3,6.85715
2015,02,23,4,5.47954
2015,02,23,5,4.4331700000000005
2015,02,23,6,4.27916
2015,02,23,7,4.53354
2015,02,24,0,4.79278
2015,02,24,1,4.54095
2015,02,24,2,4.54114
2015,02,24,3,4.433560000000001
2015,02,24,4,4.38265
2015,02,24,5,4.32845
2015,02,24,6,3.98563
2015,02,24,7,4.158510000000001
2015,02,25,0,4.69215
2015,02,25,1,6.4784
2015,02,25,2,7.96078
2015,02,25,3,8.21293
2015,02,25,4,8.49518
2015,02,25,5,9.18336
2015,02,25,6,8.70422
2015,02,25,7,8.59532
2015,02,26,0,8.67098
2015,02,26,1,8.34283
2015,02,26,2,8.00437
2015,02,26,3,7.90015
2015,02,26,4,7.80684
2015,02,26,5,7.302779999999999
2015,02,26,6,7.837899999999999
2015,02,26,7,9.3412
2015,02,27,0,12.6488
2015,02,27,1,15.0628
2015,02,27,2,14.6433
2015,02,27,3,14.437700000000001
2015,02,27,4,14.7126
2015,02,27,5,13.871
2015,02,27,6,12.850299999999999
2015,02,27,7,11.602
2015,02,28,0,11.2045
2015,02,28,1,11.6138
2015,02,28,2,12.1515
2015,02,28,3,11.6533
2015,02,28,4,10.5602
2015,02,28,5,10.008899999999999
2015,02,28,6,10.303600000000001
2015,02,28,7,10.4336
2015,02,29,0,10.2719
2015,02,29,1,10.184899999999999
2015,02,29,2,10.6985
2015,02,29,3,11.612200000000001
2015,02,29,4,12.8446
2015,02,29,5,13.617799999999999
2015,02,29,6,13.8001
2015,02,29,7,13.755
2015,02,30,0,13.654
2015,02,30,1,13.423399999999999
2015,02,30,2,13.548399999999999
2015,02,30,3,13.6347
2015,02,30,4,13.6748
2015,02,30,5,13.4078
2015,02,30,6,13.0059
2015,02,30,7,12.3188
2015,02,31,0,11.6774
2015,02,31,1,11.719100000000001
2015,02,31,2,12.072
2015,02,31,3,12.4398
2015,02,31,4,12.1027
2015,02,31,5,11.396
2015,02,31,6,9.03425
2015,02,31,7,6.52714
2015,02,1,0,4.5492
2015,02,1,1,3.98417
2015,02,1,2,3.2608699999999997
2015,02,1,3,3.1945300000000003
2015,02,1,4,3.5848
2015,02,1,5,4.09401
2015,02,1,6,5.3492299999999995
2015,02,1,7,7.02446
2015,02,2,0,7.690729999999999
2015,02,2,1,8.0336
2015,02,2,2,8.200809999999999
2015,02,2,3,8.98307
2015,02,2,4,9.41952
2015,02,2,5,8.757819999999999
2015,02,2,6,8.08839
2015,02,2,7,8.55061
2015,02,3,0,8.7553
2015,02,3,1,7.66438
2015,02,3,2,7.5963400000000005
2015,02,3,3,7.56214
2015,02,3,4,7.12803
2015,02,3,5,7.08303
2015,02,3,6,7.07454
2015,02,3,7,7.21942
2015,02,4,0,6.904529999999999
2015,02,4,1,6.78332
2015,02,4,2,5.8194799999999995
2015,02,4,3,4.99698
2015,02,4,4,5.10699
2015,02,4,5,5.09469
2015,02,4,6,5.32641
2015,02,4,7,5.745229999999999
2015,02,5,0,6.44415
2015,02,5,1,6.417590000000001
2015,02,5,2,5.9206
2015,02,5,3,5.8688199999999995
2015,02,5,4,5.7735
2015,02,5,5,5.0632600000000005
2015,02,5,6,4.65805
2015,02,5,7,5.06243
2015,02,6,0,5.180689999999999
2015,02,6,1,5.11025
2015,02,6,2,5.06813
2015,02,6,3,5.21753
2015,02,6,4,5.0555200000000005
2015,02,6,5,4.846310000000001
2015,02,6,6,5.0421700000000005
2015,02,6,7,4.274109999999999
2015,02,7,0,5.15359
2015,02,7,1,6.3267
2015,02,7,2,10.1121
2015,02,7,3,8.20791
2015,02,7,4,13.053600000000001
2015,02,7,5,16.7162
2015,02,7,6,12.531600000000001
2015,02,7,7,12.5354
2015,02,8,0,10.921700000000001
2015,02,8,1,9.9366
2015,02,8,2,9.52237
2015,02,8,3,10.5009
2015,02,8,4,10.6649
2015,02,8,5,10.143
2015,02,8,6,11.4626
2015,02,8,7,13.8799
2015,02,9,0,14.0726
2015,02,9,1,14.3056
2015,02,9,2,12.763
2015,02,9,3,11.5829
2015,02,9,4,6.931
2015,02,9,5,3.54437
2015,02,9,6,4.781479999999999
2015,02,9,7,4.58877
2015,02,10,0,4.5107
2015,02,10,1,5.480729999999999
2015,02,10,2,6.08147
2015,02,10,3,5.89254
2015,02,10,4,5.1239799999999995
2015,02,10,5,4.42153
2015,02,10,6,4.31504
2015,02,10,7,3.76298
2015,02,11,0,3.763
2015,02,11,1,4.79825
2015,02,11,2,6.06291
2015,02,11,3,6.87798
2015,02,11,4,7.32979
2015,02,11,5,7.53079
2015,02,11,6,9.099219999999999
2015,02,11,7,9.26178
2015,02,12,0,6.10137
2015,02,12,1,8.5107
2015,02,12,2,8.776299999999999
2015,02,12,3,8.91781
2015,02,12,4,9.81051
2015,02,12,5,9.886389999999999
2015,02,12,6,9.16622
2015,02,12,7,8.269440000000001
2015,02,13,0,7.4445500000000004
2015,02,13,1,7.31979
2015,02,13,2,7.8124899999999995
2015,02,13,3,8.08993
2015,02,13,4,7.88596
2015,02,13,5,7.57242
2015,02,13,6,7.87788
2015,02,13,7,7.68196
2015,02,14,0,7.49517
2015,02,14,1,6.38234
2015,02,14,2,5.9632
2015,02,14,3,6.14919
2015,02,14,4,6.517399999999999
2015,02,14,5,6.67524
2015,02,14,6,7.38842
2015,02,14,7,7.65316
2015,02,15,0,7.74454
2015,02,15,1,7.87947
2015,02,15,2,7.449260000000001
2015,02,15,3,6.71148
2015,02,15,4,6.17067
2015,02,15,5,6.28362
2015,02,15,6,5.86292
2015,02,15,7,5.18109
2015,02,16,0,4.650510000000001
2015,02,16,1,4.58368
2015,02,16,2,5.0186
2015,02,16,3,4.72037
2015,02,16,4,5.7136000000000005
2015,02,16,5,6.5750399999999996
2015,02,16,6,6.74152
2015,02,16,7,6.83138
2015,02,17,0,6.64894
2015,02,17,1,6.11052
2015,02,17,2,5.87058
2015,02,17,3,6.07479
2015,02,17,4,5.93378
2015,02,17,5,5.76845
2015,02,17,6,6.37293
2015,02,17,7,7.32812
2015,02,18,0,7.926069999999999
2015,02,18,1,7.4470600000000005
2015,02,18,2,10.2797
2015,02,18,3,6.87626
2015,02,18,4,6.60612
2015,02,18,5,6.45422
2015,02,18,6,7.1803
2015,02,18,7,7.6682
2015,02,19,0,7.7836300000000005
2015,02,19,1,7.53428
2015,02,19,2,7.4049499999999995
2015,02,19,3,6.60827
2015,02,19,4,6.08111
2015,02,19,5,5.81156
2015,02,19,6,5.94267
2015,02,19,7,6.3904
2015,02,20,0,6.829359999999999
2015,02,20,1,6.81177
2015,02,20,2,6.579770000000001
2015,02,20,3,6.05401
2015,02,20,4,6.27674
2015,02,20,5,6.85399
2015,02,20,6,5.458729999999999
2015,02,20,7,4.54033
2015,02,21,0,5.24515
2015,02,21,1,5.95481
2015,02,21,2,5.99463
2015,02,21,3,5.99559
2015,02,21,4,6.09899
2015,02,21,5,6.65789
2015,02,21,6,7.9913
2015,02,21,7,8.97607
2015,02,22,0,10.5661
2015,02,22,1,10.8365
2015,02,22,2,9.76616
2015,02,22,3,9.012739999999999
2015,02,22,4,8.36076
2015,02,22,5,8.63484
2015,02,22,6,8.636989999999999
2015,02,22,7,8.20664
2015,02,23,0,7.755199999999999
2015,02,23,1,7.37974
2015,02,23,2,7.20412
2015,02,23,3,6.48611
2015,02,23,4,5.61692
2015,02,23,5,5.06915
2015,02,23,6,4.6455
2015,02,23,7,5.00539
2015,02,24,0,5.01947
2015,02,24,1,5.50563
2015,02,24,2,5.67957
2015,02,24,3,3.7258899999999997
2015,02,24,4,1.85941
2015,02,24,5,1.87088
2015,02,24,6,2.8308
2015,02,24,7,3.15914
2015,02,25,0,4.22947
2015,02,25,1,4.40058
2015,02,25,2,4.7443100000000005
2015,02,25,3,4.45113
2015,02,25,4,4.35696
2015,02,25,5,4.16315
2015,02,25,6,3.9735
2015,02,25,7,4.586069999999999
2015,02,26,0,5.3783
2015,02,26,1,6.1655
2015,02,26,2,6.715949999999999
2015,02,26,3,7.0183100000000005
2015,02,26,4,7.43212
2015,02,26,5,11.850100000000001
2015,02,26,6,8.41807
2015,02,26,7,7.7081
2015,02,27,0,7.2569
2015,02,27,1,6.79062
2015,02,27,2,7.05715
2015,02,27,3,7.73279
2015,02,27,4,7.6189
2015,02,27,5,6.50146
2015,02,27,6,6.496899999999999
2015,02,27,7,7.1162
2015,02,28,0,7.19812
2015,02,28,1,7.8081499999999995
2015,02,28,2,7.35736
2015,02,28,3,6.81025
2015,02,28,4,4.503760000000001
2015,02,28,5,3.5431500000000002
2015,02,28,6,4.15688
2015,02,28,7,5.11214
2015,02,1,0,5.47592
2015,02,1,1,8.96039
2015,02,1,2,7.89246
2015,02,1,3,8.86984
2015,02,1,4,8.69582
2015,02,1,5,7.88713
2015,02,1,6,7.2454
2015,02,1,7,7.58992
2015,02,2,0,8.2436
2015,02,2,1,8.88884
2015,02,2,2,8.77434
2015,02,2,3,8.30145
2015,02,2,4,7.9753
2015,02,2,5,7.93938
2015,02,2,6,7.13671
2015,02,2,7,7.1979
2015,02,3,0,7.69599
2015,02,3,1,8.05888
2015,02,3,2,8.83493
2015,02,3,3,8.854790000000001
2015,02,3,4,8.16982
2015,02,3,5,7.13932
2015,02,3,6,6.08073
2015,02,3,7,5.36576
2015,02,4,0,4.7254700000000005
2015,02,4,1,3.4406399999999997
2015,02,4,2,2.8457800000000004
2015,02,4,3,2.66362
2015,02,4,4,2.5135500000000004
2015,02,4,5,2.0680300000000003
2015,02,4,6,2.27195
2015,02,4,7,2.28565
2015,02,5,0,2.54554
2015,02,5,1,2.6412199999999997
2015,02,5,2,2.5361100000000003
2015,02,5,3,2.39827
2015,02,5,4,2.35966
2015,02,5,5,2.28777
2015,02,5,6,2.40618
2015,02,5,7,2.26816
2015,02,6,0,2.5253200000000002
2015,02,6,1,2.62683
2015,02,6,2,2.67943
2015,02,6,3,2.70262
2015,02,6,4,2.75031
2015,02,6,5,2.85113
2015,02,6,6,3.27975
2015,02,6,7,3.49569
2015,02,7,0,3.62506
2015,02,7,1,3.7375100000000003
2015,02,7,2,3.83807
2015,02,7,3,3.96974
2015,02,7,4,4.2514899999999995
2015,02,7,5,4.638529999999999
2015,02,7,6,4.70131
2015,02,7,7,4.98367
2015,02,8,0,5.26087
2015,02,8,1,5.07712
2015,02,8,2,4.18268
2015,02,8,3,3.8234899999999996
2015,02,8,4,3.42594
2015,02,8,5,3.42434
2015,02,8,6,3.4258699999999997
2015,02,8,7,3.55952
2015,02,9,0,3.90887
2015,02,9,1,3.6433400000000002
2015,02,9,2,3.73956
2015,02,9,3,3.74281
2015,02,9,4,3.63549
2015,02,9,5,3.35311
2015,02,9,6,3.18906
2015,02,9,7,3.0648299999999997
2015,02,10,0,3.01842
2015,02,10,1,2.6059699999999997
2015,02,10,2,2.3442
2015,02,10,3,2.42201
2015,02,10,4,2.69979
2015,02,10,5,2.97255
2015,02,10,6,3.19921
2015,02,10,7,3.92478
2015,02,11,0,5.2713
2015,02,11,1,6.241
2015,02,11,2,6.8589899999999995
2015,02,11,3,8.79827
2015,02,11,4,12.3436
2015,02,11,5,15.0241
2015,02,11,6,17.0708
2015,02,11,7,17.1951
2015,02,12,0,14.4529
2015,02,12,1,9.93319
2015,02,12,2,8.77999
2015,02,12,3,9.188889999999999
2015,02,12,4,9.35736
2015,02,12,5,8.90703
2015,02,12,6,8.14301
2015,02,12,7,7.6696599999999995
2015,02,13,0,7.28387
2015,02,13,1,6.5746400000000005
2015,02,13,2,6.05032
2015,02,13,3,6.586189999999999
2015,02,13,4,7.33061
2015,02,13,5,8.019
2015,02,13,6,7.56679
2015,02,13,7,6.44466
2015,02,14,0,6.33182
2015,02,14,1,7.10088
2015,02,14,2,8.312700000000001
2015,02,14,3,9.277709999999999
2015,02,14,4,10.2157
2015,02,14,5,11.4055
2015,02,14,6,12.3529
2015,02,14,7,12.9426
2015,02,15,0,13.958
2015,02,15,1,14.219299999999999
2015,02,15,2,14.89
2015,02,15,3,15.466899999999999
2015,02,15,4,14.8395
2015,02,15,5,13.4396
2015,02,15,6,12.8081
2015,02,15,7,12.3736
2015,02,16,0,12.515600000000001
2015,02,16,1,12.0677
2015,02,16,2,11.8331
2015,02,16,3,11.971200000000001
2015,02,16,4,11.4137
2015,02,16,5,11.4967
2015,02,16,6,13.1128
2015,02,16,7,14.679200000000002
2015,02,17,0,14.553700000000001
2015,02,17,1,14.195
2015,02,17,2,14.0737
2015,02,17,3,12.956
2015,02,17,4,11.0924
2015,02,17,5,9.456700000000001
2015,02,17,6,10.3639
2015,02,17,7,11.475100000000001
2015,02,18,0,12.2021
2015,02,18,1,17.0682
2015,02,18,2,18.6155
2015,02,18,3,11.933
2015,02,18,4,11.9055
2015,02,18,5,10.9588
2015,02,18,6,10.8539
2015,02,18,7,11.2436
2015,02,19,0,11.5323
2015,02,19,1,12.0764
2015,02,19,2,12.2578
2015,02,19,3,10.9067
2015,02,19,4,14.9501
2015,02,19,5,5.20192
2015,02,19,6,3.91923
2015,02,19,7,2.86231
2015,02,20,0,2.5532600000000003
2015,02,20,1,2.15708
2015,02,20,2,2.22933
2015,02,20,3,2.59037
2015,02,20,4,2.88937
2015,02,20,5,2.7517300000000002
2015,02,20,6,3.15905
2015,02,20,7,3.9758400000000003
2015,02,21,0,4.99066
2015,02,21,1,5.20942
2015,02,21,2,4.7396
2015,02,21,3,5.39052
2015,02,21,4,4.9703599999999994
2015,02,21,5,4.79063
2015,02,21,6,5.54279
2015,02,21,7,6.9115
2015,02,22,0,8.63728
2015,02,22,1,10.3986
2015,02,22,2,11.354
2015,02,22,3,9.478290000000001
2015,02,22,4,8.924190000000001
2015,02,22,5,9.24993
2015,02,22,6,9.95641
2015,02,22,7,10.8199
2015,02,23,0,10.148200000000001
2015,02,23,1,8.95475
2015,02,23,2,7.2939099999999994
2015,02,23,3,6.2246999999999995
2015,02,23,4,6.4771
2015,02,23,5,6.38285
2015,02,23,6,6.8833400000000005
2015,02,23,7,7.96379
2015,02,24,0,8.08241
2015,02,24,1,8.29508
2015,02,24,2,8.972719999999999
2015,02,24,3,10.5464
2015,02,24,4,11.5879
2015,02,24,5,10.9283
2015,02,24,6,10.092799999999999
2015,02,24,7,10.3809
2015,02,25,0,11.363100000000001
2015,02,25,1,11.188
2015,02,25,2,10.2623
2015,02,25,3,10.3338
2015,02,25,4,9.41693
2015,02,25,5,8.08885
2015,02,25,6,7.62146
2015,02,25,7,7.0671
2015,02,26,0,7.08313
2015,02,26,1,7.4888699999999995
2015,02,26,2,8.29731
2015,02,26,3,8.72274
2015,02,26,4,8.5254
2015,02,26,5,8.193340000000001
2015,02,26,6,8.45113
2015,02,26,7,8.80536
2015,02,27,0,8.57284
2015,02,27,1,8.37022
2015,02,27,2,8.238389999999999
2015,02,27,3,8.06748
2015,02,27,4,8.28007
2015,02,27,5,8.036529999999999
2015,02,27,6,8.07675
2015,02,27,7,8.42811
2015,02,28,0,8.41146
2015,02,28,1,7.15024
2015,02,28,2,4.97795
2015,02,28,3,3.4351
2015,02,28,4,3.77996
2015,02,28,5,3.99641
2015,02,28,6,4.3003100000000005
2015,02,28,7,4.393680000000001
2015,02,29,0,5.65045
2015,02,29,1,7.42131
2015,02,29,2,7.79788
2015,02,29,3,7.3073500000000005
2015,02,29,4,6.70474
2015,02,29,5,6.27915
2015,02,29,6,6.15545
2015,02,29,7,6.4235500000000005
2015,02,30,0,7.06343
2015,02,30,1,7.231979999999999
2015,02,30,2,7.010770000000001
2015,02,30,3,6.57814
2015,02,30,4,5.90852
2015,02,30,5,5.2343
2015,02,30,6,4.84034
2015,02,30,7,5.44499
2015,02,31,0,6.72303
2015,02,31,1,7.048640000000001
2015,02,31,2,7.07817
2015,02,31,3,6.1925
2015,02,31,4,5.792479999999999
2015,02,31,5,6.63012
2015,02,31,6,6.35116
2015,02,31,7,5.17228
2015,02,1,0,3.8337
2015,02,1,1,2.3775
2015,02,1,2,2.48494
2015,02,1,3,3.88184
2015,02,1,4,3.9061999999999997
2015,02,1,5,3.74316
2015,02,1,6,3.74105
2015,02,1,7,3.81702
2015,02,2,0,3.5542
2015,02,2,1,3.4835700000000003
2015,02,2,2,2.8444499999999997
2015,02,2,3,3.0787600000000004
2015,02,2,4,3.6238
2015,02,2,5,3.5806799999999996
2015,02,2,6,3.19898
2015,02,2,7,3.38568
2015,02,3,0,3.80404
2015,02,3,1,3.79891
2015,02,3,2,3.35501
2015,02,3,3,3.15583
2015,02,3,4,3.1354499999999996
2015,02,3,5,2.84623
2015,02,3,6,2.57654
2015,02,3,7,2.68373
2015,02,4,0,4.67788
2015,02,4,1,3.5476900000000002
2015,02,4,2,3.35791
2015,02,4,3,2.79419
2015,02,4,4,2.50796
2015,02,4,5,2.60341
2015,02,4,6,3.09478
2015,02,4,7,3.66212
2015,02,5,0,4.19957
2015,02,5,1,4.15927
2015,02,5,2,3.9771799999999997
2015,02,5,3,3.97608
2015,02,5,4,3.5316
2015,02,5,5,3.4363099999999998
2015,02,5,6,3.38032
2015,02,5,7,3.77061
2015,02,6,0,4.6852
2015,02,6,1,6.66954
2015,02,6,2,7.2961
2015,02,6,3,6.325489999999999
2015,02,6,4,4.99665
2015,02,6,5,4.739
2015,02,6,6,4.71234
2015,02,6,7,5.35034
2015,02,7,0,5.37163
2015,02,7,1,5.7267
2015,02,7,2,5.57869
2015,02,7,3,5.79211
2015,02,7,4,5.59835
2015,02,7,5,5.46828
2015,02,7,6,6.04169
2015,02,7,7,7.27364
2015,02,8,0,6.76098
2015,02,8,1,5.28386
2015,02,8,2,4.19535
2015,02,8,3,3.9824
2015,02,8,4,4.09188
2015,02,8,5,4.29992
2015,02,8,6,4.07818
2015,02,8,7,3.75874
2015,02,9,0,3.42398
2015,02,9,1,3.12107
2015,02,9,2,3.70759
2015,02,9,3,4.8086400000000005
2015,02,9,4,5.4644200000000005
2015,02,9,5,5.4944
2015,02,9,6,5.5975600000000005
2015,02,9,7,6.08207
2015,02,10,0,6.79965
2015,02,10,1,7.044029999999999
2015,02,10,2,6.70443
2015,02,10,3,6.38262
2015,02,10,4,5.88584
2015,02,10,5,5.85479
2015,02,10,6,6.09495
2015,02,10,7,6.27867
2015,02,11,0,6.5863000000000005
2015,02,11,1,6.90522
2015,02,11,2,7.308859999999999
2015,02,11,3,7.06925
2015,02,11,4,6.50051
2015,02,11,5,7.04545
2015,02,11,6,7.3406899999999995
2015,02,11,7,8.1151
2015,02,12,0,8.76786
2015,02,12,1,8.87519
2015,02,12,2,7.0715699999999995
2015,02,12,3,7.98288
2015,02,12,4,8.29836
2015,02,12,5,8.12026
2015,02,12,6,6.62622
2015,02,12,7,6.19407
2015,02,13,0,6.27006
2015,02,13,1,6.498
2015,02,13,2,6.07512
2015,02,13,3,5.31951
2015,02,13,4,4.98437
2015,02,13,5,5.18705
2015,02,13,6,4.79066
2015,02,13,7,5.1402
2015,02,14,0,7.56062
2015,02,14,1,6.93629
2015,02,14,2,7.88896
2015,02,14,3,7.32721
2015,02,14,4,5.19679
2015,02,14,5,2.40067
2015,02,14,6,1.7305899999999999
2015,02,14,7,1.98313
2015,02,15,0,2.78761
2015,02,15,1,3.40313
2015,02,15,2,3.2288099999999997
2015,02,15,3,3.5700100000000003
2015,02,15,4,3.74235
2015,02,15,5,3.40575
2015,02,15,6,2.8840500000000002
2015,02,15,7,3.03421
2015,02,16,0,3.0661199999999997
2015,02,16,1,2.4003200000000002
2015,02,16,2,2.35101
2015,02,16,3,3.31425
2015,02,16,4,3.25777
2015,02,16,5,3.36261
2015,02,16,6,3.8815999999999997
2015,02,16,7,4.2714
2015,02,17,0,4.29275
2015,02,17,1,4.43435
2015,02,17,2,4.89572
2015,02,17,3,4.85023
2015,02,17,4,4.98917
2015,02,17,5,5.055479999999999
2015,02,17,6,4.12379
2015,02,17,7,3.6845100000000004
2015,02,18,0,3.62329
2015,02,18,1,3.5620700000000003
2015,02,18,2,3.73175
2015,02,18,3,4.205
2015,02,18,4,4.17539
2015,02,18,5,4.10141
2015,02,18,6,4.59303
2015,02,18,7,5.30351
2015,02,19,0,6.0201
2015,02,19,1,6.60118
2015,02,19,2,6.7466
2015,02,19,3,7.14469
2015,02,19,4,8.05104
2015,02,19,5,8.00514
2015,02,19,6,7.83219
2015,02,19,7,8.02548
2015,02,20,0,8.43393
2015,02,20,1,9.62327
2015,02,20,2,9.6793
2015,02,20,3,7.09591
2015,02,20,4,5.81742
2015,02,20,5,6.01936
2015,02,20,6,5.89257
2015,02,20,7,6.94215
2015,02,21,0,7.465859999999999
2015,02,21,1,7.87974
2015,02,21,2,8.296389999999999
2015,02,21,3,8.41809
2015,02,21,4,8.15492
2015,02,21,5,8.324639999999999
2015,02,21,6,8.70162
2015,02,21,7,8.263
2015,02,22,0,7.49154
2015,02,22,1,8.34009
2015,02,22,2,8.219389999999999
2015,02,22,3,8.40683
2015,02,22,4,8.655190000000001
2015,02,22,5,9.66953
2015,02,22,6,9.73544
2015,02,22,7,9.61205
2015,02,23,0,9.509139999999999
2015,02,23,1,9.38049
2015,02,23,2,9.900889999999999
2015,02,23,3,11.146
2015,02,23,4,12.4197
2015,02,23,5,12.6313
2015,02,23,6,12.3865
2015,02,23,7,12.5997
2015,02,24,0,13.9604
2015,02,24,1,16.2181
2015,02,24,2,17.285
2015,02,24,3,16.1296
2015,02,24,4,14.280299999999999
2015,02,24,5,12.1264
2015,02,24,6,11.384
2015,02,24,7,11.386899999999999
2015,02,25,0,10.2216
2015,02,25,1,8.95285
2015,02,25,2,9.053780000000001
2015,02,25,3,9.61465
2015,02,25,4,11.4467
2015,02,25,5,11.17
2015,02,25,6,10.527700000000001
2015,02,25,7,7.38005
2015,02,26,0,6.845899999999999
2015,02,26,1,7.7349499999999995
2015,02,26,2,8.42927
2015,02,26,3,9.42897
2015,02,26,4,10.525799999999998
2015,02,26,5,10.0804
2015,02,26,6,9.49586
2015,02,26,7,9.565760000000001
2015,02,27,0,9.87765
2015,02,27,1,11.985
2015,02,27,2,10.5178
2015,02,27,3,10.321299999999999
2015,02,27,4,9.090459999999998
2015,02,27,5,7.50191
2015,02,27,6,6.217029999999999
2015,02,27,7,5.4893
2015,02,28,0,7.37488
2015,02,28,1,5.27742
2015,02,28,2,5.241
2015,02,28,3,5.67227
2015,02,28,4,6.17466
2015,02,28,5,6.47853
2015,02,28,6,6.5882
2015,02,28,7,7.17796
2015,02,29,0,7.89534
2015,02,29,1,8.42312
2015,02,29,2,8.84797
2015,02,29,3,8.5577
2015,02,29,4,8.43054
2015,02,29,5,9.10676
2015,02,29,6,15.849
2015,02,29,7,11.7566
2015,02,30,0,12.781
2015,02,30,1,13.4166
2015,02,30,2,13.3708
2015,02,30,3,13.0617
2015,02,30,4,12.8232
2015,02,30,5,11.547600000000001
2015,02,30,6,13.367799999999999
2015,02,30,7,15.1578
2015,02,1,0,16.1859
2015,02,1,1,16.1997
2015,02,1,2,14.341
2015,02,1,3,12.7767
2015,02,1,4,14.069700000000001
2015,02,1,5,14.1112
2015,02,1,6,14.0091
2015,02,1,7,13.640600000000001
2015,02,2,0,9.78069
2015,02,2,1,7.85925
2015,02,2,2,6.86459
2015,02,2,3,6.32538
2015,02,2,4,6.078729999999999
2015,02,2,5,6.7663
2015,02,2,6,7.69655
2015,02,2,7,8.04646
2015,02,3,0,7.0823100000000005
2015,02,3,1,6.5059700000000005
2015,02,3,2,6.49341
2015,02,3,3,6.252140000000001
2015,02,3,4,7.17306
2015,02,3,5,7.86091
2015,02,3,6,7.99333
2015,02,3,7,8.831059999999999
2015,02,4,0,9.085899999999999
2015,02,4,1,8.77718
2015,02,4,2,9.085719999999998
2015,02,4,3,9.942549999999999
2015,02,4,4,10.818100000000001
2015,02,4,5,10.907200000000001
2015,02,4,6,11.5311
2015,02,4,7,13.076600000000001
2015,02,5,0,15.2375
2015,02,5,1,15.4238
2015,02,5,2,17.939400000000003
2015,02,5,3,18.4797
2015,02,5,4,15.0278
2015,02,5,5,13.9278
2015,02,5,6,13.805299999999999
2015,02,5,7,15.031
2015,02,6,0,14.9009
2015,02,6,1,12.8247
2015,02,6,2,11.8629
2015,02,6,3,12.302
2015,02,6,4,13.5076
2015,02,6,5,13.7243
2015,02,6,6,12.6065
2015,02,6,7,11.5459
2015,02,7,0,8.743709999999998
2015,02,7,1,5.790970000000001
2015,02,7,2,8.767190000000001
2015,02,7,3,9.11365
2015,02,7,4,7.9721
2015,02,7,5,7.45282
2015,02,7,6,7.3508000000000004
2015,02,7,7,6.9607399999999995
2015,02,8,0,6.248399999999999
2015,02,8,1,6.92218
2015,02,8,2,7.39128
2015,02,8,3,7.47616
2015,02,8,4,7.60215
2015,02,8,5,8.22253
2015,02,8,6,8.6911
2015,02,8,7,9.183440000000001
2015,02,9,0,10.851299999999998
2015,02,9,1,12.9703
2015,02,9,2,13.6217
2015,02,9,3,13.890600000000001
2015,02,9,4,13.0109
2015,02,9,5,12.4802
2015,02,9,6,11.3826
2015,02,9,7,9.84072
2015,02,10,0,8.81882
2015,02,10,1,7.2158299999999995
2015,02,10,2,5.49364
2015,02,10,3,5.86037
2015,02,10,4,5.9662299999999995
2015,02,10,5,5.06297
2015,02,10,6,5.10109
2015,02,10,7,5.486689999999999
2015,02,11,0,6.07777
2015,02,11,1,7.1323
2015,02,11,2,7.85795
2015,02,11,3,7.73265
2015,02,11,4,7.38546
2015,02,11,5,8.50234
2015,02,11,6,10.5118
2015,02,11,7,12.487200000000001
2015,02,12,0,10.5018
2015,02,12,1,7.59828
2015,02,12,2,6.85139
2015,02,12,3,8.04424
2015,02,12,4,8.659709999999999
2015,02,12,5,7.31291
2015,02,12,6,6.463520000000001
2015,02,12,7,5.92581
2015,02,13,0,5.14301
2015,02,13,1,4.48484
2015,02,13,2,4.464270000000001
2015,02,13,3,5.27687
2015,02,13,4,6.0599300000000005
2015,02,13,5,6.7445
2015,02,13,6,7.18725
2015,02,13,7,7.2525
2015,02,14,0,7.110720000000001
2015,02,14,1,7.49036
2015,02,14,2,8.72449
2015,02,14,3,9.22546
2015,02,14,4,8.77164
2015,02,14,5,9.11579
2015,02,14,6,9.48685
2015,02,14,7,9.90616
2015,02,15,0,10.8702
2015,02,15,1,10.9185
2015,02,15,2,10.7515
2015,02,15,3,10.3111
2015,02,15,4,10.271
2015,02,15,5,11.2085
2015,02,15,6,10.8301
2015,02,15,7,10.2798
2015,02,16,0,10.6618
2015,02,16,1,10.130799999999999
2015,02,16,2,10.4231
2015,02,16,3,11.2371
2015,02,16,4,11.1923
2015,02,16,5,10.636
2015,02,16,6,9.782440000000001
2015,02,16,7,10.6808
2015,02,17,0,12.7569
2015,02,17,1,14.2013
2015,02,17,2,13.2241
2015,02,17,3,13.5821
2015,02,17,4,14.857899999999999
2015,02,17,5,14.9695
2015,02,17,6,15.4402
2015,02,17,7,16.199
2015,02,18,0,15.6154
2015,02,18,1,15.1341
2015,02,18,2,15.3444
2015,02,18,3,13.860299999999999
2015,02,18,4,12.5343
2015,02,18,5,12.2646
2015,02,18,6,12.4542
2015,02,18,7,13.5416
2015,02,19,0,14.4037
2015,02,19,1,14.1096
2015,02,19,2,13.1579
2015,02,19,3,12.427700000000002
2015,02,19,4,11.6925
2015,02,19,5,11.891200000000001
2015,02,19,6,11.707600000000001
2015,02,19,7,12.1125
2015,02,20,0,13.532200000000001
2015,02,20,1,14.613
2015,02,20,2,14.8894
2015,02,20,3,14.440100000000001
2015,02,20,4,12.3188
2015,02,20,5,11.8086
2015,02,20,6,13.519
2015,02,20,7,13.8226
2015,02,21,0,13.1186
2015,02,21,1,13.7896
2015,02,21,2,13.513399999999999
2015,02,21,3,11.7582
2015,02,21,4,11.9825
2015,02,21,5,13.1314
2015,02,21,6,13.382
2015,02,21,7,13.2012
2015,02,22,0,13.5326
2015,02,22,1,13.6247
2015,02,22,2,13.8499
2015,02,22,3,14.0586
2015,02,22,4,13.640600000000001
2015,02,22,5,13.4615
2015,02,22,6,13.577200000000001
2015,02,22,7,14.6315
2015,02,23,0,15.0903
2015,02,23,1,16.7246
2015,02,23,2,15.151399999999999
2015,02,23,3,14.6684
2015,02,23,4,15.8145
2015,02,23,5,16.0564
2015,02,23,6,15.43
2015,02,23,7,16.3324
2015,02,24,0,18.2201
2015,02,24,1,19.111099999999997
2015,02,24,2,17.923099999999998
2015,02,24,3,16.903599999999997
2015,02,24,4,16.1102
2015,02,24,5,15.088899999999999
2015,02,24,6,14.1936
2015,02,24,7,14.5139
2015,02,25,0,16.7345
2015,02,25,1,19.2953
2015,02,25,2,19.3304
2015,02,25,3,16.644
2015,02,25,4,14.6139
2015,02,25,5,14.4221
2015,02,25,6,14.8216
2015,02,25,7,16.693099999999998
2015,02,26,0,18.3532
2015,02,26,1,16.8765
2015,02,26,2,14.8925
2015,02,26,3,15.8962
2015,02,26,4,16.5564
2015,02,26,5,15.4032
2015,02,26,6,15.311399999999999
2015,02,26,7,16.0585
2015,02,27,0,16.9533
2015,02,27,1,16.9301
2015,02,27,2,16.8848
2015,02,27,3,16.4617
2015,02,27,4,15.6666
2015,02,27,5,15.078299999999999
2015,02,27,6,14.7367
2015,02,27,7,15.187
2015,02,28,0,15.3491
2015,02,28,1,13.169
2015,02,28,2,14.8978
2015,02,28,3,13.097700000000001
2015,02,28,4,12.370700000000001
2015,02,28,5,11.446299999999999
2015,02,28,6,12.0691
2015,02,28,7,14.1652
2015,02,29,0,14.8334
2015,02,29,1,14.816600000000001
2015,02,29,2,15.016
2015,02,29,3,14.9967
2015,02,29,4,14.7151
2015,02,29,5,12.7399
2015,02,29,6,13.3768
2015,02,29,7,13.7793
2015,02,30,0,14.2113
2015,02,30,1,13.9975
2015,02,30,2,14.215
2015,02,30,3,14.7071
2015,02,30,4,13.4965
2015,02,30,5,13.2793
2015,02,30,6,15.843200000000001
2015,02,30,7,18.7226
2015,02,31,0,18.8459
2015,02,31,1,17.2698
2015,02,31,2,19.3057
2015,02,31,3,13.219299999999999
2015,02,31,4,11.6439
2015,02,31,5,11.341
2015,02,31,6,12.3865
2015,02,31,7,13.6083
2015,02,1,0,11.8107
2015,02,1,1,9.730780000000001
2015,02,1,2,8.777899999999999
2015,02,1,3,6.8675500000000005
2015,02,1,4,4.94972
2015,02,1,5,4.672020000000001
2015,02,1,6,5.0663599999999995
2015,02,1,7,5.84168
2015,02,2,0,5.83033
2015,02,2,1,6.03499
2015,02,2,2,6.04632
2015,02,2,3,6.71434
2015,02,2,4,8.21739
2015,02,2,5,8.49833
2015,02,2,6,7.21662
2015,02,2,7,7.024859999999999
2015,02,3,0,9.72571
2015,02,3,1,9.000440000000001
2015,02,3,2,10.931899999999999
2015,02,3,3,11.0315
2015,02,3,4,11.1519
2015,02,3,5,11.623899999999999
2015,02,3,6,11.468
2015,02,3,7,12.4629
2015,02,4,0,13.0671
2015,02,4,1,13.2938
2015,02,4,2,14.1063
2015,02,4,3,16.2533
2015,02,4,4,17.399900000000002
2015,02,4,5,14.6106
2015,02,4,6,14.689
2015,02,4,7,16.802799999999998
2015,02,5,0,16.0362
2015,02,5,1,12.6936
2015,02,5,2,11.5315
2015,02,5,3,11.8076
2015,02,5,4,12.504100000000001
2015,02,5,5,12.0509
2015,02,5,6,10.6897
2015,02,5,7,10.6797
2015,02,6,0,12.309700000000001
2015,02,6,1,12.648200000000001
2015,02,6,2,13.2797
2015,02,6,3,12.2127
2015,02,6,4,12.7205
2015,02,6,5,12.0594
2015,02,6,6,11.209100000000001
2015,02,6,7,13.1647
2015,02,7,0,14.010200000000001
2015,02,7,1,15.9703
2015,02,7,2,16.9222
2015,02,7,3,17.9176
2015,02,7,4,18.165200000000002
2015,02,7,5,16.861
2015,02,7,6,14.6475
2015,02,7,7,14.069799999999999
2015,02,8,0,14.3888
2015,02,8,1,14.1576
2015,02,8,2,19.558
2015,02,8,3,13.7435
2015,02,8,4,13.608600000000001
2015,02,8,5,13.9084
2015,02,8,6,13.5525
2015,02,8,7,13.414200000000001
2015,02,9,0,13.877799999999999
2015,02,9,1,13.4994
2015,02,9,2,11.6769
2015,02,9,3,11.3385
2015,02,9,4,13.7776
2015,02,9,5,12.434899999999999
2015,02,9,6,13.3479
2015,02,9,7,14.853299999999999
2015,02,10,0,17.1889
2015,02,10,1,18.6214
2015,02,10,2,20.2958
2015,02,10,3,19.694
2015,02,10,4,20.254
2015,02,10,5,22.502299999999998
2015,02,10,6,22.3553
2015,02,10,7,20.8932
2015,02,11,0,20.580599999999997
2015,02,11,1,21.325
2015,02,11,2,22.1279
2015,02,11,3,24.733400000000003
2015,02,11,4,26.6318
2015,02,11,5,25.6528
2015,02,11,6,23.3398
2015,02,11,7,22.8766
2015,02,12,0,23.9215
2015,02,12,1,24.446
2015,02,12,2,23.5548
2015,02,12,3,22.441200000000002
2015,02,12,4,21.3729
2015,02,12,5,20.6975
2015,02,12,6,21.8666
2015,02,12,7,26.1175
2015,02,13,0,21.3492
2015,02,13,1,19.6963
2015,02,13,2,18.1872
2015,02,13,3,15.836200000000002
2015,02,13,4,13.6897
2015,02,13,5,12.4775
2015,02,13,6,13.838
2015,02,13,7,16.9458
2015,02,14,0,21.8959
2015,02,14,1,23.4799
2015,02,14,2,19.338
2015,02,14,3,18.9257
2015,02,14,4,16.9342
2015,02,14,5,15.295399999999999
2015,02,14,6,15.5667
2015,02,14,7,16.4779
2015,02,15,0,15.1309
2015,02,15,1,11.1522
2015,02,15,2,8.32964
2015,02,15,3,6.675739999999999
2015,02,15,4,5.941859999999999
2015,02,15,5,6.23847
2015,02,15,6,5.88271
2015,02,15,7,6.0258
2015,02,16,0,5.77372
2015,02,16,1,5.07707
2015,02,16,2,4.0448699999999995
2015,02,16,3,3.90962
2015,02,16,4,4.0021700000000004
2015,02,16,5,4.659800000000001
2015,02,16,6,4.99464
2015,02,16,7,5.47947
2015,02,17,0,7.02342
2015,02,17,1,7.52855
2015,02,17,2,6.93616
2015,02,17,3,5.97041
2015,02,17,4,6.043699999999999
2015,02,17,5,6.640569999999999
2015,02,17,6,6.81366
2015,02,17,7,8.08718
2015,02,18,0,6.994689999999999
2015,02,18,1,7.3564799999999995
2015,02,18,2,8.069
2015,02,18,3,7.643800000000001
2015,02,18,4,7.0902899999999995
2015,02,18,5,7.35179
2015,02,18,6,7.35628
2015,02,18,7,7.46819
2015,02,19,0,9.82675
2015,02,19,1,8.11159
2015,02,19,2,6.43177
2015,02,19,3,5.61683
2015,02,19,4,5.6789499999999995
2015,02,19,5,5.32821
2015,02,19,6,4.97107
2015,02,19,7,5.2368999999999994
2015,02,20,0,5.7496
2015,02,20,1,5.944
2015,02,20,2,6.06237
2015,02,20,3,6.4646300000000005
2015,02,20,4,6.35731
2015,02,20,5,6.146100000000001
2015,02,20,6,6.22011
2015,02,20,7,6.32551
2015,02,21,0,5.4505
2015,02,21,1,4.32546
2015,02,21,2,3.60287
2015,02,21,3,4.64166
2015,02,21,4,5.9582
2015,02,21,5,6.58014
2015,02,21,6,7.08947
2015,02,21,7,6.68133
2015,02,22,0,5.92979
2015,02,22,1,5.40557
2015,02,22,2,4.28311
2015,02,22,3,3.5511399999999997
2015,02,22,4,3.60519
2015,02,22,5,3.92201
2015,02,22,6,3.8627399999999996
2015,02,22,7,4.10963
2015,02,23,0,4.753340000000001
2015,02,23,1,4.958060000000001
2015,02,23,2,4.947229999999999
2015,02,23,3,5.59249
2015,02,23,4,6.2428
2015,02,23,5,5.65438
2015,02,23,6,5.8742399999999995
2015,02,23,7,6.69511
2015,02,24,0,7.34828
2015,02,24,1,8.18201
2015,02,24,2,9.1944
2015,02,24,3,8.73959
2015,02,24,4,8.65291
2015,02,24,5,9.4583
2015,02,24,6,10.0335
2015,02,24,7,10.384799999999998
2015,02,25,0,9.73854
2015,02,25,1,9.088569999999999
2015,02,25,2,8.58167
2015,02,25,3,8.35756
2015,02,25,4,8.71205
2015,02,25,5,8.27606
2015,02,25,6,7.22587
2015,02,25,7,8.94411
2015,02,26,0,11.145
2015,02,26,1,10.4603
2015,02,26,2,10.684899999999999
2015,02,26,3,11.797600000000001
2015,02,26,4,13.434
2015,02,26,5,16.5108
2015,02,26,6,19.4282
2015,02,26,7,23.263099999999998
2015,02,27,0,25.9393
2015,02,27,1,25.367900000000002
2015,02,27,2,24.230400000000003
2015,02,27,3,24.1337
2015,02,27,4,21.7043
2015,02,27,5,22.2252
2015,02,27,6,21.2999
2015,02,27,7,20.1617
2015,02,28,0,20.5197
2015,02,28,1,19.636599999999998
2015,02,28,2,18.829
2015,02,28,3,22.482400000000002
2015,02,28,4,25.1582
2015,02,28,5,31.2633
2015,02,28,6,39.0402
2015,02,28,7,30.865599999999997
2015,02,29,0,32.7477
2015,02,29,1,28.104400000000002
2015,02,29,2,26.7103
2015,02,29,3,26.663
2015,02,29,4,29.8586
2015,02,29,5,27.4213
2015,02,29,6,29.069599999999998
2015,02,29,7,31.030900000000003
2015,02,30,0,34.0697
2015,02,30,1,27.6627
2015,02,30,2,26.656
2015,02,30,3,26.6829
2015,02,30,4,27.5199
2015,02,30,5,28.580099999999998
2015,02,30,6,29.1624
2015,02,30,7,29.1437
2015,02,1,0,30.8064
2015,02,1,1,28.6189
2015,02,1,2,30.015099999999997
2015,02,1,3,31.1516
2015,02,1,4,30.2875
2015,02,1,5,33.526199999999996
2015,02,1,6,30.7316
2015,02,1,7,29.209
2015,02,2,0,25.5147
2015,02,2,1,28.7431
2015,02,2,2,33.334300000000006
2015,02,2,3,35.3438
2015,02,2,4,31.6038
2015,02,2,5,33.1649
2015,02,2,6,40.0365
2015,02,2,7,35.5374
2015,02,3,0,34.959
2015,02,3,1,34.6178
2015,02,3,2,33.8024
2015,02,3,3,28.6813
2015,02,3,4,26.0972
2015,02,3,5,22.9132
2015,02,3,6,21.5714
2015,02,3,7,19.5455
2015,02,4,0,15.8088
2015,02,4,1,16.4655
2015,02,4,2,19.4273
2015,02,4,3,21.2018
2015,02,4,4,22.565099999999997
2015,02,4,5,25.7363
2015,02,4,6,23.867099999999997
2015,02,4,7,22.1019
2015,02,5,0,23.072200000000002
2015,02,5,1,23.773400000000002
2015,02,5,2,25.377599999999997
2015,02,5,3,24.282
2015,02,5,4,21.5172
2015,02,5,5,21.2285
2015,02,5,6,20.792900000000003
2015,02,5,7,21.8492
2015,02,6,0,23.609299999999998
2015,02,6,1,22.6353
2015,02,6,2,24.7806
2015,02,6,3,22.019
2015,02,6,4,18.0012
2015,02,6,5,17.9773
2015,02,6,6,19.3041
2015,02,6,7,21.8665
2015,02,7,0,26.310299999999998
2015,02,7,1,26.8094
2015,02,7,2,24.327599999999997
2015,02,7,3,23.005
2015,02,7,4,23.442400000000003
2015,02,7,5,22.840799999999998
2015,02,7,6,20.5729
2015,02,7,7,20.5147
2015,02,8,0,17.697599999999998
2015,02,8,1,12.2805
2015,02,8,2,15.074
2015,02,8,3,14.754100000000001
2015,02,8,4,13.598799999999999
2015,02,8,5,13.652
2015,02,8,6,13.8089
2015,02,8,7,14.804200000000002
2015,02,9,0,16.311799999999998
2015,02,9,1,16.1772
2015,02,9,2,16.498099999999997
2015,02,9,3,17.0927
2015,02,9,4,18.1603
2015,02,9,5,18.8529
2015,02,9,6,17.6478
2015,02,9,7,19.2643
2015,02,10,0,20.5182
2015,02,10,1,17.9232
2015,02,10,2,16.2802
2015,02,10,3,16.2528
2015,02,10,4,16.9695
2015,02,10,5,18.0975
2015,02,10,6,19.259900000000002
2015,02,10,7,20.1429
2015,02,11,0,21.171
2015,02,11,1,21.334400000000002
2015,02,11,2,20.4143
2015,02,11,3,19.524900000000002
2015,02,11,4,18.3974
2015,02,11,5,17.55
2015,02,11,6,16.6184
2015,02,11,7,17.796400000000002
2015,02,12,0,19.026
2015,02,12,1,24.338900000000002
2015,02,12,2,16.857
2015,02,12,3,14.9991
2015,02,12,4,13.765
2015,02,12,5,13.557
2015,02,12,6,13.5908
2015,02,12,7,14.3482
2015,02,13,0,14.812100000000001
2015,02,13,1,14.4465
2015,02,13,2,13.231399999999999
2015,02,13,3,12.572299999999998
2015,02,13,4,15.485
2015,02,13,5,18.3511
2015,02,13,6,17.4369
2015,02,13,7,16.9465
2015,02,14,0,17.690900000000003
2015,02,14,1,17.581599999999998
2015,02,14,2,16.3649
2015,02,14,3,15.135299999999999
2015,02,14,4,15.8318
2015,02,14,5,15.825899999999999
2015,02,14,6,15.3898
2015,02,14,7,15.2155
2015,02,15,0,13.770700000000001
2015,02,15,1,12.9236
2015,02,15,2,12.3304
2015,02,15,3,12.0937
2015,02,15,4,12.6004
2015,02,15,5,11.9207
2015,02,15,6,10.8978
2015,02,15,7,14.382
2015,02,16,0,13.926
2015,02,16,1,14.4024
2015,02,16,2,14.2741
2015,02,16,3,13.4061
2015,02,16,4,11.766399999999999
2015,02,16,5,10.465399999999999
2015,02,16,6,9.900360000000001
2015,02,16,7,11.0658
2015,02,17,0,13.0442
2015,02,17,1,13.979299999999999
2015,02,17,2,14.259
2015,02,17,3,12.7075
2015,02,17,4,11.8918
2015,02,17,5,11.2047
2015,02,17,6,9.16723
2015,02,17,7,9.37837
2015,02,18,0,10.9236
2015,02,18,1,10.0426
2015,02,18,2,9.0152
2015,02,18,3,7.72098
2015,02,18,4,8.2678
2015,02,18,5,9.500440000000001
2015,02,18,6,11.078
2015,02,18,7,14.4966
2015,02,19,0,17.782400000000003
2015,02,19,1,16.794400000000003
2015,02,19,2,20.4739
2015,02,19,3,23.0217
2015,02,19,4,22.5433
2015,02,19,5,26.209400000000002
2015,02,19,6,25.200400000000002
2015,02,19,7,26.756700000000002
2015,02,20,0,25.837799999999998
2015,02,20,1,25.577599999999997
2015,02,20,2,23.8425
2015,02,20,3,22.138900000000003
2015,02,20,4,22.9113
2015,02,20,5,25.080099999999998
2015,02,20,6,27.3639
2015,02,20,7,26.8703
2015,02,21,0,26.263900000000003
2015,02,21,1,25.885900000000003
2015,02,21,2,26.314
2015,02,21,3,27.2621
2015,02,21,4,24.8353
2015,02,21,5,25.1719
2015,02,21,6,24.5231
2015,02,21,7,25.8872
2015,02,22,0,27.153
2015,02,22,1,27.953599999999998
2015,02,22,2,28.3483
2015,02,22,3,26.579900000000002
2015,02,22,4,24.2937
2015,02,22,5,22.2085
2015,02,22,6,21.1468
2015,02,22,7,22.1251
2015,02,23,0,22.822
2015,02,23,1,21.6629
2015,02,23,2,20.3173
2015,02,23,3,19.5289
2015,02,23,4,18.2554
2015,02,23,5,18.0424
2015,02,23,6,17.944599999999998
2015,02,23,7,18.8964
2015,02,24,0,18.9444
2015,02,24,1,17.3508
2015,02,24,2,15.6945
2015,02,24,3,13.177299999999999
2015,02,24,4,11.396799999999999
2015,02,24,5,10.837200000000001
2015,02,24,6,11.229299999999999
2015,02,24,7,11.627600000000001
2015,02,25,0,11.8548
2015,02,25,1,11.2887
2015,02,25,2,11.089799999999999
2015,02,25,3,11.0924
2015,02,25,4,10.8755
2015,02,25,5,10.2008
2015,02,25,6,9.63367
2015,02,25,7,9.2565
2015,02,26,0,9.49709
2015,02,26,1,9.53998
2015,02,26,2,9.575629999999999
2015,02,26,3,9.445459999999999
2015,02,26,4,9.37053
2015,02,26,5,8.757719999999999
2015,02,26,6,8.09078
2015,02,26,7,8.366299999999999
2015,02,27,0,8.846950000000001
2015,02,27,1,8.35625
2015,02,27,2,6.83603
2015,02,27,3,6.49745
2015,02,27,4,6.8812
2015,02,27,5,6.514810000000001
2015,02,27,6,5.88478
2015,02,27,7,6.20824
2015,02,28,0,7.90034
2015,02,28,1,7.44938
2015,02,28,2,7.38373
2015,02,28,3,7.75872
2015,02,28,4,8.957790000000001
2015,02,28,5,9.57679
2015,02,28,6,9.0397
2015,02,28,7,8.961469999999998
2015,02,29,0,10.0178
2015,02,29,1,9.76672
2015,02,29,2,9.305719999999999
2015,02,29,3,8.997459999999998
2015,02,29,4,8.8349
2015,02,29,5,9.036430000000001
2015,02,29,6,9.74681
2015,02,29,7,11.0401
2015,02,30,0,12.9176
2015,02,30,1,16.0102
2015,02,30,2,17.1019
2015,02,30,3,21.7437
2015,02,30,4,21.283900000000003
2015,02,30,5,21.5292
2015,02,30,6,24.180400000000002
2015,02,30,7,28.138900000000003
2015,02,31,0,29.6978
2015,02,31,1,27.757900000000003
2015,02,31,2,24.8699
2015,02,31,3,26.087400000000002
2015,02,31,4,33.4825
2015,02,31,5,33.283199999999994
2015,02,31,6,33.7472
2015,02,31,7,31.693099999999998
2015,02,1,0,33.4086
2015,02,1,1,35.941300000000005
2015,02,1,2,35.3575
2015,02,1,3,35.0501
2015,02,1,4,36.177800000000005
2015,02,1,5,34.3705
2015,02,1,6,31.1058
2015,02,1,7,26.385900000000003
2015,02,2,0,28.970599999999997
2015,02,2,1,28.5222
2015,02,2,2,26.8647
2015,02,2,3,25.0382
2015,02,2,4,24.3346
2015,02,2,5,25.1067
2015,02,2,6,24.1784
2015,02,2,7,22.9359
2015,02,3,0,23.0654
2015,02,3,1,19.7491
2015,02,3,2,19.795099999999998
2015,02,3,3,19.3262
2015,02,3,4,17.7328
2015,02,3,5,16.895799999999998
2015,02,3,6,14.841
2015,02,3,7,12.545
2015,02,4,0,11.6198
2015,02,4,1,11.4496
2015,02,4,2,13.1117
2015,02,4,3,14.2302
2015,02,4,4,15.180299999999999
2015,02,4,5,14.7213
2015,02,4,6,15.5541
2015,02,4,7,17.1988
2015,02,5,0,19.554
2015,02,5,1,18.6706
2015,02,5,2,17.5018
2015,02,5,3,16.058
2015,02,5,4,14.1823
2015,02,5,5,14.6174
2015,02,5,6,14.090200000000001
2015,02,5,7,11.1972
2015,02,6,0,12.401299999999999
2015,02,6,1,13.6876
2015,02,6,2,12.7827
2015,02,6,3,12.9892
2015,02,6,4,10.994299999999999
2015,02,6,5,10.2014
2015,02,6,6,10.9603
2015,02,6,7,16.0812
2015,02,7,0,20.2177
2015,02,7,1,21.3066
2015,02,7,2,23.4025
2015,02,7,3,24.7405
2015,02,7,4,21.6335
2015,02,7,5,21.0431
2015,02,7,6,17.914900000000003
2015,02,7,7,13.1099
2015,02,8,0,11.7222
2015,02,8,1,16.5765
2015,02,8,2,18.3663
2015,02,8,3,17.3063
2015,02,8,4,16.8052
2015,02,8,5,15.2158
2015,02,8,6,14.4939
2015,02,8,7,15.139700000000001
2015,02,9,0,16.2955
2015,02,9,1,17.0117
2015,02,9,2,15.4937
2015,02,9,3,13.305
2015,02,9,4,11.613700000000001
2015,02,9,5,10.187
2015,02,9,6,8.664190000000001
2015,02,9,7,8.685459999999999
2015,02,10,0,9.38173
2015,02,10,1,10.1061
2015,02,10,2,9.592030000000001
2015,02,10,3,11.5145
2015,02,10,4,12.344299999999999
2015,02,10,5,10.6812
2015,02,10,6,9.43416
2015,02,10,7,8.95909
2015,02,11,0,9.40919
2015,02,11,1,9.80752
2015,02,11,2,9.431610000000001
2015,02,11,3,10.064200000000001
2015,02,11,4,9.84577
2015,02,11,5,10.4545
2015,02,11,6,10.083200000000001
2015,02,11,7,10.597
2015,02,12,0,10.2525
2015,02,12,1,9.97258
2015,02,12,2,10.324200000000001
2015,02,12,3,9.143780000000001
2015,02,12,4,8.118310000000001
2015,02,12,5,8.32399
2015,02,12,6,11.6974
2015,02,12,7,13.525
2015,02,13,0,13.4948
2015,02,13,1,11.7043
2015,02,13,2,16.6018
2015,02,13,3,23.702599999999997
2015,02,13,4,23.0641
2015,02,13,5,27.0061
2015,02,13,6,31.8826
2015,02,13,7,30.682299999999998
2015,02,14,0,28.2336
2015,02,14,1,24.7834
2015,02,14,2,22.2186
2015,02,14,3,22.3556
2015,02,14,4,23.215400000000002
2015,02,14,5,22.6756
2015,02,14,6,20.7815
2015,02,14,7,19.2082
2015,02,15,0,16.0963
2015,02,15,1,14.358600000000001
2015,02,15,2,13.5716
2015,02,15,3,13.2988
2015,02,15,4,13.562700000000001
2015,02,15,5,13.9469
2015,02,15,6,14.456299999999999
2015,02,15,7,15.1824
2015,02,16,0,15.8407
2015,02,16,1,15.6217
2015,02,16,2,16.3535
2015,02,16,3,16.374100000000002
2015,02,16,4,15.005700000000001
2015,02,16,5,14.1287
2015,02,16,6,15.5795
2015,02,16,7,17.1801
2015,02,17,0,17.5488
2015,02,17,1,17.4245
2015,02,17,2,16.191200000000002
2015,02,17,3,14.507200000000001
2015,02,17,4,13.206299999999999
2015,02,17,5,13.1645
2015,02,17,6,12.7382
2015,02,17,7,13.5415
2015,02,18,0,14.4549
2015,02,18,1,14.7164
2015,02,18,2,13.081
2015,02,18,3,10.9449
2015,02,18,4,10.6608
2015,02,18,5,10.9101
2015,02,18,6,11.173
2015,02,18,7,11.627600000000001
2015,02,19,0,12.8792
2015,02,19,1,12.251
2015,02,19,2,9.648399999999999
2015,02,19,3,8.430629999999999
2015,02,19,4,9.431209999999998
2015,02,19,5,10.094899999999999
2015,02,19,6,10.725700000000002
2015,02,19,7,11.6505
2015,02,20,0,13.1244
2015,02,20,1,13.5778
2015,02,20,2,12.736600000000001
2015,02,20,3,12.460700000000001
2015,02,20,4,12.7719
2015,02,20,5,13.089799999999999
2015,02,20,6,12.7612
2015,02,20,7,12.7986
2015,02,21,0,13.6287
2015,02,21,1,14.2755
2015,02,21,2,13.214
2015,02,21,3,12.419799999999999
2015,02,21,4,12.3164
2015,02,21,5,12.629700000000001
2015,02,21,6,13.1031
2015,02,21,7,14.6075
2015,02,22,0,16.0182
2015,02,22,1,15.266399999999999
2015,02,22,2,14.04
2015,02,22,3,14.272200000000002
2015,02,22,4,13.4245
2015,02,22,5,12.544799999999999
2015,02,22,6,12.3627
2015,02,22,7,11.9916
2015,02,23,0,12.5451
2015,02,23,1,12.9589
2015,02,23,2,12.7337
2015,02,23,3,11.8252
2015,02,23,4,10.6325
2015,02,23,5,10.163
2015,02,23,6,9.64055
2015,02,23,7,10.155100000000001
2015,02,24,0,11.235299999999999
2015,02,24,1,12.2988
2015,02,24,2,11.523
2015,02,24,3,11.072799999999999
2015,02,24,4,10.938799999999999
2015,02,24,5,10.491100000000001
2015,02,24,6,9.78186
2015,02,24,7,9.56523
2015,02,25,0,10.6639
2015,02,25,1,11.764
2015,02,25,2,11.2386
2015,02,25,3,9.22482
2015,02,25,4,7.62045
2015,02,25,5,8.49348
2015,02,25,6,11.9069
2015,02,25,7,13.2103
2015,02,26,0,16.0748
2015,02,26,1,17.1297
2015,02,26,2,16.9375
2015,02,26,3,18.8663
2015,02,26,4,21.918200000000002
2015,02,26,5,26.370900000000002
2015,02,26,6,22.2003
2015,02,26,7,19.062
2015,02,27,0,19.2383
2015,02,27,1,20.894599999999997
2015,02,27,2,22.802
2015,02,27,3,23.2316
2015,02,27,4,23.1015
2015,02,27,5,21.764599999999998
2015,02,27,6,22.2675
2015,02,27,7,23.242
2015,02,28,0,22.5735
2015,02,28,1,21.0305
2015,02,28,2,20.7284
2015,02,28,3,19.338
2015,02,28,4,18.513900000000003
2015,02,28,5,19.4306
2015,02,28,6,26.1571
2015,02,28,7,25.3872
2015,02,29,0,26.717200000000002
2015,02,29,1,24.648799999999998
2015,02,29,2,19.7754
2015,02,29,3,17.343400000000003
2015,02,29,4,15.9598
2015,02,29,5,15.8626
2015,02,29,6,14.9429
2015,02,29,7,14.149799999999999
2015,02,30,0,13.3329
2015,02,30,1,13.320200000000002
2015,02,30,2,15.867799999999999
2015,02,30,3,20.9754
2015,02,30,4,17.435599999999997
2015,02,30,5,14.0079
2015,02,30,6,11.9954
2015,02,30,7,11.207600000000001
2015,02,31,0,12.3425
2015,02,31,1,14.2599
2015,02,31,2,14.5899
2015,02,31,3,13.9739
2015,02,31,4,13.068700000000002
2015,02,31,5,11.7999
2015,02,31,6,10.9398
2015,02,31,7,10.545399999999999
2015,02,1,0,11.4139
2015,02,1,1,11.738100000000001
2015,02,1,2,12.6054
2015,02,1,3,10.680200000000001
2015,02,1,4,8.94284
2015,02,1,5,8.497950000000001
2015,02,1,6,8.08266
2015,02,1,7,7.43774
2015,02,2,0,9.37274
2015,02,2,1,10.608
2015,02,2,2,8.92469
2015,02,2,3,8.53068
2015,02,2,4,10.219299999999999
2015,02,2,5,10.7384
2015,02,2,6,11.9333
2015,02,2,7,10.274299999999998
2015,02,3,0,11.2669
2015,02,3,1,11.248299999999999
2015,02,3,2,9.28711
2015,02,3,3,10.029399999999999
2015,02,3,4,11.5557
2015,02,3,5,11.7768
2015,02,3,6,11.2509
2015,02,3,7,9.63933
2015,02,4,0,10.0054
2015,02,4,1,10.419799999999999
2015,02,4,2,11.1852
2015,02,4,3,12.429799999999998
2015,02,4,4,13.3687
2015,02,4,5,13.9547
2015,02,4,6,12.0459
2015,02,4,7,9.60879
2015,02,5,0,6.79498
2015,02,5,1,5.7093
2015,02,5,2,4.51137
2015,02,5,3,4.44472
2015,02,5,4,5.11036
2015,02,5,5,5.856649999999999
2015,02,5,6,6.05768
2015,02,5,7,5.76912
2015,02,6,0,5.20413
2015,02,6,1,4.9511199999999995
2015,02,6,2,5.16151
2015,02,6,3,5.45874
2015,02,6,4,5.35898
2015,02,6,5,5.4305699999999995
2015,02,6,6,4.93618
2015,02,6,7,4.9743699999999995
2015,02,7,0,6.29669
2015,02,7,1,6.88867
2015,02,7,2,5.54418
2015,02,7,3,4.70746
2015,02,7,4,5.1627600000000005
2015,02,7,5,6.0751599999999994
2015,02,7,6,6.5599
2015,02,7,7,6.38243
2015,02,8,0,6.58263
2015,02,8,1,7.26263
2015,02,8,2,8.12098
2015,02,8,3,8.30073
2015,02,8,4,8.08334
2015,02,8,5,7.94221
2015,02,8,6,8.46369
2015,02,8,7,9.01776
2015,02,9,0,9.935649999999999
2015,02,9,1,11.312700000000001
2015,02,9,2,14.8599
2015,02,9,3,18.7488
2015,02,9,4,20.358700000000002
2015,02,9,5,20.159599999999998
2015,02,9,6,20.131700000000002
2015,02,9,7,21.1903
2015,02,10,0,23.296799999999998
2015,02,10,1,24.172400000000003
2015,02,10,2,21.2484
2015,02,10,3,20.5491
2015,02,10,4,21.752599999999997
2015,02,10,5,21.8356
2015,02,10,6,18.4909
2015,02,10,7,17.323700000000002
2015,02,11,0,17.0075
2015,02,11,1,15.793
2015,02,11,2,14.5133
2015,02,11,3,14.640799999999999
2015,02,11,4,13.9816
2015,02,11,5,16.882900000000003
2015,02,11,6,16.714599999999997
2015,02,11,7,16.1759
2015,02,12,0,16.1742
2015,02,12,1,15.5398
2015,02,12,2,14.6488
2015,02,12,3,13.0771
2015,02,12,4,12.946
2015,02,12,5,13.7002
2015,02,12,6,15.9733
2015,02,12,7,20.5743
2015,02,13,0,19.4547
2015,02,13,1,19.07
2015,02,13,2,21.342299999999998
2015,02,13,3,20.469
2015,02,13,4,20.4099
2015,02,13,5,21.0202
2015,02,13,6,22.2291
2015,02,13,7,22.291
2015,02,14,0,20.0382
2015,02,14,1,20.8225
2015,02,14,2,19.9668
2015,02,14,3,19.358
2015,02,14,4,19.6755
2015,02,14,5,19.318
2015,02,14,6,18.7394
2015,02,14,7,23.0693
2015,02,15,0,20.6376
2015,02,15,1,18.577099999999998
2015,02,15,2,18.5378
2015,02,15,3,20.3305
2015,02,15,4,23.264200000000002
2015,02,15,5,19.211
2015,02,15,6,17.1525
2015,02,15,7,17.5068
2015,02,16,0,13.6184
2015,02,16,1,12.624
2015,02,16,2,12.542200000000001
2015,02,16,3,13.4696
2015,02,16,4,13.0543
2015,02,16,5,10.4646
2015,02,16,6,9.16973
2015,02,16,7,8.92513
2015,02,17,0,8.45665
2015,02,17,1,9.196489999999999
2015,02,17,2,10.0046
2015,02,17,3,9.6735
2015,02,17,4,8.40593
2015,02,17,5,7.61664
2015,02,17,6,7.505859999999999
2015,02,17,7,6.2903
2015,02,18,0,5.996569999999999
2015,02,18,1,6.59097
2015,02,18,2,7.0083400000000005
2015,02,18,3,7.23691
2015,02,18,4,7.29849
2015,02,18,5,7.40557
2015,02,18,6,7.24146
2015,02,18,7,7.35646
2015,02,19,0,7.658810000000001
2015,02,19,1,7.830520000000001
2015,02,19,2,7.683859999999999
2015,02,19,3,7.37107
2015,02,19,4,7.5283500000000005
2015,02,19,5,7.89467
2015,02,19,6,7.51169
2015,02,19,7,7.57637
2015,02,20,0,7.51009
2015,02,20,1,7.36364
2015,02,20,2,7.24884
2015,02,20,3,7.07584
2015,02,20,4,7.21653
2015,02,20,5,7.27415
2015,02,20,6,7.02736
2015,02,20,7,7.080850000000001
2015,02,21,0,7.52547
2015,02,21,1,8.8789
2015,02,21,2,7.76787
2015,02,21,3,7.64425
2015,02,21,4,7.42001
2015,02,21,5,7.03567
2015,02,21,6,7.21884
2015,02,21,7,7.59489
2015,02,22,0,8.06208
2015,02,22,1,12.138200000000001
2015,02,22,2,11.2631
2015,02,22,3,11.475100000000001
2015,02,22,4,11.4449
2015,02,22,5,12.0326
2015,02,22,6,12.9116
2015,02,22,7,14.0897
2015,02,23,0,16.6861
2015,02,23,1,17.5507
2015,02,23,2,16.4118
2015,02,23,3,14.9255
2015,02,23,4,13.6294
2015,02,23,5,13.0304
2015,02,23,6,13.265799999999999
2015,02,23,7,13.3775
2015,02,24,0,13.8741
2015,02,24,1,13.9573
2015,02,24,2,18.4272
2015,02,24,3,13.4834
2015,02,24,4,11.6752
2015,02,24,5,12.552100000000001
2015,02,24,6,15.925
2015,02,24,7,18.32
2015,02,25,0,19.412200000000002
2015,02,25,1,18.518900000000002
2015,02,25,2,16.1765
2015,02,25,3,16.3554
2015,02,25,4,16.3646
2015,02,25,5,16.9648
2015,02,25,6,20.053099999999997
2015,02,25,7,19.1905
2015,02,26,0,19.2205
2015,02,26,1,17.9226
2015,02,26,2,19.703200000000002
2015,02,26,3,22.241400000000002
2015,02,26,4,21.840799999999998
2015,02,26,5,20.4926
2015,02,26,6,18.0108
2015,02,26,7,17.250700000000002
2015,02,27,0,18.133200000000002
2015,02,27,1,17.657700000000002
2015,02,27,2,17.0425
2015,02,27,3,15.9685
2015,02,27,4,14.9333
2015,02,27,5,13.9034
2015,02,27,6,12.019200000000001
2015,02,27,7,10.9774
2015,02,28,0,11.0168
2015,02,28,1,10.4229
2015,02,28,2,10.4107
2015,02,28,3,9.620370000000001
2015,02,28,4,9.76051
2015,02,28,5,10.9963
2015,02,28,6,12.6921
2015,02,28,7,12.5025
2015,02,29,0,13.0937
2015,02,29,1,15.3593
2015,02,29,2,15.878
2015,02,29,3,16.530099999999997
2015,02,29,4,16.2392
2015,02,29,5,15.229299999999999
2015,02,29,6,14.9549
2015,02,29,7,13.8883
2015,02,30,0,13.556899999999999
2015,02,30,1,13.711799999999998
2015,02,30,2,15.3856
2015,02,30,3,17.933
2015,02,30,4,19.5374
2015,02,30,5,19.5089
2015,02,30,6,19.3667
2015,02,30,7,22.8274
2015,02,1,0,18.2941
2015,02,1,1,19.7252
2015,02,1,2,16.2995
2015,02,1,3,16.5601
2015,02,1,4,15.4124
2015,02,1,5,15.573
2015,02,1,6,16.459
2015,02,1,7,16.697200000000002
2015,02,2,0,9.90472
2015,02,2,1,9.52597
2015,02,2,2,11.3072
2015,02,2,3,11.212200000000001
2015,02,2,4,12.3762
2015,02,2,5,12.470799999999999
2015,02,2,6,15.008299999999998
2015,02,2,7,16.0014
2015,02,3,0,15.5261
2015,02,3,1,15.3088
2015,02,3,2,15.4749
2015,02,3,3,13.7305
2015,02,3,4,11.6471
2015,02,3,5,10.7812
2015,02,3,6,10.841
2015,02,3,7,11.317200000000001
2015,02,4,0,14.2195
2015,02,4,1,14.146
2015,02,4,2,12.1486
2015,02,4,3,11.0761
2015,02,4,4,14.2168
2015,02,4,5,16.5382
2015,02,4,6,18.4019
2015,02,4,7,18.635099999999998
2015,02,5,0,20.1204
2015,02,5,1,20.268099999999997
2015,02,5,2,18.384400000000003
2015,02,5,3,17.774
2015,02,5,4,19.2479
2015,02,5,5,20.2047
2015,02,5,6,19.85
2015,02,5,7,18.614900000000002
2015,02,6,0,17.908099999999997
2015,02,6,1,17.2867
2015,02,6,2,17.1475
2015,02,6,3,18.123900000000003
2015,02,6,4,18.3861
2015,02,6,5,17.8834
2015,02,6,6,17.6279
2015,02,6,7,17.913
2015,02,7,0,18.017
2015,02,7,1,17.5373
2015,02,7,2,16.6114
2015,02,7,3,15.7889
2015,02,7,4,14.3329
2015,02,7,5,13.207
2015,02,7,6,14.1446
2015,02,7,7,14.9077
2015,02,8,0,14.8565
2015,02,8,1,14.3438
2015,02,8,2,15.915899999999999
2015,02,8,3,17.0665
2015,02,8,4,16.428099999999997
2015,02,8,5,16.1834
2015,02,8,6,18.5639
2015,02,8,7,21.0185
2015,02,9,0,20.3781
2015,02,9,1,19.9307
2015,02,9,2,19.770599999999998
2015,02,9,3,18.1775
2015,02,9,4,17.7909
2015,02,9,5,16.471400000000003
2015,02,9,6,14.9145
2015,02,9,7,12.9429
2015,02,10,0,12.3065
2015,02,10,1,12.863299999999999
2015,02,10,2,14.430299999999999
2015,02,10,3,15.7276
2015,02,10,4,14.8085
2015,02,10,5,14.0317
2015,02,10,6,14.1651
2015,02,10,7,14.2614
2015,02,11,0,15.7177
2015,02,11,1,15.3049
2015,02,11,2,13.5359
2015,02,11,3,13.8665
2015,02,11,4,15.010299999999999
2015,02,11,5,16.3216
2015,02,11,6,15.8511
2015,02,11,7,15.6701
2015,02,12,0,16.3456
2015,02,12,1,17.4924
2015,02,12,2,16.035700000000002
2015,02,12,3,15.4725
2015,02,12,4,15.6434
2015,02,12,5,16.4035
2015,02,12,6,16.0386
2015,02,12,7,15.569600000000001
2015,02,13,0,15.6881
2015,02,13,1,15.211799999999998
2015,02,13,2,14.4034
2015,02,13,3,14.005600000000001
2015,02,13,4,13.9427
2015,02,13,5,14.592600000000001
2015,02,13,6,15.3861
2015,02,13,7,17.3733
2015,02,14,0,18.8263
2015,02,14,1,19.969099999999997
2015,02,14,2,20.4042
2015,02,14,3,21.4976
2015,02,14,4,22.152
2015,02,14,5,22.366799999999998
2015,02,14,6,23.2103
2015,02,14,7,23.161900000000003
2015,02,15,0,20.8785
2015,02,15,1,19.551599999999997
2015,02,15,2,19.3338
2015,02,15,3,21.9894
2015,02,15,4,25.401
2015,02,15,5,29.8216
2015,02,15,6,24.8613
2015,02,15,7,24.309900000000003
2015,02,16,0,23.607599999999998
2015,02,16,1,22.7781
2015,02,16,2,21.6621
2015,02,16,3,24.0679
2015,02,16,4,26.2785
2015,02,16,5,27.3296
2015,02,16,6,25.876099999999997
2015,02,16,7,26.1792
2015,02,17,0,27.3263
2015,02,17,1,27.711599999999997
2015,02,17,2,26.4683
2015,02,17,3,26.7409
2015,02,17,4,25.307599999999997
2015,02,17,5,24.541700000000002
2015,02,17,6,23.0703
2015,02,17,7,21.4222
2015,02,18,0,21.0545
2015,02,18,1,21.5311
2015,02,18,2,21.769099999999998
2015,02,18,3,23.1064
2015,02,18,4,25.604200000000002
2015,02,18,5,20.7836
2015,02,18,6,16.2614
2015,02,18,7,14.850299999999999
2015,02,19,0,12.6166
2015,02,19,1,11.7086
2015,02,19,2,10.8975
2015,02,19,3,12.328899999999999
2015,02,19,4,13.0187
2015,02,19,5,11.8756
2015,02,19,6,12.4643
2015,02,19,7,11.5981
2015,02,20,0,12.5281
2015,02,20,1,13.994200000000001
2015,02,20,2,14.1257
2015,02,20,3,13.819799999999999
2015,02,20,4,13.736600000000001
2015,02,20,5,13.0545
2015,02,20,6,11.632299999999999
2015,02,20,7,10.9408
2015,02,21,0,11.216299999999999
2015,02,21,1,10.8632
2015,02,21,2,10.8017
2015,02,21,3,10.9629
2015,02,21,4,9.91765
2015,02,21,5,9.30286
2015,02,21,6,8.82725
2015,02,21,7,8.723510000000001
2015,02,22,0,9.036959999999999
2015,02,22,1,9.78741
2015,02,22,2,10.083
2015,02,22,3,9.52416
2015,02,22,4,9.44173
2015,02,22,5,10.9806
2015,02,22,6,12.0837
2015,02,22,7,12.4067
2015,02,23,0,12.514299999999999
2015,02,23,1,11.319
2015,02,23,2,11.0396
2015,02,23,3,10.8922
2015,02,23,4,10.2627
2015,02,23,5,9.8643
2015,02,23,6,9.015799999999999
2015,02,23,7,7.77674
2015,02,24,0,7.57965
2015,02,24,1,8.64157
2015,02,24,2,9.87807
2015,02,24,3,10.2084
2015,02,24,4,9.92385
2015,02,24,5,10.6649
2015,02,24,6,11.5804
2015,02,24,7,12.1893
2015,02,25,0,12.0918
2015,02,25,1,11.9417
2015,02,25,2,11.4297
2015,02,25,3,11.1039
2015,02,25,4,11.8366
2015,02,25,5,13.703299999999999
2015,02,25,6,14.463799999999999
2015,02,25,7,14.3014
2015,02,26,0,12.0282
2015,02,26,1,9.097719999999999
2015,02,26,2,6.86578
2015,02,26,3,6.021229999999999
2015,02,26,4,6.51314
2015,02,26,5,5.97605
2015,02,26,6,5.1116
2015,02,26,7,4.731529999999999
2015,02,27,0,4.7776000000000005
2015,02,27,1,4.39201
2015,02,27,2,3.7028000000000003
2015,02,27,3,4.37765
2015,02,27,4,5.28557
2015,02,27,5,5.98852
2015,02,27,6,6.4674700000000005
2015,02,27,7,8.688780000000001
2015,02,28,0,11.8832
2015,02,28,1,13.644200000000001
2015,02,28,2,14.5317
2015,02,28,3,16.2769
2015,02,28,4,18.329099999999997
2015,02,28,5,18.0839
2015,02,28,6,17.848599999999998
2015,02,28,7,15.7044
2015,02,29,0,13.8226
2015,02,29,1,15.114799999999999
2015,02,29,2,14.795200000000001
2015,02,29,3,12.2768
2015,02,29,4,10.796299999999999
2015,02,29,5,9.616389999999999
2015,02,29,6,8.85339
2015,02,29,7,7.33504
2015,02,30,0,6.41257
2015,02,30,1,6.73707
2015,02,30,2,6.98155
2015,02,30,3,6.57268
2015,02,30,4,6.616779999999999
2015,02,30,5,5.60235
2015,02,30,6,6.37207
2015,02,30,7,9.44883
2015,02,31,0,10.7059
2015,02,31,1,9.581809999999999
2015,02,31,2,10.5503
2015,02,31,3,9.91175
2015,02,31,4,8.59474
2015,02,31,5,7.635689999999999
2015,02,31,6,8.58858
2015,02,31,7,7.20392
2015,02,1,0,7.4111899999999995
2015,02,1,1,8.00131
2015,02,1,2,7.68709
2015,02,1,3,8.13843
2015,02,1,4,9.38575
2015,02,1,5,7.75169
2015,02,1,6,5.674720000000001
2015,02,1,7,4.9033
2015,02,2,0,4.80108
2015,02,2,1,5.2910699999999995
2015,02,2,2,7.15682
2015,02,2,3,10.1046
2015,02,2,4,9.62153
2015,02,2,5,10.0458
2015,02,2,6,11.8207
2015,02,2,7,11.7874
2015,02,3,0,12.759
2015,02,3,1,11.9391
2015,02,3,2,11.0571
2015,02,3,3,9.70571
2015,02,3,4,8.28788
2015,02,3,5,7.92543
2015,02,3,6,8.07433
2015,02,3,7,8.319799999999999
2015,02,4,0,8.095279999999999
2015,02,4,1,7.69793
2015,02,4,2,7.3291
2015,02,4,3,7.165220000000001
2015,02,4,4,6.8106599999999995
2015,02,4,5,6.16952
2015,02,4,6,5.338010000000001
2015,02,4,7,4.58406
2015,02,5,0,4.11788
2015,02,5,1,3.89686
2015,02,5,2,4.04597
2015,02,5,3,3.95883
2015,02,5,4,3.76315
2015,02,5,5,3.66969
2015,02,5,6,6.03109
2015,02,5,7,7.09877
2015,02,6,0,7.696479999999999
2015,02,6,1,6.25273
2015,02,6,2,4.7322299999999995
2015,02,6,3,5.46368
2015,02,6,4,6.47627
2015,02,6,5,6.4713
2015,02,6,6,6.34938
2015,02,6,7,5.5483400000000005
2015,02,7,0,4.99963
2015,02,7,1,4.9754700000000005
2015,02,7,2,5.088100000000001
2015,02,7,3,5.4316
2015,02,7,4,4.83716
2015,02,7,5,4.84642
2015,02,7,6,4.79385
2015,02,7,7,4.42403
2015,02,8,0,5.12964
2015,02,8,1,5.5501000000000005
2015,02,8,2,5.54169
2015,02,8,3,5.009810000000001
2015,02,8,4,4.70343
2015,02,8,5,4.88781
2015,02,8,6,5.858899999999999
2015,02,8,7,7.149979999999999
2015,02,9,0,7.62925
2015,02,9,1,6.82216
2015,02,9,2,6.517
2015,02,9,3,7.81231
2015,02,9,4,7.062189999999999
2015,02,9,5,6.00167
2015,02,9,6,5.57664
2015,02,9,7,4.8530500000000005
2015,02,10,0,6.46059
2015,02,10,1,6.67169
2015,02,10,2,6.878229999999999
2015,02,10,3,5.322100000000001
2015,02,10,4,4.552479999999999
2015,02,10,5,5.71429
2015,02,10,6,6.82671
2015,02,10,7,5.58996
2015,02,11,0,4.26771
2015,02,11,1,3.53363
2015,02,11,2,2.1650300000000002
2015,02,11,3,1.6668
2015,02,11,4,1.1587
2015,02,11,5,0.988818
2015,02,11,6,1.88324
2015,02,11,7,1.97089
2015,02,12,0,2.4133299999999998
2015,02,12,1,2.82539
2015,02,12,2,3.40389
2015,02,12,3,3.69041
2015,02,12,4,3.81339
2015,02,12,5,3.6200799999999997
2015,02,12,6,3.7497
2015,02,12,7,4.71153
2015,02,13,0,3.67131
2015,02,13,1,3.7663699999999998
2015,02,13,2,3.97319
2015,02,13,3,4.56604
2015,02,13,4,5.01006
2015,02,13,5,5.18264
2015,02,13,6,5.0968100000000005
2015,02,13,7,5.44439
2015,02,14,0,5.86553
2015,02,14,1,6.10287
2015,02,14,2,6.43532
2015,02,14,3,6.74595
2015,02,14,4,5.71946
2015,02,14,5,6.86734
2015,02,14,6,7.01217
2015,02,14,7,7.046390000000001
2015,02,15,0,6.69789
2015,02,15,1,6.23446
2015,02,15,2,5.40226
2015,02,15,3,4.47712
2015,02,15,4,4.63009
2015,02,15,5,4.553
2015,02,15,6,4.8370299999999995
2015,02,15,7,7.32009
2015,02,16,0,6.41884
2015,02,16,1,5.3616
2015,02,16,2,5.510470000000001
2015,02,16,3,5.437609999999999
2015,02,16,4,4.63129
2015,02,16,5,3.9742100000000002
2015,02,16,6,3.07841
2015,02,16,7,2.83683
2015,02,17,0,3.22056
2015,02,17,1,3.8221700000000003
2015,02,17,2,3.58093
2015,02,17,3,4.01398
2015,02,17,4,6.7389399999999995
2015,02,17,5,9.72812
2015,02,17,6,11.0157
2015,02,17,7,10.5209
2015,02,18,0,9.442969999999999
2015,02,18,1,7.74065
2015,02,18,2,6.26517
2015,02,18,3,5.2324399999999995
2015,02,18,4,4.80251
2015,02,18,5,5.59042
2015,02,18,6,7.49146
2015,02,18,7,8.24373
2015,02,19,0,8.001859999999999
2015,02,19,1,8.62609
2015,02,19,2,8.038260000000001
2015,02,19,3,7.866029999999999
2015,02,19,4,6.35607
2015,02,19,5,5.8891599999999995
2015,02,19,6,6.0810200000000005
2015,02,19,7,6.51681
2015,02,20,0,6.63403
2015,02,20,1,7.439760000000001
2015,02,20,2,9.22035
2015,02,20,3,8.042159999999999
2015,02,20,4,7.80303
2015,02,20,5,9.005889999999999
2015,02,20,6,10.0254
2015,02,20,7,10.7694
2015,02,21,0,10.928700000000001
2015,02,21,1,10.393600000000001
2015,02,21,2,7.76078
2015,02,21,3,7.02376
2015,02,21,4,6.361680000000001
2015,02,21,5,5.033729999999999
2015,02,21,6,4.76841
2015,02,21,7,5.704140000000001
2015,02,22,0,6.65046
2015,02,22,1,6.52511
2015,02,22,2,6.19106
2015,02,22,3,5.68083
2015,02,22,4,5.2125900000000005
2015,02,22,5,4.94622
2015,02,22,6,5.2174700000000005
2015,02,22,7,5.4553
2015,02,23,0,5.43216
2015,02,23,1,5.46048
2015,02,23,2,5.2052700000000005
2015,02,23,3,5.2587399999999995
2015,02,23,4,5.84996
2015,02,23,5,6.5248
2015,02,23,6,6.68103
2015,02,23,7,6.655060000000001
2015,02,24,0,6.0048900000000005
2015,02,24,1,4.843439999999999
2015,02,24,2,5.65758
2015,02,24,3,6.4080699999999995
2015,02,24,4,5.36555
2015,02,24,5,5.816649999999999
2015,02,24,6,7.30455
2015,02,24,7,7.16383
2015,02,25,0,6.581510000000001
2015,02,25,1,6.044899999999999
2015,02,25,2,6.06081
2015,02,25,3,3.49348
2015,02,25,4,3.3107399999999996
2015,02,25,5,3.66154
2015,02,25,6,3.77437
2015,02,25,7,4.36513
2015,02,26,0,5.74742
2015,02,26,1,6.45364
2015,02,26,2,5.70879
2015,02,26,3,4.18472
2015,02,26,4,4.15537
2015,02,26,5,4.38958
2015,02,26,6,4.19684
2015,02,26,7,4.16762
2015,02,27,0,4.38167
2015,02,27,1,4.2853699999999995
2015,02,27,2,4.43513
2015,02,27,3,4.52526
2015,02,27,4,4.7828100000000004
2015,02,27,5,5.11631
2015,02,27,6,5.054609999999999
2015,02,27,7,4.81472
2015,02,28,0,4.28301
2015,02,28,1,4.09115
2015,02,28,2,4.18276
2015,02,28,3,4.131729999999999
2015,02,28,4,3.95314
2015,02,28,5,3.89158
2015,02,28,6,3.64637
2015,02,28,7,3.35371
2015,02,29,0,2.90337
2015,02,29,1,2.7854099999999997
2015,02,29,2,2.83424
2015,02,29,3,3.0266599999999997
2015,02,29,4,3.12344
2015,02,29,5,3.57891
2015,02,29,6,3.31135
2015,02,29,7,3.02283
2015,02,30,0,2.95598
2015,02,30,1,2.93615
2015,02,30,2,2.8956
2015,02,30,3,2.69842
2015,02,30,4,2.5096100000000003
2015,02,30,5,2.82035
2015,02,30,6,3.3485300000000002
2015,02,30,7,3.8723400000000003
2015,02,1,0,4.35635
2015,02,1,1,4.78187
2015,02,1,2,4.90439
2015,02,1,3,4.13537
2015,02,1,4,3.4174499999999997
2015,02,1,5,3.6964
2015,02,1,6,4.78398
2015,02,1,7,5.24836
2015,02,2,0,5.786779999999999
2015,02,2,1,6.169560000000001
2015,02,2,2,6.558979999999999
2015,02,2,3,6.74803
2015,02,2,4,7.80334
2015,02,2,5,9.78054
2015,02,2,6,10.229
2015,02,2,7,11.2769
2015,02,3,0,11.9047
2015,02,3,1,12.5001
2015,02,3,2,11.6966
2015,02,3,3,11.1926
2015,02,3,4,10.3262
2015,02,3,5,14.7255
2015,02,3,6,7.8457799999999995
2015,02,3,7,7.238390000000001
2015,02,4,0,6.11199
2015,02,4,1,5.2316400000000005
2015,02,4,2,8.01396
2015,02,4,3,8.42839
2015,02,4,4,6.405609999999999
2015,02,4,5,5.02018
2015,02,4,6,4.25273
2015,02,4,7,4.06814
2015,02,5,0,3.83233
2015,02,5,1,3.92509
2015,02,5,2,3.9512899999999997
2015,02,5,3,4.46304
2015,02,5,4,4.87629
2015,02,5,5,5.64379
2015,02,5,6,5.36451
2015,02,5,7,5.41814
2015,02,6,0,4.92759
2015,02,6,1,4.419989999999999
2015,02,6,2,3.81994
2015,02,6,3,4.757689999999999
2015,02,6,4,4.7466800000000005
2015,02,6,5,4.49859
2015,02,6,6,4.42026
2015,02,6,7,5.31258
2015,02,7,0,6.493
2015,02,7,1,7.08776
2015,02,7,2,7.307840000000001
2015,02,7,3,7.1224099999999995
2015,02,7,4,8.07748
2015,02,7,5,8.69866
2015,02,7,6,9.53074
2015,02,7,7,9.82937
2015,02,8,0,11.2752
2015,02,8,1,20.5184
2015,02,8,2,12.1302
2015,02,8,3,12.7491
2015,02,8,4,11.826600000000001
2015,02,8,5,11.772200000000002
2015,02,8,6,11.7682
2015,02,8,7,9.726899999999999
2015,02,9,0,8.978629999999999
2015,02,9,1,7.8788599999999995
2015,02,9,2,6.71426
2015,02,9,3,5.249
2015,02,9,4,4.18399
2015,02,9,5,4.01875
2015,02,9,6,4.981199999999999
2015,02,9,7,5.50103
2015,02,10,0,5.6522
2015,02,10,1,4.92837
2015,02,10,2,4.71039
2015,02,10,3,5.9021300000000005
2015,02,10,4,6.10524
2015,02,10,5,7.745439999999999
2015,02,10,6,10.6081
2015,02,10,7,12.2424
2015,02,11,0,10.9514
2015,02,11,1,7.7641800000000005
2015,02,11,2,6.4006300000000005
2015,02,11,3,6.4322
2015,02,11,4,6.70206
2015,02,11,5,7.63739
2015,02,11,6,7.26666
2015,02,11,7,5.93969
2015,02,12,0,5.20519
2015,02,12,1,4.43133
2015,02,12,2,4.70545
2015,02,12,3,5.70749
2015,02,12,4,5.9026000000000005
2015,02,12,5,5.59092
2015,02,12,6,6.1609
2015,02,12,7,6.96165
2015,02,13,0,8.725520000000001
2015,02,13,1,15.0111
2015,02,13,2,7.56871
2015,02,13,3,8.04959
2015,02,13,4,7.23699
2015,02,13,5,7.3421400000000006
2015,02,13,6,8.8639
2015,02,13,7,10.3472
2015,02,14,0,10.1867
2015,02,14,1,4.72124
2015,02,14,2,4.2936499999999995
2015,02,14,3,5.1338
2015,02,14,4,5.48265
2015,02,14,5,4.298850000000001
2015,02,14,6,4.3331599999999995
2015,02,14,7,3.98691
2015,02,15,0,3.65167
2015,02,15,1,3.53539
2015,02,15,2,3.55321
2015,02,15,3,3.32618
2015,02,15,4,3.48742
2015,02,15,5,3.32161
2015,02,15,6,3.55313
2015,02,15,7,3.40137
2015,02,16,0,3.41721
2015,02,16,1,3.51314
2015,02,16,2,3.2247
2015,02,16,3,2.48876
2015,02,16,4,2.44354
2015,02,16,5,2.9191599999999998
2015,02,16,6,3.11381
2015,02,16,7,3.52807
2015,02,17,0,3.63806
2015,02,17,1,4.00094
2015,02,17,2,5.48391
2015,02,17,3,7.309489999999999
2015,02,17,4,7.89629
2015,02,17,5,8.301770000000001
2015,02,17,6,9.312719999999999
2015,02,17,7,11.2156
2015,02,18,0,10.795399999999999
2015,02,18,1,11.0055
2015,02,18,2,9.78326
2015,02,18,3,7.88574
2015,02,18,4,6.1900200000000005
2015,02,18,5,5.1593100000000005
2015,02,18,6,4.66825
2015,02,18,7,5.44317
2015,02,19,0,6.07991
2015,02,19,1,6.00227
2015,02,19,2,5.29561
2015,02,19,3,4.7409099999999995
2015,02,19,4,4.59413
2015,02,19,5,4.78021
2015,02,19,6,5.50933
2015,02,19,7,7.40307
2015,02,20,0,8.21025
2015,02,20,1,8.69876
2015,02,20,2,7.85978
2015,02,20,3,7.80303
2015,02,20,4,6.70505
2015,02,20,5,7.20398
2015,02,20,6,8.424299999999999
2015,02,20,7,7.961810000000001
2015,02,21,0,9.899719999999999
2015,02,21,1,9.82924
2015,02,21,2,9.66606
2015,02,21,3,10.836
2015,02,21,4,11.665299999999998
2015,02,21,5,12.0899
2015,02,21,6,12.524700000000001
2015,02,21,7,11.8742
2015,02,22,0,12.9621
2015,02,22,1,13.1532
2015,02,22,2,13.7905
2015,02,22,3,14.3768
2015,02,22,4,14.6868
2015,02,22,5,12.414
2015,02,22,6,11.8593
2015,02,22,7,10.3969
2015,02,23,0,10.558200000000001
2015,02,23,1,9.83639
2015,02,23,2,8.277149999999999
2015,02,23,3,5.51115
2015,02,23,4,5.48616
2015,02,23,5,6.072649999999999
2015,02,23,6,6.419689999999999
2015,02,23,7,5.6714899999999995
2015,02,24,0,6.44024
2015,02,24,1,7.08342
2015,02,24,2,5.2786800000000005
2015,02,24,3,3.8112399999999997
2015,02,24,4,2.6374400000000002
2015,02,24,5,2.44061
2015,02,24,6,3.507
2015,02,24,7,4.347779999999999
2015,02,25,0,5.50547
2015,02,25,1,5.56852
2015,02,25,2,4.29192
2015,02,25,3,3.63598
2015,02,25,4,3.38468
2015,02,25,5,3.20533
2015,02,25,6,2.92677
2015,02,25,7,3.11027
2015,02,26,0,3.82522
2015,02,26,1,4.18158
2015,02,26,2,3.4129699999999996
2015,02,26,3,3.04171
2015,02,26,4,2.72406
2015,02,26,5,2.34841
2015,02,26,6,2.62317
2015,02,26,7,1.97861
2015,02,27,0,2.23259
2015,02,27,1,2.4785399999999997
2015,02,27,2,2.22368
2015,02,27,3,1.59433
2015,02,27,4,1.78691
2015,02,27,5,2.34043
2015,02,27,6,3.20853
2015,02,27,7,5.02704
2015,02,28,0,4.53369
2015,02,28,1,4.31091
2015,02,28,2,5.27515
2015,02,28,3,5.615489999999999
2015,02,28,4,5.18215
2015,02,28,5,4.65712
2015,02,28,6,5.14549
2015,02,28,7,5.66697
2015,02,29,0,6.591600000000001
2015,02,29,1,5.87134
2015,02,29,2,4.91958
2015,02,29,3,4.364229999999999
2015,02,29,4,4.08532
2015,02,29,5,4.22124
2015,02,29,6,4.766850000000001
2015,02,29,7,4.60103
2015,02,30,0,4.15845
2015,02,30,1,3.80245
2015,02,30,2,4.44199
2015,02,30,3,4.260800000000001
2015,02,30,4,3.73131
2015,02,30,5,3.97952
2015,02,30,6,3.91377
2015,02,30,7,3.91336
2015,02,31,0,4.4033299999999995
2015,02,31,1,4.5928
2015,02,31,2,4.66113
2015,02,31,3,4.39309
2015,02,31,4,3.79482
2015,02,31,5,3.1330500000000003
2015,02,31,6,2.83711
2015,02,31,7,2.25372
2016,02,1,0,2.05275
2016,02,1,1,2.03973
2016,02,1,2,2.2018
2016,02,1,3,2.36248
2016,02,1,4,2.468
2016,02,1,5,2.4322399999999997
2016,02,1,6,2.31101
2016,02,1,7,2.55307
2016,02,2,0,3.29563
2016,02,2,1,3.91715
2016,02,2,2,5.22662
2016,02,2,3,6.65288
2016,02,2,4,6.9274700000000005
2016,02,2,5,7.54396
2016,02,2,6,6.81905
2016,02,2,7,6.59183
2016,02,3,0,6.49278
2016,02,3,1,7.03031
2016,02,3,2,7.15773
2016,02,3,3,7.5963400000000005
2016,02,3,4,8.18272
2016,02,3,5,7.8285100000000005
2016,02,3,6,8.87224
2016,02,3,7,10.024700000000001
2016,02,4,0,9.89068
2016,02,4,1,9.72584
2016,02,4,2,10.103299999999999
2016,02,4,3,10.978299999999999
2016,02,4,4,11.0884
2016,02,4,5,11.1157
2016,02,4,6,11.370700000000001
2016,02,4,7,11.0706
2016,02,5,0,10.764299999999999
2016,02,5,1,10.337399999999999
2016,02,5,2,10.031600000000001
2016,02,5,3,10.2667
2016,02,5,4,9.663129999999999
2016,02,5,5,9.94783
2016,02,5,6,12.1021
2016,02,5,7,12.0035
2016,02,6,0,10.73
2016,02,6,1,9.75007
2016,02,6,2,8.15442
2016,02,6,3,6.63776
2016,02,6,4,5.25068
2016,02,6,5,6.212479999999999
2016,02,6,6,7.64376
2016,02,6,7,9.43675
2016,02,7,0,7.63258
2016,02,7,1,6.389729999999999
2016,02,7,2,6.51608
2016,02,7,3,6.61284
2016,02,7,4,5.9966
2016,02,7,5,6.067819999999999
2016,02,7,6,6.4953199999999995
2016,02,7,7,6.18297
2016,02,8,0,6.160399999999999
2016,02,8,1,5.9721
2016,02,8,2,5.55997
2016,02,8,3,4.98341
2016,02,8,4,4.5287299999999995
2016,02,8,5,4.32708
2016,02,8,6,4.43537
2016,02,8,7,4.05335
2016,02,9,0,3.8007199999999997
2016,02,9,1,3.9378
2016,02,9,2,4.44901
2016,02,9,3,4.95149
2016,02,9,4,6.089600000000001
2016,02,9,5,6.12991
2016,02,9,6,6.78249
2016,02,9,7,7.7685
2016,02,10,0,9.11007
2016,02,10,1,9.89448
2016,02,10,2,9.65175
2016,02,10,3,9.8327
2016,02,10,4,9.72735
2016,02,10,5,8.64472
2016,02,10,6,7.87225
2016,02,10,7,7.4003000000000005
2016,02,11,0,6.99718
2016,02,11,1,5.9431199999999995
2016,02,11,2,5.06449
2016,02,11,3,4.8662
2016,02,11,4,4.482270000000001
2016,02,11,5,3.89824
2016,02,11,6,4.70865
2016,02,11,7,2.8658
2016,02,12,0,2.46125
2016,02,12,1,1.82414
2016,02,12,2,2.32546
2016,02,12,3,2.17767
2016,02,12,4,1.38076
2016,02,12,5,1.51644
2016,02,12,6,1.78799
2016,02,12,7,1.67277
2016,02,13,0,1.72594
2016,02,13,1,1.68141
2016,02,13,2,1.69547
2016,02,13,3,2.4057600000000003
2016,02,13,4,5.2109700000000005
2016,02,13,5,6.74788
2016,02,13,6,5.75583
2016,02,13,7,5.311
2016,02,14,0,5.546390000000001
2016,02,14,1,4.74057
2016,02,14,2,3.74523
2016,02,14,3,3.7637600000000004
2016,02,14,4,4.19334
2016,02,14,5,5.1933
2016,02,14,6,5.66528
2016,02,14,7,6.088970000000001
2016,02,15,0,6.6771400000000005
2016,02,15,1,6.02322
2016,02,15,2,9.570120000000001
2016,02,15,3,9.1185
2016,02,15,4,9.17049
2016,02,15,5,5.773569999999999
2016,02,15,6,5.10397
2016,02,15,7,4.74493
2016,02,16,0,5.300350000000001
2016,02,16,1,6.9064700000000006
2016,02,16,2,8.14958
2016,02,16,3,10.0428
2016,02,16,4,12.0746
2016,02,16,5,13.2469
2016,02,16,6,10.653
2016,02,16,7,8.7657
2016,02,17,0,8.16892
2016,02,17,1,6.95864
2016,02,17,2,3.88423
2016,02,17,3,3.65084
2016,02,17,4,4.242439999999999
2016,02,17,5,4.36513
2016,02,17,6,5.5422
2016,02,17,7,6.96863
2016,02,18,0,8.71872
2016,02,18,1,9.6128
2016,02,18,2,8.39597
2016,02,18,3,8.3765
2016,02,18,4,9.64881
2016,02,18,5,9.55583
2016,02,18,6,10.0611
2016,02,18,7,9.13265
2016,02,19,0,8.381450000000001
2016,02,19,1,8.49784
2016,02,19,2,9.00438
2016,02,19,3,8.07489
2016,02,19,4,10.3537
2016,02,19,5,12.285200000000001
2016,02,19,6,13.6835
2016,02,19,7,14.961
2016,02,20,0,11.3085
2016,02,20,1,6.377
2016,02,20,2,4.65318
2016,02,20,3,3.70432
2016,02,20,4,3.63361
2016,02,20,5,3.0326
2016,02,20,6,3.64967
2016,02,20,7,4.49974
2016,02,21,0,4.31138
2016,02,21,1,4.844930000000001
2016,02,21,2,5.1971300000000005
2016,02,21,3,5.74246
2016,02,21,4,6.5766800000000005
2016,02,21,5,6.23267
2016,02,21,6,6.69739
2016,02,21,7,7.06774
2016,02,22,0,6.5047299999999995
2016,02,22,1,6.77565
2016,02,22,2,6.47627
2016,02,22,3,6.09068
2016,02,22,4,6.68253
2016,02,22,5,7.891310000000001
2016,02,22,6,8.83663
2016,02,22,7,8.00081
2016,02,23,0,7.771520000000001
2016,02,23,1,8.02051
2016,02,23,2,10.277700000000001
2016,02,23,3,15.966
2016,02,23,4,10.8969
2016,02,23,5,9.42492
2016,02,23,6,9.95247
2016,02,23,7,7.50329
2016,02,24,0,4.8321000000000005
2016,02,24,1,4.670109999999999
2016,02,24,2,4.8111999999999995
2016,02,24,3,5.64957
2016,02,24,4,6.00803
2016,02,24,5,6.28674
2016,02,24,6,6.58256
2016,02,24,7,7.2169
2016,02,25,0,7.8729499999999994
2016,02,25,1,7.14242
2016,02,25,2,7.10872
2016,02,25,3,7.95847
2016,02,25,4,8.045399999999999
2016,02,25,5,6.86406
2016,02,25,6,6.53139
2016,02,25,7,5.85754
2016,02,26,0,5.652430000000001
2016,02,26,1,5.64396
2016,02,26,2,5.89329
2016,02,26,3,5.84635
2016,02,26,4,5.64776
2016,02,26,5,4.8493699999999995
2016,02,26,6,4.57522
2016,02,26,7,4.823510000000001
2016,02,27,0,5.02469
2016,02,27,1,5.05809
2016,02,27,2,5.06254
2016,02,27,3,5.07815
2016,02,27,4,5.6057
2016,02,27,5,5.85895
2016,02,27,6,5.808470000000001
2016,02,27,7,6.38943
2016,02,28,0,6.20487
2016,02,28,1,5.81491
2016,02,28,2,5.63288
2016,02,28,3,5.70213
2016,02,28,4,4.98175
2016,02,28,5,4.6656
2016,02,28,6,4.8050500000000005
2016,02,28,7,5.50592
2016,02,29,0,7.6333
2016,02,29,1,9.77553
2016,02,29,2,11.3143
2016,02,29,3,13.7023
2016,02,29,4,15.5272
2016,02,29,5,15.015
2016,02,29,6,15.5459
2016,02,29,7,13.4368
2016,02,30,0,11.752
2016,02,30,1,10.3638
2016,02,30,2,9.35615
2016,02,30,3,9.37493
2016,02,30,4,9.27858
2016,02,30,5,10.873
2016,02,30,6,11.6104
2016,02,30,7,12.0615
2016,02,31,0,11.0031
2016,02,31,1,9.072049999999999
2016,02,31,2,9.49601
2016,02,31,3,9.65029
2016,02,31,4,9.97328
2016,02,31,5,10.1805
2016,02,31,6,10.9971
2016,02,31,7,12.6138
2016,02,1,0,9.88483
2016,02,1,1,6.9240900000000005
2016,02,1,2,5.763
2016,02,1,3,6.25599
2016,02,1,4,4.88054
2016,02,1,5,3.4747
2016,02,1,6,2.7720599999999997
2016,02,1,7,2.7927199999999996
2016,02,2,0,2.7454899999999998
2016,02,2,1,2.3362
2016,02,2,2,1.77191
2016,02,2,3,1.80748
2016,02,2,4,2.39726
2016,02,2,5,3.50941
2016,02,2,6,4.3674
2016,02,2,7,5.57161
2016,02,3,0,6.094180000000001
2016,02,3,1,5.6349
2016,02,3,2,5.29997
2016,02,3,3,5.47314
2016,02,3,4,5.93783
2016,02,3,5,6.06833
2016,02,3,6,5.97446
2016,02,3,7,7.03171
2016,02,4,0,8.535
2016,02,4,1,9.32601
2016,02,4,2,8.336110000000001
2016,02,4,3,6.17762
2016,02,4,4,5.26227
2016,02,4,5,6.365
2016,02,4,6,6.42646
2016,02,4,7,6.21049
2016,02,5,0,5.58125
2016,02,5,1,4.44817
2016,02,5,2,4.42266
2016,02,5,3,5.1468
2016,02,5,4,5.66918
2016,02,5,5,5.77817
2016,02,5,6,6.20025
2016,02,5,7,6.4327
2016,02,6,0,6.57144
2016,02,6,1,6.53458
2016,02,6,2,6.534560000000001
2016,02,6,3,5.7648
2016,02,6,4,5.20605
2016,02,6,5,5.93854
2016,02,6,6,5.83546
2016,02,6,7,6.8649700000000005
2016,02,7,0,6.41526
2016,02,7,1,5.3125100000000005
2016,02,7,2,5.13476
2016,02,7,3,6.0288900000000005
2016,02,7,4,6.55184
2016,02,7,5,6.6626199999999995
2016,02,7,6,7.4733
2016,02,7,7,8.00826
2016,02,8,0,8.13063
2016,02,8,1,8.07361
2016,02,8,2,7.74129
2016,02,8,3,7.5596000000000005
2016,02,8,4,6.975140000000001
2016,02,8,5,5.77407
2016,02,8,6,4.90299
2016,02,8,7,5.52226
2016,02,9,0,5.76403
2016,02,9,1,5.51109
2016,02,9,2,5.1229
2016,02,9,3,4.6803
2016,02,9,4,4.55217
2016,02,9,5,4.31083
2016,02,9,6,3.45673
2016,02,9,7,4.3049
2016,02,10,0,4.74509
2016,02,10,1,4.48606
2016,02,10,2,4.47527
2016,02,10,3,4.837470000000001
2016,02,10,4,4.96591
2016,02,10,5,4.73398
2016,02,10,6,4.78334
2016,02,10,7,5.087470000000001
2016,02,11,0,5.43459
2016,02,11,1,5.43025
2016,02,11,2,5.28979
2016,02,11,3,5.35582
2016,02,11,4,5.5968
2016,02,11,5,5.37545
2016,02,11,6,5.16162
2016,02,11,7,5.29233
2016,02,12,0,4.739739999999999
2016,02,12,1,4.8492299999999995
2016,02,12,2,4.39403
2016,02,12,3,3.80944
2016,02,12,4,2.56151
2016,02,12,5,3.3017
2016,02,12,6,3.78323
2016,02,12,7,3.64394
2016,02,13,0,4.06935
2016,02,13,1,4.27909
2016,02,13,2,4.08692
2016,02,13,3,3.71802
2016,02,13,4,3.47034
2016,02,13,5,4.52351
2016,02,13,6,6.6727
2016,02,13,7,6.93963
2016,02,14,0,4.88628
2016,02,14,1,4.363449999999999
2016,02,14,2,4.613449999999999
2016,02,14,3,5.64895
2016,02,14,4,6.1998500000000005
2016,02,14,5,6.78683
2016,02,14,6,9.09283
2016,02,14,7,10.2866
2016,02,15,0,11.9383
2016,02,15,1,12.541799999999999
2016,02,15,2,12.056
2016,02,15,3,9.91598
2016,02,15,4,9.04777
2016,02,15,5,8.56377
2016,02,15,6,8.75339
2016,02,15,7,7.29113
2016,02,16,0,7.60532
2016,02,16,1,6.56996
2016,02,16,2,3.9443699999999997
2016,02,16,3,3.25415
2016,02,16,4,3.28983
2016,02,16,5,3.64238
2016,02,16,6,4.9511
2016,02,16,7,5.788270000000001
2016,02,17,0,6.32887
2016,02,17,1,6.52872
2016,02,17,2,6.53623
2016,02,17,3,5.87233
2016,02,17,4,5.6023000000000005
2016,02,17,5,7.00683
2016,02,17,6,9.70351
2016,02,17,7,14.1814
2016,02,18,0,16.397299999999998
2016,02,18,1,16.443
2016,02,18,2,11.6014
2016,02,18,3,9.599
2016,02,18,4,10.562700000000001
2016,02,18,5,5.3274799999999995
2016,02,18,6,4.6771400000000005
2016,02,18,7,4.555770000000001
2016,02,19,0,5.339180000000001
2016,02,19,1,5.86773
2016,02,19,2,6.0415600000000005
2016,02,19,3,6.07692
2016,02,19,4,5.4618
2016,02,19,5,5.43593
2016,02,19,6,5.13933
2016,02,19,7,4.583270000000001
2016,02,20,0,4.84938
2016,02,20,1,4.43343
2016,02,20,2,4.27867
2016,02,20,3,4.83915
2016,02,20,4,4.731859999999999
2016,02,20,5,3.41061
2016,02,20,6,4.40068
2016,02,20,7,5.48525
2016,02,21,0,6.9876000000000005
2016,02,21,1,7.62766
2016,02,21,2,6.05401
2016,02,21,3,4.74685
2016,02,21,4,3.96361
2016,02,21,5,3.68813
2016,02,21,6,4.518
2016,02,21,7,4.6578800000000005
2016,02,22,0,4.81938
2016,02,22,1,4.84782
2016,02,22,2,4.43496
2016,02,22,3,3.82492
2016,02,22,4,4.280600000000001
2016,02,22,5,4.62218
2016,02,22,6,4.5638000000000005
2016,02,22,7,4.88177
2016,02,23,0,6.19254
2016,02,23,1,6.58901
2016,02,23,2,5.54899
2016,02,23,3,4.87528
2016,02,23,4,4.34594
2016,02,23,5,4.00693
2016,02,23,6,4.84314
2016,02,23,7,5.71721
2016,02,24,0,6.08965
2016,02,24,1,5.3590100000000005
2016,02,24,2,4.94436
2016,02,24,3,4.782979999999999
2016,02,24,4,4.77222
2016,02,24,5,4.71934
2016,02,24,6,5.09958
2016,02,24,7,6.28626
2016,02,25,0,6.53385
2016,02,25,1,6.26462
2016,02,25,2,6.67819
2016,02,25,3,6.77168
2016,02,25,4,6.6658599999999995
2016,02,25,5,6.619560000000001
2016,02,25,6,7.11473
2016,02,25,7,7.599279999999999
2016,02,26,0,8.20658
2016,02,26,1,8.403889999999999
2016,02,26,2,8.27335
2016,02,26,3,7.83122
2016,02,26,4,7.40318
2016,02,26,5,7.09
2016,02,26,6,7.268560000000001
2016,02,26,7,7.69488
2016,02,27,0,8.29208
2016,02,27,1,8.507200000000001
2016,02,27,2,6.838310000000001
2016,02,27,3,5.2511
2016,02,27,4,4.3078199999999995
2016,02,27,5,3.0916
2016,02,27,6,4.2813
2016,02,27,7,6.71046
2016,02,28,0,9.675780000000001
2016,02,28,1,11.3329
2016,02,28,2,10.289399999999999
2016,02,28,3,10.347
2016,02,28,4,15.222299999999999
2016,02,28,5,9.93165
2016,02,28,6,17.7543
2016,02,28,7,11.8159
2016,02,29,0,11.7463
2016,02,29,1,11.4565
2016,02,29,2,11.0416
2016,02,29,3,10.554
2016,02,29,4,7.55501
2016,02,29,5,6.620430000000001
2016,02,29,6,6.8215
2016,02,29,7,7.61532
2016,02,1,0,8.85846
2016,02,1,1,9.97643
2016,02,1,2,12.7143
2016,02,1,3,11.4487
2016,02,1,4,10.576600000000001
2016,02,1,5,9.102870000000001
2016,02,1,6,8.17854
2016,02,1,7,7.584350000000001
2016,02,2,0,6.90613
2016,02,2,1,5.50267
2016,02,2,2,3.27316
2016,02,2,3,3.3460900000000002
2016,02,2,4,3.38312
2016,02,2,5,3.47504
2016,02,2,6,4.45174
2016,02,2,7,4.7703
2016,02,3,0,5.19121
2016,02,3,1,4.68662
2016,02,3,2,3.64743
2016,02,3,3,3.61628
2016,02,3,4,3.61014
2016,02,3,5,3.56414
2016,02,3,6,4.00796
2016,02,3,7,4.19408
2016,02,4,0,4.540649999999999
2016,02,4,1,5.05209
2016,02,4,2,5.37174
2016,02,4,3,6.7505299999999995
2016,02,4,4,7.8664
2016,02,4,5,8.53034
2016,02,4,6,9.430040000000002
2016,02,4,7,10.2491
2016,02,5,0,12.099200000000002
2016,02,5,1,13.7441
2016,02,5,2,13.2276
2016,02,5,3,13.5226
2016,02,5,4,11.6635
2016,02,5,5,13.036100000000001
2016,02,5,6,12.9962
2016,02,5,7,15.3949
2016,02,6,0,13.5436
2016,02,6,1,13.3074
2016,02,6,2,14.6465
2016,02,6,3,13.0138
2016,02,6,4,10.1096
2016,02,6,5,6.09207
2016,02,6,6,5.64726
2016,02,6,7,5.26798
2016,02,7,0,4.46933
2016,02,7,1,4.57625
2016,02,7,2,6.0181000000000004
2016,02,7,3,6.28756
2016,02,7,4,6.88761
2016,02,7,5,7.70888
2016,02,7,6,8.83652
2016,02,7,7,9.12938
2016,02,8,0,9.40232
2016,02,8,1,9.70558
2016,02,8,2,8.70163
2016,02,8,3,7.54761
2016,02,8,4,6.56268
2016,02,8,5,5.2868
2016,02,8,6,5.05738
2016,02,8,7,5.5999
2016,02,9,0,8.13592
2016,02,9,1,10.3493
2016,02,9,2,11.062899999999999
2016,02,9,3,11.3844
2016,02,9,4,10.535
2016,02,9,5,10.877799999999999
2016,02,9,6,11.665799999999999
2016,02,9,7,11.584
2016,02,10,0,10.2013
2016,02,10,1,9.78093
2016,02,10,2,8.41244
2016,02,10,3,6.66862
2016,02,10,4,6.32096
2016,02,10,5,6.4312700000000005
2016,02,10,6,6.82165
2016,02,10,7,7.1936
2016,02,11,0,7.38727
2016,02,11,1,7.61823
2016,02,11,2,7.36847
2016,02,11,3,8.17801
2016,02,11,4,8.71373
2016,02,11,5,8.031220000000001
2016,02,11,6,8.4148
2016,02,11,7,10.020299999999999
2016,02,12,0,12.7917
2016,02,12,1,6.87512
2016,02,12,2,5.6882399999999995
2016,02,12,3,5.77188
2016,02,12,4,6.579680000000001
2016,02,12,5,6.283729999999999
2016,02,12,6,6.5955200000000005
2016,02,12,7,7.669359999999999
2016,02,13,0,7.91074
2016,02,13,1,8.316559999999999
2016,02,13,2,8.46326
2016,02,13,3,9.54219
2016,02,13,4,10.4988
2016,02,13,5,10.1565
2016,02,13,6,11.8885
2016,02,13,7,13.5235
2016,02,14,0,12.4149
2016,02,14,1,10.2626
2016,02,14,2,10.150799999999998
2016,02,14,3,9.92072
2016,02,14,4,8.26008
2016,02,14,5,6.46839
2016,02,14,6,6.07425
2016,02,14,7,5.479850000000001
2016,02,15,0,4.75379
2016,02,15,1,5.24314
2016,02,15,2,5.48171
2016,02,15,3,6.90532
2016,02,15,4,6.82304
2016,02,15,5,6.61854
2016,02,15,6,7.394939999999999
2016,02,15,7,8.23533
2016,02,16,0,8.43249
2016,02,16,1,7.6944300000000005
2016,02,16,2,7.346520000000001
2016,02,16,3,7.41376
2016,02,16,4,7.31571
2016,02,16,5,7.103689999999999
2016,02,16,6,7.77436
2016,02,16,7,8.85384
2016,02,17,0,9.37266
2016,02,17,1,9.450940000000001
2016,02,17,2,9.21501
2016,02,17,3,8.51164
2016,02,17,4,8.07104
2016,02,17,5,7.49856
2016,02,17,6,7.066229999999999
2016,02,17,7,7.02459
2016,02,18,0,7.4600100000000005
2016,02,18,1,7.4616999999999996
2016,02,18,2,7.10722
2016,02,18,3,6.21814
2016,02,18,4,5.6975299999999995
2016,02,18,5,5.67653
2016,02,18,6,5.95738
2016,02,18,7,6.75754
2016,02,19,0,7.9251000000000005
2016,02,19,1,8.133939999999999
2016,02,19,2,7.63572
2016,02,19,3,7.16854
2016,02,19,4,6.50407
2016,02,19,5,6.06843
2016,02,19,6,7.00534
2016,02,19,7,8.18047
2016,02,20,0,9.573319999999999
2016,02,20,1,9.447629999999998
2016,02,20,2,8.17607
2016,02,20,3,5.99356
2016,02,20,4,5.23289
2016,02,20,5,5.4930200000000005
2016,02,20,6,5.605090000000001
2016,02,20,7,5.59527
2016,02,21,0,5.07163
2016,02,21,1,5.36945
2016,02,21,2,6.3362799999999995
2016,02,21,3,7.86277
2016,02,21,4,8.41338
2016,02,21,5,7.65176
2016,02,21,6,9.68882
2016,02,21,7,10.8844
2016,02,22,0,10.606
2016,02,22,1,5.40871
2016,02,22,2,6.15038
2016,02,22,3,5.13446
2016,02,22,4,4.18914
2016,02,22,5,3.76715
2016,02,22,6,3.67621
2016,02,22,7,4.37474
2016,02,23,0,4.56016
2016,02,23,1,4.38541
2016,02,23,2,4.78789
2016,02,23,3,4.92762
2016,02,23,4,4.47422
2016,02,23,5,4.30389
2016,02,23,6,5.0411
2016,02,23,7,5.91822
2016,02,24,0,6.3153500000000005
2016,02,24,1,6.18082
2016,02,24,2,6.4903900000000005
2016,02,24,3,6.7794300000000005
2016,02,24,4,5.99504
2016,02,24,5,5.17003
2016,02,24,6,6.04288
2016,02,24,7,7.683979999999999
2016,02,25,0,9.136379999999999
2016,02,25,1,8.83182
2016,02,25,2,7.56179
2016,02,25,3,7.42854
2016,02,25,4,7.42711
2016,02,25,5,7.05084
2016,02,25,6,7.63016
2016,02,25,7,8.3049
2016,02,26,0,9.194370000000001
2016,02,26,1,8.63034
2016,02,26,2,7.870850000000001
2016,02,26,3,6.60017
2016,02,26,4,5.07004
2016,02,26,5,4.74697
2016,02,26,6,5.21654
2016,02,26,7,6.2621899999999995
2016,02,27,0,8.86753
2016,02,27,1,9.311860000000001
2016,02,27,2,9.0639
2016,02,27,3,9.17741
2016,02,27,4,9.83007
2016,02,27,5,9.63762
2016,02,27,6,9.825239999999999
2016,02,27,7,9.78827
2016,02,28,0,9.65684
2016,02,28,1,9.12442
2016,02,28,2,8.43923
2016,02,28,3,9.12964
2016,02,28,4,8.82028
2016,02,28,5,6.41997
2016,02,28,6,4.3917399999999995
2016,02,28,7,4.35988
2016,02,29,0,4.78062
2016,02,29,1,5.90705
2016,02,29,2,6.414770000000001
2016,02,29,3,6.38612
2016,02,29,4,6.19563
2016,02,29,5,4.73231
2016,02,29,6,4.01397
2016,02,29,7,4.29895
2016,02,30,0,5.42288
2016,02,30,1,7.0059700000000005
2016,02,30,2,7.20976
2016,02,30,3,6.8153999999999995
2016,02,30,4,6.65346
2016,02,30,5,7.46163
2016,02,30,6,7.71046
2016,02,30,7,7.72745
2016,02,31,0,7.850149999999999
2016,02,31,1,7.30621
2016,02,31,2,6.91127
2016,02,31,3,6.70592
2016,02,31,4,7.33384
2016,02,31,5,7.63321
2016,02,31,6,7.335319999999999
2016,02,31,7,8.23355
2016,02,1,0,8.84108
2016,02,1,1,8.412870000000002
2016,02,1,2,8.579049999999999
2016,02,1,3,8.77677
2016,02,1,4,8.63218
2016,02,1,5,8.23648
2016,02,1,6,8.292
2016,02,1,7,8.56306
2016,02,2,0,8.84788
2016,02,2,1,8.63646
2016,02,2,2,8.049100000000001
2016,02,2,3,8.02702
2016,02,2,4,8.40844
2016,02,2,5,8.6614
2016,02,2,6,8.54782
2016,02,2,7,9.41051
2016,02,3,0,10.9681
2016,02,3,1,15.7581
2016,02,3,2,11.718399999999999
2016,02,3,3,11.255799999999999
2016,02,3,4,10.729899999999999
2016,02,3,5,10.0208
2016,02,3,6,9.56524
2016,02,3,7,9.89664
2016,02,4,0,11.5202
2016,02,4,1,15.0268
2016,02,4,2,11.1595
2016,02,4,3,9.341520000000001
2016,02,4,4,8.24715
2016,02,4,5,8.09757
2016,02,4,6,8.21941
2016,02,4,7,7.98826
2016,02,5,0,7.355180000000001
2016,02,5,1,6.2323699999999995
2016,02,5,2,7.086390000000001
2016,02,5,3,6.4086300000000005
2016,02,5,4,5.334149999999999
2016,02,5,5,5.29396
2016,02,5,6,5.95446
2016,02,5,7,5.6218900000000005
2016,02,6,0,5.1035699999999995
2016,02,6,1,4.55336
2016,02,6,2,4.8312100000000004
2016,02,6,3,5.82279
2016,02,6,4,5.84092
2016,02,6,5,5.80453
2016,02,6,6,5.80022
2016,02,6,7,5.90686
2016,02,7,0,6.0328
2016,02,7,1,6.1655
2016,02,7,2,6.70401
2016,02,7,3,7.14448
2016,02,7,4,7.0888
2016,02,7,5,5.83526
2016,02,7,6,6.5393
2016,02,7,7,7.81319
2016,02,8,0,9.299610000000001
2016,02,8,1,9.77855
2016,02,8,2,10.0211
2016,02,8,3,10.3919
2016,02,8,4,11.8714
2016,02,8,5,13.8619
2016,02,8,6,15.0539
2016,02,8,7,17.5742
2016,02,9,0,18.2178
2016,02,9,1,18.6237
2016,02,9,2,18.1492
2016,02,9,3,18.0266
2016,02,9,4,17.5565
2016,02,9,5,16.4785
2016,02,9,6,15.3075
2016,02,9,7,13.7754
2016,02,10,0,12.584100000000001
2016,02,10,1,12.5869
2016,02,10,2,12.7205
2016,02,10,3,13.311399999999999
2016,02,10,4,13.3351
2016,02,10,5,12.9749
2016,02,10,6,12.9147
2016,02,10,7,13.035200000000001
2016,02,11,0,13.0815
2016,02,11,1,13.540799999999999
2016,02,11,2,13.379100000000001
2016,02,11,3,13.3855
2016,02,11,4,13.4821
2016,02,11,5,13.4951
2016,02,11,6,12.892700000000001
2016,02,11,7,13.0513
2016,02,12,0,12.981399999999999
2016,02,12,1,12.741299999999999
2016,02,12,2,12.543700000000001
2016,02,12,3,12.5197
2016,02,12,4,11.655700000000001
2016,02,12,5,10.9502
2016,02,12,6,11.5335
2016,02,12,7,12.9876
2016,02,13,0,13.975100000000001
2016,02,13,1,13.2871
2016,02,13,2,13.0312
2016,02,13,3,13.6541
2016,02,13,4,14.1539
2016,02,13,5,14.039399999999999
2016,02,13,6,12.612
2016,02,13,7,12.4558
2016,02,14,0,11.4471
2016,02,14,1,11.7642
2016,02,14,2,10.6856
2016,02,14,3,7.9783
2016,02,14,4,4.457229999999999
2016,02,14,5,3.72588
2016,02,14,6,4.06293
2016,02,14,7,4.68443
2016,02,15,0,6.70214
2016,02,15,1,6.47764
2016,02,15,2,5.3461099999999995
2016,02,15,3,5.60945
2016,02,15,4,5.636220000000001
2016,02,15,5,4.9925500000000005
2016,02,15,6,4.50198
2016,02,15,7,4.13455
2016,02,16,0,3.78219
2016,02,16,1,3.32795
2016,02,16,2,4.36045
2016,02,16,3,4.98097
2016,02,16,4,4.71267
2016,02,16,5,4.14696
2016,02,16,6,3.8586300000000002
2016,02,16,7,3.85268
2016,02,17,0,3.95491
2016,02,17,1,3.8215500000000002
2016,02,17,2,4.01796
2016,02,17,3,4.593520000000001
2016,02,17,4,4.82698
2016,02,17,5,4.77917
2016,02,17,6,4.26779
2016,02,17,7,4.17104
2016,02,18,0,4.61347
2016,02,18,1,4.4703
2016,02,18,2,4.17798
2016,02,18,3,4.37171
2016,02,18,4,4.26292
2016,02,18,5,4.25223
2016,02,18,6,4.77994
2016,02,18,7,5.92788
2016,02,19,0,7.38826
2016,02,19,1,7.28367
2016,02,19,2,5.895770000000001
2016,02,19,3,5.1146
2016,02,19,4,4.55941
2016,02,19,5,4.380739999999999
2016,02,19,6,5.32718
2016,02,19,7,7.849189999999999
2016,02,20,0,11.395299999999999
2016,02,20,1,12.2684
2016,02,20,2,9.951229999999999
2016,02,20,3,7.8168500000000005
2016,02,20,4,6.96471
2016,02,20,5,6.507149999999999
2016,02,20,6,6.88246
2016,02,20,7,7.33017
2016,02,21,0,9.50875
2016,02,21,1,8.71584
2016,02,21,2,8.35759
2016,02,21,3,10.2826
2016,02,21,4,10.2527
2016,02,21,5,8.81893
2016,02,21,6,9.173620000000001
2016,02,21,7,9.472299999999999
2016,02,22,0,10.3691
2016,02,22,1,9.52224
2016,02,22,2,8.09113
2016,02,22,3,7.4213000000000005
2016,02,22,4,6.93116
2016,02,22,5,7.42091
2016,02,22,6,7.60888
2016,02,22,7,8.583120000000001
2016,02,23,0,9.280629999999999
2016,02,23,1,10.348700000000001
2016,02,23,2,5.78659
2016,02,23,3,5.06151
2016,02,23,4,5.18312
2016,02,23,5,5.936229999999999
2016,02,23,6,5.509939999999999
2016,02,23,7,5.81426
2016,02,24,0,6.695399999999999
2016,02,24,1,7.82207
2016,02,24,2,11.043700000000001
2016,02,24,3,9.11934
2016,02,24,4,9.76742
2016,02,24,5,9.84502
2016,02,24,6,12.4344
2016,02,24,7,11.8122
2016,02,25,0,11.3134
2016,02,25,1,9.52474
2016,02,25,2,10.1754
2016,02,25,3,9.13248
2016,02,25,4,8.26306
2016,02,25,5,6.464
2016,02,25,6,5.23828
2016,02,25,7,6.08178
2016,02,26,0,7.21819
2016,02,26,1,7.72897
2016,02,26,2,7.18389
2016,02,26,3,6.379020000000001
2016,02,26,4,5.92594
2016,02,26,5,5.57083
2016,02,26,6,5.67709
2016,02,26,7,6.85257
2016,02,27,0,10.0509
2016,02,27,1,11.5546
2016,02,27,2,11.5739
2016,02,27,3,12.0125
2016,02,27,4,13.6183
2016,02,27,5,11.8218
2016,02,27,6,10.999600000000001
2016,02,27,7,10.7865
2016,02,28,0,10.2621
2016,02,28,1,10.635399999999999
2016,02,28,2,10.8859
2016,02,28,3,9.330950000000001
2016,02,28,4,8.95421
2016,02,28,5,9.2966
2016,02,28,6,8.985
2016,02,28,7,9.076139999999999
2016,02,29,0,10.0086
2016,02,29,1,10.741
2016,02,29,2,10.3559
2016,02,29,3,8.682739999999999
2016,02,29,4,8.260860000000001
2016,02,29,5,7.62965
2016,02,29,6,8.71418
2016,02,29,7,11.039399999999999
2016,02,30,0,14.129100000000001
2016,02,30,1,12.373700000000001
2016,02,30,2,9.958200000000001
2016,02,30,3,11.257
2016,02,30,4,11.620700000000001
2016,02,30,5,9.46452
2016,02,30,6,10.4707
2016,02,30,7,11.1951
2016,02,1,0,11.1805
2016,02,1,1,10.7145
2016,02,1,2,10.139700000000001
2016,02,1,3,9.91507
2016,02,1,4,9.36449
2016,02,1,5,9.32304
2016,02,1,6,9.542629999999999
2016,02,1,7,10.2959
2016,02,2,0,15.527299999999999
2016,02,2,1,12.6009
2016,02,2,2,12.085899999999999
2016,02,2,3,11.9421
2016,02,2,4,11.497
2016,02,2,5,11.123899999999999
2016,02,2,6,10.7904
2016,02,2,7,10.972700000000001
2016,02,3,0,11.0212
2016,02,3,1,10.8898
2016,02,3,2,10.079799999999999
2016,02,3,3,9.54429
2016,02,3,4,9.71164
2016,02,3,5,9.8523
2016,02,3,6,10.130799999999999
2016,02,3,7,10.7218
2016,02,4,0,11.4626
2016,02,4,1,11.1751
2016,02,4,2,10.6175
2016,02,4,3,9.98527
2016,02,4,4,10.1045
2016,02,4,5,10.3729
2016,02,4,6,11.1071
2016,02,4,7,12.7492
2016,02,5,0,15.148100000000001
2016,02,5,1,12.8755
2016,02,5,2,10.176200000000001
2016,02,5,3,10.991700000000002
2016,02,5,4,9.69905
2016,02,5,5,9.49685
2016,02,5,6,10.8353
2016,02,5,7,11.4864
2016,02,6,0,10.3973
2016,02,6,1,9.30091
2016,02,6,2,10.017
2016,02,6,3,10.6878
2016,02,6,4,9.70645
2016,02,6,5,10.1776
2016,02,6,6,10.261
2016,02,6,7,10.555399999999999
2016,02,7,0,11.1509
2016,02,7,1,12.745
2016,02,7,2,14.038799999999998
2016,02,7,3,13.9121
2016,02,7,4,13.8546
2016,02,7,5,14.2064
2016,02,7,6,14.653
2016,02,7,7,14.6006
2016,02,8,0,14.2512
2016,02,8,1,14.4598
2016,02,8,2,13.720799999999999
2016,02,8,3,13.382
2016,02,8,4,13.2409
2016,02,8,5,15.039100000000001
2016,02,8,6,17.4172
2016,02,8,7,15.987
2016,02,9,0,15.061200000000001
2016,02,9,1,14.1893
2016,02,9,2,15.1135
2016,02,9,3,14.898100000000001
2016,02,9,4,13.341899999999999
2016,02,9,5,12.723600000000001
2016,02,9,6,12.1577
2016,02,9,7,13.7551
2016,02,10,0,14.9123
2016,02,10,1,14.752
2016,02,10,2,15.6706
2016,02,10,3,13.694600000000001
2016,02,10,4,11.100299999999999
2016,02,10,5,8.50582
2016,02,10,6,8.32442
2016,02,10,7,9.725530000000001
2016,02,11,0,12.5399
2016,02,11,1,12.7369
2016,02,11,2,7.28273
2016,02,11,3,5.53331
2016,02,11,4,4.83346
2016,02,11,5,4.34464
2016,02,11,6,5.56599
2016,02,11,7,6.668489999999999
2016,02,12,0,8.648340000000001
2016,02,12,1,9.29718
2016,02,12,2,8.64574
2016,02,12,3,8.09855
2016,02,12,4,7.23181
2016,02,12,5,6.50758
2016,02,12,6,5.74303
2016,02,12,7,5.56818
2016,02,13,0,6.45685
2016,02,13,1,6.97274
2016,02,13,2,6.08425
2016,02,13,3,5.695729999999999
2016,02,13,4,5.51195
2016,02,13,5,5.90438
2016,02,13,6,6.92862
2016,02,13,7,8.03084
2016,02,14,0,9.67285
2016,02,14,1,8.52446
2016,02,14,2,8.14711
2016,02,14,3,6.78161
2016,02,14,4,7.1985600000000005
2016,02,14,5,8.54646
2016,02,14,6,9.433200000000001
2016,02,14,7,9.780209999999999
2016,02,15,0,9.067620000000002
2016,02,15,1,8.933629999999999
2016,02,15,2,8.19837
2016,02,15,3,8.665809999999999
2016,02,15,4,7.36107
2016,02,15,5,7.155270000000001
2016,02,15,6,7.71717
2016,02,15,7,9.00639
2016,02,16,0,9.85258
2016,02,16,1,11.405299999999999
2016,02,16,2,12.9209
2016,02,16,3,12.487200000000001
2016,02,16,4,12.2246
2016,02,16,5,11.3337
2016,02,16,6,10.361799999999999
2016,02,16,7,11.293700000000001
2016,02,17,0,14.0517
2016,02,17,1,14.9744
2016,02,17,2,13.5323
2016,02,17,3,13.3144
2016,02,17,4,11.9296
2016,02,17,5,11.515600000000001
2016,02,17,6,11.5561
2016,02,17,7,12.4837
2016,02,18,0,12.944700000000001
2016,02,18,1,13.0844
2016,02,18,2,13.8945
2016,02,18,3,13.9922
2016,02,18,4,13.0746
2016,02,18,5,12.7635
2016,02,18,6,12.403
2016,02,18,7,12.0838
2016,02,19,0,12.1431
2016,02,19,1,13.179799999999998
2016,02,19,2,13.875399999999999
2016,02,19,3,14.421700000000001
2016,02,19,4,14.024
2016,02,19,5,12.1114
2016,02,19,6,11.021
2016,02,19,7,11.7975
2016,02,20,0,10.7027
2016,02,20,1,9.82911
2016,02,20,2,9.53395
2016,02,20,3,8.39731
2016,02,20,4,8.3948
2016,02,20,5,7.59159
2016,02,20,6,6.29039
2016,02,20,7,5.503520000000001
2016,02,21,0,5.609109999999999
2016,02,21,1,4.68061
2016,02,21,2,4.88929
2016,02,21,3,5.3654399999999995
2016,02,21,4,5.48973
2016,02,21,5,5.0125
2016,02,21,6,4.82219
2016,02,21,7,5.8047200000000005
2016,02,22,0,7.87892
2016,02,22,1,6.38784
2016,02,22,2,7.9141
2016,02,22,3,8.77131
2016,02,22,4,7.675350000000001
2016,02,22,5,6.84081
2016,02,22,6,6.70395
2016,02,22,7,7.530189999999999
2016,02,23,0,10.1555
2016,02,23,1,8.72184
2016,02,23,2,8.932879999999999
2016,02,23,3,8.838799999999999
2016,02,23,4,8.4572
2016,02,23,5,9.26693
2016,02,23,6,9.04177
2016,02,23,7,9.46547
2016,02,24,0,11.2533
2016,02,24,1,11.908700000000001
2016,02,24,2,11.639100000000001
2016,02,24,3,9.63826
2016,02,24,4,8.94087
2016,02,24,5,8.99028
2016,02,24,6,8.445559999999999
2016,02,24,7,8.77243
2016,02,25,0,9.95602
2016,02,25,1,12.3164
2016,02,25,2,14.4568
2016,02,25,3,13.8478
2016,02,25,4,13.616700000000002
2016,02,25,5,13.1694
2016,02,25,6,11.8557
2016,02,25,7,11.3894
2016,02,26,0,11.5863
2016,02,26,1,12.812
2016,02,26,2,12.7503
2016,02,26,3,12.533700000000001
2016,02,26,4,12.0848
2016,02,26,5,11.5983
2016,02,26,6,11.3743
2016,02,26,7,11.4817
2016,02,27,0,12.6356
2016,02,27,1,13.1026
2016,02,27,2,11.168
2016,02,27,3,10.554799999999998
2016,02,27,4,10.5747
2016,02,27,5,10.4543
2016,02,27,6,10.283100000000001
2016,02,27,7,10.827200000000001
2016,02,28,0,13.6502
2016,02,28,1,16.981900000000003
2016,02,28,2,18.4808
2016,02,28,3,17.6436
2016,02,28,4,15.6595
2016,02,28,5,14.6909
2016,02,28,6,16.627599999999997
2016,02,28,7,18.986099999999997
2016,02,29,0,19.5425
2016,02,29,1,19.8455
2016,02,29,2,18.1732
2016,02,29,3,16.7883
2016,02,29,4,15.428600000000001
2016,02,29,5,14.116299999999999
2016,02,29,6,12.820799999999998
2016,02,29,7,12.322
2016,02,30,0,11.7461
2016,02,30,1,12.7826
2016,02,30,2,15.403799999999999
2016,02,30,3,15.8056
2016,02,30,4,16.7031
2016,02,30,5,15.5838
2016,02,30,6,14.01
2016,02,30,7,13.3254
2016,02,31,0,13.610100000000001
2016,02,31,1,14.1286
2016,02,31,2,12.0195
2016,02,31,3,11.4775
2016,02,31,4,11.217799999999999
2016,02,31,5,10.5189
2016,02,31,6,9.78683
2016,02,31,7,9.719479999999999
2016,02,1,0,11.8102
2016,02,1,1,10.7906
2016,02,1,2,11.6545
2016,02,1,3,12.7574
2016,02,1,4,11.6129
2016,02,1,5,9.36908
2016,02,1,6,8.653739999999999
2016,02,1,7,8.256459999999999
2016,02,2,0,10.0425
2016,02,2,1,11.2668
2016,02,2,2,11.5152
2016,02,2,3,10.220600000000001
2016,02,2,4,9.35055
2016,02,2,5,9.422600000000001
2016,02,2,6,10.3024
2016,02,2,7,11.814200000000001
2016,02,3,0,13.9662
2016,02,3,1,13.7928
2016,02,3,2,11.9674
2016,02,3,3,9.6936
2016,02,3,4,16.718400000000003
2016,02,3,5,9.497020000000001
2016,02,3,6,9.42473
2016,02,3,7,9.22511
2016,02,4,0,9.23143
2016,02,4,1,8.201379999999999
2016,02,4,2,7.1085
2016,02,4,3,7.58762
2016,02,4,4,7.92232
2016,02,4,5,7.73778
2016,02,4,6,8.64932
2016,02,4,7,9.33396
2016,02,5,0,10.1495
2016,02,5,1,8.132819999999999
2016,02,5,2,7.87191
2016,02,5,3,7.21103
2016,02,5,4,6.91783
2016,02,5,5,7.74684
2016,02,5,6,8.34109
2016,02,5,7,9.58534
2016,02,6,0,10.5933
2016,02,6,1,12.8687
2016,02,6,2,17.291
2016,02,6,3,17.175099999999997
2016,02,6,4,15.6425
2016,02,6,5,14.884
2016,02,6,6,14.6623
2016,02,6,7,15.4517
2016,02,7,0,16.031299999999998
2016,02,7,1,16.6885
2016,02,7,2,16.5864
2016,02,7,3,15.7973
2016,02,7,4,15.437100000000001
2016,02,7,5,15.7793
2016,02,7,6,16.5287
2016,02,7,7,17.058
2016,02,8,0,17.0493
2016,02,8,1,17.4739
2016,02,8,2,16.1629
2016,02,8,3,15.720799999999999
2016,02,8,4,14.9602
2016,02,8,5,15.0967
2016,02,8,6,14.922
2016,02,8,7,13.910200000000001
2016,02,9,0,12.594299999999999
2016,02,9,1,9.67056
2016,02,9,2,6.28886
2016,02,9,3,6.37345
2016,02,9,4,6.83212
2016,02,9,5,5.98707
2016,02,9,6,6.54192
2016,02,9,7,12.2275
2016,02,10,0,10.5477
2016,02,10,1,10.7316
2016,02,10,2,9.11377
2016,02,10,3,9.68996
2016,02,10,4,10.7121
2016,02,10,5,9.06185
2016,02,10,6,9.20055
2016,02,10,7,10.2069
2016,02,11,0,9.66801
2016,02,11,1,9.630540000000002
2016,02,11,2,8.784270000000001
2016,02,11,3,11.7233
2016,02,11,4,14.786299999999999
2016,02,11,5,16.1604
2016,02,11,6,17.4524
2016,02,11,7,21.71
2016,02,12,0,24.4477
2016,02,12,1,23.266299999999998
2016,02,12,2,20.8987
2016,02,12,3,21.013
2016,02,12,4,20.3982
2016,02,12,5,19.0708
2016,02,12,6,17.4522
2016,02,12,7,16.8732
2016,02,13,0,20.259400000000003
2016,02,13,1,16.4605
2016,02,13,2,17.0081
2016,02,13,3,16.6918
2016,02,13,4,16.1813
2016,02,13,5,15.1752
2016,02,13,6,14.923399999999999
2016,02,13,7,15.0285
2016,02,14,0,15.6402
2016,02,14,1,14.9688
2016,02,14,2,12.687700000000001
2016,02,14,3,9.55381
2016,02,14,4,7.87678
2016,02,14,5,8.02005
2016,02,14,6,8.150220000000001
2016,02,14,7,9.39238
2016,02,15,0,9.15514
2016,02,15,1,8.5055
2016,02,15,2,8.89274
2016,02,15,3,9.50726
2016,02,15,4,9.73423
2016,02,15,5,11.4054
2016,02,15,6,12.729899999999999
2016,02,15,7,11.072
2016,02,16,0,8.999540000000001
2016,02,16,1,7.12782
2016,02,16,2,6.9093100000000005
2016,02,16,3,6.39859
2016,02,16,4,5.8143400000000005
2016,02,16,5,6.68973
2016,02,16,6,6.8913400000000005
2016,02,16,7,7.61706
2016,02,17,0,8.85257
2016,02,17,1,9.99216
2016,02,17,2,10.0933
2016,02,17,3,9.20678
2016,02,17,4,9.27223
2016,02,17,5,9.41376
2016,02,17,6,10.051200000000001
2016,02,17,7,11.3058
2016,02,18,0,11.5022
2016,02,18,1,11.747399999999999
2016,02,18,2,9.2145
2016,02,18,3,8.6067
2016,02,18,4,8.83877
2016,02,18,5,8.80346
2016,02,18,6,7.10688
2016,02,18,7,6.41096
2016,02,19,0,6.3179300000000005
2016,02,19,1,6.89179
2016,02,19,2,5.94848
2016,02,19,3,5.822439999999999
2016,02,19,4,6.14615
2016,02,19,5,6.77363
2016,02,19,6,7.0361899999999995
2016,02,19,7,9.18079
2016,02,20,0,13.448799999999999
2016,02,20,1,16.3379
2016,02,20,2,18.158
2016,02,20,3,18.3062
2016,02,20,4,16.088
2016,02,20,5,14.2745
2016,02,20,6,15.6492
2016,02,20,7,17.8665
2016,02,21,0,16.641599999999997
2016,02,21,1,14.8901
2016,02,21,2,14.595799999999999
2016,02,21,3,14.3571
2016,02,21,4,13.827
2016,02,21,5,13.2165
2016,02,21,6,13.962299999999999
2016,02,21,7,14.4864
2016,02,22,0,15.212200000000001
2016,02,22,1,17.4997
2016,02,22,2,19.559099999999997
2016,02,22,3,17.9803
2016,02,22,4,14.8361
2016,02,22,5,14.4861
2016,02,22,6,16.1933
2016,02,22,7,15.447899999999999
2016,02,23,0,14.280299999999999
2016,02,23,1,12.209
2016,02,23,2,10.1426
2016,02,23,3,8.685709999999998
2016,02,23,4,7.94194
2016,02,23,5,7.91472
2016,02,23,6,8.21575
2016,02,23,7,8.791030000000001
2016,02,24,0,8.66341
2016,02,24,1,7.904229999999999
2016,02,24,2,7.82601
2016,02,24,3,7.65946
2016,02,24,4,5.80485
2016,02,24,5,5.89996
2016,02,24,6,6.2187399999999995
2016,02,24,7,8.35107
2016,02,25,0,8.74156
2016,02,25,1,9.92568
2016,02,25,2,8.12542
2016,02,25,3,7.39075
2016,02,25,4,6.96549
2016,02,25,5,6.50965
2016,02,25,6,6.56426
2016,02,25,7,8.1934
2016,02,26,0,8.260290000000001
2016,02,26,1,8.84667
2016,02,26,2,8.76508
2016,02,26,3,8.34301
2016,02,26,4,7.818989999999999
2016,02,26,5,8.37699
2016,02,26,6,8.83454
2016,02,26,7,9.79408
2016,02,27,0,12.0206
2016,02,27,1,12.1869
2016,02,27,2,11.8975
2016,02,27,3,11.535
2016,02,27,4,11.0635
2016,02,27,5,11.361600000000001
2016,02,27,6,12.6144
2016,02,27,7,14.13
2016,02,28,0,15.25
2016,02,28,1,15.1971
2016,02,28,2,15.947299999999998
2016,02,28,3,16.6756
2016,02,28,4,17.6519
2016,02,28,5,19.2171
2016,02,28,6,22.8077
2016,02,28,7,22.4037
2016,02,29,0,23.6188
2016,02,29,1,23.4373
2016,02,29,2,25.924400000000002
2016,02,29,3,27.0655
2016,02,29,4,26.903599999999997
2016,02,29,5,27.7423
2016,02,29,6,27.479
2016,02,29,7,26.319200000000002
2016,02,30,0,25.0389
2016,02,30,1,20.6335
2016,02,30,2,20.583299999999998
2016,02,30,3,21.257099999999998
2016,02,30,4,23.2216
2016,02,30,5,23.513900000000003
2016,02,30,6,22.204
2016,02,30,7,22.7078
2016,02,1,0,22.885099999999998
2016,02,1,1,22.544400000000003
2016,02,1,2,23.4043
2016,02,1,3,29.7491
2016,02,1,4,23.537599999999998
2016,02,1,5,20.840400000000002
2016,02,1,6,18.4987
2016,02,1,7,17.8967
2016,02,2,0,17.9187
2016,02,2,1,16.738799999999998
2016,02,2,2,24.326400000000003
2016,02,2,3,25.1066
2016,02,2,4,23.7776
2016,02,2,5,21.721400000000003
2016,02,2,6,18.7279
2016,02,2,7,18.814400000000003
2016,02,3,0,18.1132
2016,02,3,1,15.6782
2016,02,3,2,17.0787
2016,02,3,3,19.3861
2016,02,3,4,17.957900000000002
2016,02,3,5,17.8261
2016,02,3,6,13.9726
2016,02,3,7,11.1882
2016,02,4,0,11.0109
2016,02,4,1,13.101600000000001
2016,02,4,2,11.7053
2016,02,4,3,10.5609
2016,02,4,4,9.57629
2016,02,4,5,9.345120000000001
2016,02,4,6,9.093200000000001
2016,02,4,7,10.405
2016,02,5,0,11.726
2016,02,5,1,11.6274
2016,02,5,2,10.1577
2016,02,5,3,8.976120000000002
2016,02,5,4,8.717469999999999
2016,02,5,5,8.808879999999998
2016,02,5,6,7.61062
2016,02,5,7,7.26529
2016,02,6,0,7.8439499999999995
2016,02,6,1,8.24481
2016,02,6,2,7.5374300000000005
2016,02,6,3,6.43065
2016,02,6,4,7.6168000000000005
2016,02,6,5,8.70065
2016,02,6,6,8.33812
2016,02,6,7,8.9041
2016,02,7,0,9.07433
2016,02,7,1,9.283040000000002
2016,02,7,2,10.043700000000001
2016,02,7,3,10.3379
2016,02,7,4,10.492
2016,02,7,5,10.5453
2016,02,7,6,10.3758
2016,02,7,7,12.020700000000001
2016,02,8,0,12.7609
2016,02,8,1,13.1585
2016,02,8,2,12.588299999999998
2016,02,8,3,11.3024
2016,02,8,4,11.4666
2016,02,8,5,11.826600000000001
2016,02,8,6,11.9244
2016,02,8,7,13.495700000000001
2016,02,9,0,13.8527
2016,02,9,1,12.3945
2016,02,9,2,11.7881
2016,02,9,3,11.4484
2016,02,9,4,12.4673
2016,02,9,5,13.889899999999999
2016,02,9,6,15.378200000000001
2016,02,9,7,17.155099999999997
2016,02,10,0,13.7858
2016,02,10,1,11.608799999999999
2016,02,10,2,11.1492
2016,02,10,3,12.7508
2016,02,10,4,11.423
2016,02,10,5,8.823799999999999
2016,02,10,6,5.81947
2016,02,10,7,5.0134
2016,02,11,0,5.0824300000000004
2016,02,11,1,5.38498
2016,02,11,2,6.2293199999999995
2016,02,11,3,6.73907
2016,02,11,4,6.77637
2016,02,11,5,6.67275
2016,02,11,6,6.20479
2016,02,11,7,6.94822
2016,02,12,0,7.7188
2016,02,12,1,8.291379999999998
2016,02,12,2,8.19171
2016,02,12,3,7.22279
2016,02,12,4,6.77513
2016,02,12,5,6.61433
2016,02,12,6,5.97854
2016,02,12,7,6.167800000000001
2016,02,13,0,7.675979999999999
2016,02,13,1,7.99796
2016,02,13,2,7.92166
2016,02,13,3,7.66589
2016,02,13,4,7.162640000000001
2016,02,13,5,6.76041
2016,02,13,6,6.39399
2016,02,13,7,6.9162
2016,02,14,0,7.96204
2016,02,14,1,9.14249
2016,02,14,2,9.82584
2016,02,14,3,9.34956
2016,02,14,4,8.92051
2016,02,14,5,9.28175
2016,02,14,6,9.022450000000001
2016,02,14,7,9.93979
2016,02,15,0,12.2279
2016,02,15,1,12.0576
2016,02,15,2,11.4921
2016,02,15,3,10.5513
2016,02,15,4,9.981110000000001
2016,02,15,5,9.525649999999999
2016,02,15,6,9.2371
2016,02,15,7,9.67199
2016,02,16,0,10.4472
2016,02,16,1,10.344700000000001
2016,02,16,2,9.83303
2016,02,16,3,9.981110000000001
2016,02,16,4,10.0349
2016,02,16,5,10.2913
2016,02,16,6,10.507
2016,02,16,7,11.1098
2016,02,17,0,10.432
2016,02,17,1,9.148190000000001
2016,02,17,2,8.29759
2016,02,17,3,8.18652
2016,02,17,4,8.009689999999999
2016,02,17,5,8.2723
2016,02,17,6,7.34803
2016,02,17,7,7.8726400000000005
2016,02,18,0,7.6761
2016,02,18,1,7.4872
2016,02,18,2,7.99085
2016,02,18,3,8.697610000000001
2016,02,18,4,8.27186
2016,02,18,5,7.14117
2016,02,18,6,6.14009
2016,02,18,7,6.26872
2016,02,19,0,6.47893
2016,02,19,1,6.49662
2016,02,19,2,5.58338
2016,02,19,3,6.12631
2016,02,19,4,6.59512
2016,02,19,5,7.06863
2016,02,19,6,6.841069999999999
2016,02,19,7,6.9999899999999995
2016,02,20,0,8.61143
2016,02,20,1,7.09826
2016,02,20,2,6.38164
2016,02,20,3,7.009720000000001
2016,02,20,4,7.57333
2016,02,20,5,8.06213
2016,02,20,6,8.317620000000002
2016,02,20,7,8.417110000000001
2016,02,21,0,9.00712
2016,02,21,1,9.05232
2016,02,21,2,8.6171
2016,02,21,3,8.61722
2016,02,21,4,10.0975
2016,02,21,5,11.1011
2016,02,21,6,11.2766
2016,02,21,7,11.302200000000001
2016,02,22,0,11.3934
2016,02,22,1,11.3523
2016,02,22,2,10.913799999999998
2016,02,22,3,11.1198
2016,02,22,4,11.8541
2016,02,22,5,12.3655
2016,02,22,6,15.7441
2016,02,22,7,13.4467
2016,02,23,0,11.877799999999999
2016,02,23,1,12.0652
2016,02,23,2,12.0739
2016,02,23,3,9.65092
2016,02,23,4,8.559280000000001
2016,02,23,5,7.99425
2016,02,23,6,7.7983
2016,02,23,7,8.49522
2016,02,24,0,9.346459999999999
2016,02,24,1,9.59783
2016,02,24,2,8.53089
2016,02,24,3,8.07148
2016,02,24,4,8.45724
2016,02,24,5,8.80832
2016,02,24,6,8.742629999999998
2016,02,24,7,8.70613
2016,02,25,0,8.92101
2016,02,25,1,8.32359
2016,02,25,2,7.80974
2016,02,25,3,7.863060000000001
2016,02,25,4,8.21466
2016,02,25,5,8.385309999999999
2016,02,25,6,8.5495
2016,02,25,7,9.116
2016,02,26,0,10.0406
2016,02,26,1,10.3704
2016,02,26,2,10.2165
2016,02,26,3,9.82137
2016,02,26,4,10.0764
2016,02,26,5,10.4515
2016,02,26,6,10.7075
2016,02,26,7,11.4558
2016,02,27,0,13.8364
2016,02,27,1,16.0377
2016,02,27,2,17.1726
2016,02,27,3,16.212600000000002
2016,02,27,4,15.453700000000001
2016,02,27,5,15.3384
2016,02,27,6,16.0724
2016,02,27,7,18.6953
2016,02,28,0,22.4337
2016,02,28,1,23.0147
2016,02,28,2,21.2023
2016,02,28,3,20.5063
2016,02,28,4,19.038
2016,02,28,5,19.5805
2016,02,28,6,21.513099999999998
2016,02,28,7,24.9108
2016,02,29,0,30.000700000000002
2016,02,29,1,31.107599999999998
2016,02,29,2,26.422099999999997
2016,02,29,3,23.8185
2016,02,29,4,23.7275
2016,02,29,5,22.4322
2016,02,29,6,21.724
2016,02,29,7,22.766599999999997
2016,02,30,0,23.4268
2016,02,30,1,21.040200000000002
2016,02,30,2,22.2389
2016,02,30,3,25.560599999999997
2016,02,30,4,26.186
2016,02,30,5,24.3511
2016,02,30,6,22.1767
2016,02,30,7,22.9465
2016,02,31,0,22.872700000000002
2016,02,31,1,21.4283
2016,02,31,2,20.302400000000002
2016,02,31,3,22.1635
2016,02,31,4,25.477400000000003
2016,02,31,5,27.6355
2016,02,31,6,25.229
2016,02,31,7,23.927
2016,02,1,0,23.8525
2016,02,1,1,23.9269
2016,02,1,2,21.533900000000003
2016,02,1,3,23.287599999999998
2016,02,1,4,21.728
2016,02,1,5,18.3613
2016,02,1,6,19.297900000000002
2016,02,1,7,20.485599999999998
2016,02,2,0,21.619
2016,02,2,1,21.477
2016,02,2,2,20.3372
2016,02,2,3,18.7709
2016,02,2,4,17.765099999999997
2016,02,2,5,17.9867
2016,02,2,6,18.705599999999997
2016,02,2,7,19.2836
2016,02,3,0,19.498099999999997
2016,02,3,1,18.5989
2016,02,3,2,16.7099
2016,02,3,3,15.114700000000001
2016,02,3,4,14.4173
2016,02,3,5,13.8719
2016,02,3,6,14.985
2016,02,3,7,16.3375
2016,02,4,0,19.471700000000002
2016,02,4,1,20.5536
2016,02,4,2,20.4877
2016,02,4,3,23.6615
2016,02,4,4,21.697400000000002
2016,02,4,5,22.3375
2016,02,4,6,24.367
2016,02,4,7,25.004
2016,02,5,0,24.333599999999997
2016,02,5,1,23.8841
2016,02,5,2,20.5966
2016,02,5,3,20.326400000000003
2016,02,5,4,16.2944
2016,02,5,5,14.436399999999999
2016,02,5,6,12.1059
2016,02,5,7,8.77377
2016,02,6,0,6.95144
2016,02,6,1,5.86239
2016,02,6,2,4.65128
2016,02,6,3,3.8886100000000003
2016,02,6,4,4.02229
2016,02,6,5,3.99925
2016,02,6,6,3.66996
2016,02,6,7,3.5385999999999997
2016,02,7,0,4.16347
2016,02,7,1,3.8801
2016,02,7,2,3.5187
2016,02,7,3,4.19855
2016,02,7,4,4.92291
2016,02,7,5,5.30602
2016,02,7,6,4.66765
2016,02,7,7,4.64588
2016,02,8,0,4.78749
2016,02,8,1,4.79012
2016,02,8,2,4.7983
2016,02,8,3,4.4279399999999995
2016,02,8,4,4.81741
2016,02,8,5,5.285939999999999
2016,02,8,6,4.74033
2016,02,8,7,4.492
2016,02,9,0,4.4261099999999995
2016,02,9,1,4.51151
2016,02,9,2,4.479229999999999
2016,02,9,3,4.60617
2016,02,9,4,5.89043
2016,02,9,5,6.41389
2016,02,9,6,6.9633199999999995
2016,02,9,7,8.24419
2016,02,10,0,7.3653900000000005
2016,02,10,1,5.59403
2016,02,10,2,4.76013
2016,02,10,3,4.593520000000001
2016,02,10,4,5.05608
2016,02,10,5,5.99556
2016,02,10,6,5.796390000000001
2016,02,10,7,5.40585
2016,02,11,0,5.40687
2016,02,11,1,5.818020000000001
2016,02,11,2,6.78552
2016,02,11,3,6.49225
2016,02,11,4,6.3310900000000006
2016,02,11,5,6.26609
2016,02,11,6,5.76044
2016,02,11,7,6.385020000000001
2016,02,12,0,7.17553
2016,02,12,1,7.28767
2016,02,12,2,6.9091000000000005
2016,02,12,3,6.7405100000000004
2016,02,12,4,6.41396
2016,02,12,5,6.63933
2016,02,12,6,7.00378
2016,02,12,7,7.718109999999999
2016,02,13,0,7.73898
2016,02,13,1,7.707520000000001
2016,02,13,2,10.179200000000002
2016,02,13,3,9.54452
2016,02,13,4,9.3119
2016,02,13,5,10.188600000000001
2016,02,13,6,8.180579999999999
2016,02,13,7,10.7883
2016,02,14,0,8.35791
2016,02,14,1,8.38826
2016,02,14,2,8.712629999999999
2016,02,14,3,8.97265
2016,02,14,4,9.82589
2016,02,14,5,10.1395
2016,02,14,6,10.0667
2016,02,14,7,10.646
2016,02,15,0,13.5276
2016,02,15,1,12.274700000000001
2016,02,15,2,11.1316
2016,02,15,3,10.5123
2016,02,15,4,11.0251
2016,02,15,5,10.655299999999999
2016,02,15,6,10.5443
2016,02,15,7,9.698690000000001
2016,02,16,0,9.75441
2016,02,16,1,10.1677
2016,02,16,2,8.816370000000001
2016,02,16,3,7.09607
2016,02,16,4,6.71291
2016,02,16,5,7.09387
2016,02,16,6,5.90904
2016,02,16,7,5.86134
2016,02,17,0,7.07922
2016,02,17,1,7.70281
2016,02,17,2,7.68499
2016,02,17,3,6.253220000000001
2016,02,17,4,5.480359999999999
2016,02,17,5,5.12375
2016,02,17,6,4.68567
2016,02,17,7,4.8023299999999995
2016,02,18,0,5.51279
2016,02,18,1,5.8492
2016,02,18,2,6.60688
2016,02,18,3,6.4396
2016,02,18,4,6.267
2016,02,18,5,6.674060000000001
2016,02,18,6,6.82888
2016,02,18,7,7.85193
2016,02,19,0,9.10951
2016,02,19,1,10.611
2016,02,19,2,11.292
2016,02,19,3,11.6228
2016,02,19,4,12.237200000000001
2016,02,19,5,16.7633
2016,02,19,6,13.8324
2016,02,19,7,14.6409
2016,02,20,0,15.0645
2016,02,20,1,15.312899999999999
2016,02,20,2,15.337299999999999
2016,02,20,3,14.242700000000001
2016,02,20,4,14.4931
2016,02,20,5,13.6383
2016,02,20,6,12.2319
2016,02,20,7,12.3768
2016,02,21,0,12.3933
2016,02,21,1,12.8937
2016,02,21,2,13.6648
2016,02,21,3,13.5436
2016,02,21,4,13.9191
2016,02,21,5,13.953
2016,02,21,6,12.9417
2016,02,21,7,13.2929
2016,02,22,0,14.8135
2016,02,22,1,15.5788
2016,02,22,2,18.503700000000002
2016,02,22,3,22.7248
2016,02,22,4,26.096400000000003
2016,02,22,5,25.271
2016,02,22,6,25.9365
2016,02,22,7,26.2611
2016,02,23,0,23.0529
2016,02,23,1,22.364
2016,02,23,2,20.9501
2016,02,23,3,19.3414
2016,02,23,4,19.1322
2016,02,23,5,19.3218
2016,02,23,6,20.2527
2016,02,23,7,26.045
2016,02,24,0,25.7033
2016,02,24,1,21.134400000000003
2016,02,24,2,19.2144
2016,02,24,3,17.3528
2016,02,24,4,13.060799999999999
2016,02,24,5,11.133799999999999
2016,02,24,6,11.3247
2016,02,24,7,12.689200000000001
2016,02,25,0,15.5725
2016,02,25,1,16.4146
2016,02,25,2,15.1275
2016,02,25,3,13.8816
2016,02,25,4,12.369200000000001
2016,02,25,5,10.8457
2016,02,25,6,10.633700000000001
2016,02,25,7,10.8712
2016,02,26,0,11.504100000000001
2016,02,26,1,11.351600000000001
2016,02,26,2,11.1891
2016,02,26,3,10.9687
2016,02,26,4,10.2352
2016,02,26,5,9.746870000000001
2016,02,26,6,9.76903
2016,02,26,7,10.2113
2016,02,27,0,12.3375
2016,02,27,1,14.204600000000001
2016,02,27,2,14.924
2016,02,27,3,14.8641
2016,02,27,4,13.0069
2016,02,27,5,12.5229
2016,02,27,6,13.5661
2016,02,27,7,13.6404
2016,02,28,0,16.0027
2016,02,28,1,17.1642
2016,02,28,2,14.7935
2016,02,28,3,12.911700000000002
2016,02,28,4,12.5968
2016,02,28,5,13.5624
2016,02,28,6,12.6474
2016,02,28,7,11.7382
2016,02,29,0,12.691799999999999
2016,02,29,1,13.4919
2016,02,29,2,13.5181
2016,02,29,3,12.762
2016,02,29,4,12.986799999999999
2016,02,29,5,13.3104
2016,02,29,6,12.771799999999999
2016,02,29,7,12.9553
2016,02,30,0,15.8146
2016,02,30,1,13.647
2016,02,30,2,13.2887
2016,02,30,3,13.3731
2016,02,30,4,13.6469
2016,02,30,5,14.8958
2016,02,30,6,13.629
2016,02,30,7,13.6125
2016,02,31,0,14.1469
2016,02,31,1,14.461
2016,02,31,2,15.5245
2016,02,31,3,15.4383
2016,02,31,4,15.3433
2016,02,31,5,15.456
2016,02,31,6,15.3735
2016,02,31,7,13.9884
2016,02,1,0,13.9148
2016,02,1,1,11.522
2016,02,1,2,9.59433
2016,02,1,3,8.74628
2016,02,1,4,8.31481
2016,02,1,5,7.66137
2016,02,1,6,6.886310000000001
2016,02,1,7,6.30163
2016,02,2,0,6.7534
2016,02,2,1,5.47816
2016,02,2,2,4.837560000000001
2016,02,2,3,4.902489999999999
2016,02,2,4,5.94569
2016,02,2,5,6.51804
2016,02,2,6,6.06158
2016,02,2,7,4.94625
2016,02,3,0,5.94971
2016,02,3,1,7.91038
2016,02,3,2,7.95558
2016,02,3,3,8.18111
2016,02,3,4,9.86208
2016,02,3,5,12.100100000000001
2016,02,3,6,13.9919
2016,02,3,7,15.566
2016,02,4,0,14.9274
2016,02,4,1,13.7821
2016,02,4,2,11.318200000000001
2016,02,4,3,9.2595
2016,02,4,4,7.89683
2016,02,4,5,6.87517
2016,02,4,6,5.16404
2016,02,4,7,4.17546
2016,02,5,0,4.73052
2016,02,5,1,6.68531
2016,02,5,2,7.88006
2016,02,5,3,7.64981
2016,02,5,4,7.898680000000001
2016,02,5,5,7.12229
2016,02,5,6,7.398479999999999
2016,02,5,7,8.0937
2016,02,6,0,7.38884
2016,02,6,1,7.0583599999999995
2016,02,6,2,6.9836
2016,02,6,3,6.717359999999999
2016,02,6,4,6.50728
2016,02,6,5,6.9945
2016,02,6,6,7.3424700000000005
2016,02,6,7,7.75795
2016,02,7,0,9.083219999999999
2016,02,7,1,9.72724
2016,02,7,2,8.43375
2016,02,7,3,8.277940000000001
2016,02,7,4,7.9442200000000005
2016,02,7,5,7.41708
2016,02,7,6,7.62446
2016,02,7,7,7.940840000000001
2016,02,8,0,8.38083
2016,02,8,1,8.711879999999999
2016,02,8,2,8.96715
2016,02,8,3,8.87051
2016,02,8,4,8.64482
2016,02,8,5,8.53474
2016,02,8,6,8.48421
2016,02,8,7,8.19065
2016,02,9,0,8.75723
2016,02,9,1,9.10961
2016,02,9,2,9.16768
2016,02,9,3,9.513219999999999
2016,02,9,4,8.96261
2016,02,9,5,8.30683
2016,02,9,6,8.4348
2016,02,9,7,8.81072
2016,02,10,0,8.758299999999998
2016,02,10,1,8.52903
2016,02,10,2,8.67012
2016,02,10,3,8.852049999999998
2016,02,10,4,18.4778
2016,02,10,5,9.18639
2016,02,10,6,10.3306
2016,02,10,7,12.7325
2016,02,11,0,15.2023
2016,02,11,1,14.950299999999999
2016,02,11,2,14.7248
2016,02,11,3,12.321
2016,02,11,4,16.3604
2016,02,11,5,12.2462
2016,02,11,6,12.398
2016,02,11,7,12.9263
2016,02,12,0,15.171
2016,02,12,1,16.9157
2016,02,12,2,14.584200000000001
2016,02,12,3,13.0656
2016,02,12,4,11.5213
2016,02,12,5,11.637799999999999
2016,02,12,6,14.5517
2016,02,12,7,12.1403
2016,02,13,0,10.633
2016,02,13,1,10.5495
2016,02,13,2,10.6506
2016,02,13,3,12.9004
2016,02,13,4,11.506200000000002
2016,02,13,5,8.277989999999999
2016,02,13,6,5.96581
2016,02,13,7,4.33873
2016,02,14,0,6.39039
2016,02,14,1,11.6592
2016,02,14,2,12.908700000000001
2016,02,14,3,11.321299999999999
2016,02,14,4,9.81306
2016,02,14,5,9.2006
2016,02,14,6,8.538780000000001
2016,02,14,7,8.36461
2016,02,15,0,8.74049
2016,02,15,1,8.93378
2016,02,15,2,8.510620000000001
2016,02,15,3,8.37935
2016,02,15,4,7.902939999999999
2016,02,15,5,7.2398299999999995
2016,02,15,6,7.195060000000001
2016,02,15,7,7.199
2016,02,16,0,7.44309
2016,02,16,1,7.71688
2016,02,16,2,7.83342
2016,02,16,3,7.73417
2016,02,16,4,7.76097
2016,02,16,5,8.92642
2016,02,16,6,7.61773
2016,02,16,7,7.88934
2016,02,17,0,7.9448
2016,02,17,1,8.18993
2016,02,17,2,7.14428
2016,02,17,3,6.66793
2016,02,17,4,6.607819999999999
2016,02,17,5,6.613770000000001
2016,02,17,6,7.04227
2016,02,17,7,7.0526
2016,02,18,0,7.0568
2016,02,18,1,7.65456
2016,02,18,2,8.9171
2016,02,18,3,9.2364
2016,02,18,4,9.55751
2016,02,18,5,10.136700000000001
2016,02,18,6,9.786629999999999
2016,02,18,7,10.146
2016,02,19,0,9.75502
2016,02,19,1,8.88899
2016,02,19,2,8.929649999999999
2016,02,19,3,10.8076
2016,02,19,4,10.5647
2016,02,19,5,9.43145
2016,02,19,6,8.33597
2016,02,19,7,8.43216
2016,02,20,0,10.094700000000001
2016,02,20,1,12.5006
2016,02,20,2,13.3047
2016,02,20,3,17.6549
2016,02,20,4,16.385900000000003
2016,02,20,5,15.6183
2016,02,20,6,16.362299999999998
2016,02,20,7,17.3883
2016,02,21,0,18.8387
2016,02,21,1,19.3015
2016,02,21,2,19.834
2016,02,21,3,20.7185
2016,02,21,4,22.1082
2016,02,21,5,22.6711
2016,02,21,6,21.608
2016,02,21,7,19.877200000000002
2016,02,22,0,18.0029
2016,02,22,1,17.534200000000002
2016,02,22,2,15.4904
2016,02,22,3,9.79662
2016,02,22,4,4.39666
2016,02,22,5,2.94358
2016,02,22,6,2.46476
2016,02,22,7,3.92123
2016,02,23,0,6.13788
2016,02,23,1,7.91356
2016,02,23,2,7.530069999999999
2016,02,23,3,7.49865
2016,02,23,4,7.68391
2016,02,23,5,7.89785
2016,02,23,6,6.937270000000001
2016,02,23,7,6.67218
2016,02,24,0,9.30292
2016,02,24,1,10.3524
2016,02,24,2,9.7814
2016,02,24,3,10.037600000000001
2016,02,24,4,11.232
2016,02,24,5,13.431700000000001
2016,02,24,6,12.364799999999999
2016,02,24,7,10.0951
2016,02,25,0,9.472290000000001
2016,02,25,1,9.55927
2016,02,25,2,10.424
2016,02,25,3,8.70199
2016,02,25,4,9.97802
2016,02,25,5,9.44038
2016,02,25,6,8.39039
2016,02,25,7,12.5436
2016,02,26,0,9.387030000000001
2016,02,26,1,9.71369
2016,02,26,2,9.72481
2016,02,26,3,10.5611
2016,02,26,4,10.7873
2016,02,26,5,10.6376
2016,02,26,6,10.128200000000001
2016,02,26,7,9.87761
2016,02,27,0,9.71482
2016,02,27,1,9.2995
2016,02,27,2,8.654069999999999
2016,02,27,3,8.3977
2016,02,27,4,8.847790000000002
2016,02,27,5,9.30995
2016,02,27,6,9.718110000000001
2016,02,27,7,9.80654
2016,02,28,0,10.0236
2016,02,28,1,10.282200000000001
2016,02,28,2,10.3715
2016,02,28,3,11.4831
2016,02,28,4,13.6317
2016,02,28,5,14.9795
2016,02,28,6,16.972900000000003
2016,02,28,7,19.8922
2016,02,29,0,21.547
2016,02,29,1,22.045900000000003
2016,02,29,2,21.3613
2016,02,29,3,20.156
2016,02,29,4,18.8756
2016,02,29,5,20.743
2016,02,29,6,19.5278
2016,02,29,7,24.055
2016,02,30,0,26.5646
2016,02,30,1,19.4741
2016,02,30,2,17.9202
2016,02,30,3,16.861
2016,02,30,4,15.7826
2016,02,30,5,14.694700000000001
2016,02,30,6,13.723700000000001
2016,02,30,7,13.0805
2016,02,1,0,12.781799999999999
2016,02,1,1,11.973600000000001
2016,02,1,2,9.558879999999998
2016,02,1,3,8.885399999999999
2016,02,1,4,8.41677
2016,02,1,5,7.97607
2016,02,1,6,7.55913
2016,02,1,7,6.4158599999999995
2016,02,2,0,5.6073900000000005
2016,02,2,1,4.745010000000001
2016,02,2,2,3.6416399999999998
2016,02,2,3,3.3689899999999997
2016,02,2,4,3.0792100000000002
2016,02,2,5,3.26712
2016,02,2,6,3.0522199999999997
2016,02,2,7,2.84767
2016,02,3,0,4.147390000000001
2016,02,3,1,4.70162
2016,02,3,2,4.65121
2016,02,3,3,6.40625
2016,02,3,4,7.29035
2016,02,3,5,8.84264
2016,02,3,6,8.2685
2016,02,3,7,8.94506
2016,02,4,0,11.271600000000001
2016,02,4,1,10.7849
2016,02,4,2,9.626389999999999
2016,02,4,3,9.27749
2016,02,4,4,10.906799999999999
2016,02,4,5,10.961
2016,02,4,6,9.367469999999999
2016,02,4,7,7.52797
2016,02,5,0,7.0335600000000005
2016,02,5,1,6.97553
2016,02,5,2,6.60248
2016,02,5,3,5.87802
2016,02,5,4,5.17025
2016,02,5,5,4.87407
2016,02,5,6,4.233770000000001
2016,02,5,7,3.0255900000000002
2016,02,6,0,3.47757
2016,02,6,1,5.22118
2016,02,6,2,5.38825
2016,02,6,3,5.63891
2016,02,6,4,6.57484
2016,02,6,5,7.04371
2016,02,6,6,7.366359999999999
2016,02,6,7,7.48251
2016,02,7,0,7.05576
2016,02,7,1,6.85755
2016,02,7,2,7.06166
2016,02,7,3,7.42929
2016,02,7,4,7.48658
2016,02,7,5,7.502560000000001
2016,02,7,6,8.52197
2016,02,7,7,9.31348
2016,02,8,0,9.08108
2016,02,8,1,9.2566
2016,02,8,2,10.5019
2016,02,8,3,11.2644
2016,02,8,4,10.590399999999999
2016,02,8,5,9.628110000000001
2016,02,8,6,9.50042
2016,02,8,7,9.59001
2016,02,9,0,8.951979999999999
2016,02,9,1,8.246690000000001
2016,02,9,2,7.89672
2016,02,9,3,7.51523
2016,02,9,4,7.31133
2016,02,9,5,7.120550000000001
2016,02,9,6,6.77558
2016,02,9,7,6.68215
2016,02,10,0,7.82955
2016,02,10,1,9.05463
2016,02,10,2,8.717450000000001
2016,02,10,3,9.41071
2016,02,10,4,9.99601
2016,02,10,5,9.9427
2016,02,10,6,9.863059999999999
2016,02,10,7,9.99977
2016,02,11,0,9.959
2016,02,11,1,9.880540000000002
2016,02,11,2,9.33264
2016,02,11,3,9.89731
2016,02,11,4,11.296100000000001
2016,02,11,5,11.7321
2016,02,11,6,10.5228
2016,02,11,7,9.61062
2016,02,12,0,9.636239999999999
2016,02,12,1,9.55208
2016,02,12,2,9.537799999999999
2016,02,12,3,9.52121
2016,02,12,4,10.3396
2016,02,12,5,10.8552
2016,02,12,6,10.2966
2016,02,12,7,10.7029
2016,02,13,0,11.0762
2016,02,13,1,10.936200000000001
2016,02,13,2,10.1595
2016,02,13,3,10.398200000000001
2016,02,13,4,11.797600000000001
2016,02,13,5,14.8705
2016,02,13,6,14.6673
2016,02,13,7,13.7879
2016,02,14,0,11.23
2016,02,14,1,12.385399999999999
2016,02,14,2,10.5194
2016,02,14,3,10.26
2016,02,14,4,11.2441
2016,02,14,5,10.8557
2016,02,14,6,10.414200000000001
2016,02,14,7,13.7301
2016,02,15,0,14.569700000000001
2016,02,15,1,12.1731
2016,02,15,2,16.3098
2016,02,15,3,16.8856
2016,02,15,4,17.2742
2016,02,15,5,17.465400000000002
2016,02,15,6,15.1059
2016,02,15,7,12.2222
2016,02,16,0,12.353
2016,02,16,1,16.1484
2016,02,16,2,15.657399999999999
2016,02,16,3,14.2797
2016,02,16,4,15.662
2016,02,16,5,15.9786
2016,02,16,6,16.1527
2016,02,16,7,16.9573
2016,02,17,0,15.895299999999999
2016,02,17,1,15.0925
2016,02,17,2,12.333
2016,02,17,3,9.241790000000002
2016,02,17,4,10.1114
2016,02,17,5,11.6971
2016,02,17,6,11.4278
2016,02,17,7,10.0995
2016,02,18,0,9.83115
2016,02,18,1,10.8619
2016,02,18,2,10.396799999999999
2016,02,18,3,8.84842
2016,02,18,4,6.03017
2016,02,18,5,5.13124
2016,02,18,6,5.32165
2016,02,18,7,4.75103
2016,02,19,0,5.55252
2016,02,19,1,8.08296
2016,02,19,2,9.107280000000001
2016,02,19,3,8.80114
2016,02,19,4,9.584520000000001
2016,02,19,5,9.3252
2016,02,19,6,8.997549999999999
2016,02,19,7,8.255700000000001
2016,02,20,0,8.455200000000001
2016,02,20,1,8.14051
2016,02,20,2,7.4889399999999995
2016,02,20,3,7.46102
2016,02,20,4,7.491569999999999
2016,02,20,5,6.97828
2016,02,20,6,6.91899
2016,02,20,7,6.783060000000001
2016,02,21,0,6.572520000000001
2016,02,21,1,6.30022
2016,02,21,2,6.174810000000001
2016,02,21,3,5.942270000000001
2016,02,21,4,6.3308
2016,02,21,5,6.762560000000001
2016,02,21,6,6.61424
2016,02,21,7,6.2820100000000005
2016,02,22,0,5.8497200000000005
2016,02,22,1,5.91582
2016,02,22,2,6.61491
2016,02,22,3,7.00284
2016,02,22,4,7.0476
2016,02,22,5,6.97849
2016,02,22,6,6.9436
2016,02,22,7,6.95666
2016,02,23,0,6.5913
2016,02,23,1,7.3975
2016,02,23,2,8.720270000000001
2016,02,23,3,8.89193
2016,02,23,4,7.27098
2016,02,23,5,7.84499
2016,02,23,6,9.42411
2016,02,23,7,11.0784
2016,02,24,0,16.968700000000002
2016,02,24,1,20.6041
2016,02,24,2,22.5841
2016,02,24,3,23.974
2016,02,24,4,21.3446
2016,02,24,5,19.9817
2016,02,24,6,18.6816
2016,02,24,7,14.8847
2016,02,25,0,10.890799999999999
2016,02,25,1,9.726450000000002
2016,02,25,2,7.11042
2016,02,25,3,8.26416
2016,02,25,4,11.3288
2016,02,25,5,12.7791
2016,02,25,6,11.6739
2016,02,25,7,10.621
2016,02,26,0,11.027899999999999
2016,02,26,1,13.4647
2016,02,26,2,16.682599999999997
2016,02,26,3,15.7666
2016,02,26,4,14.3062
2016,02,26,5,12.2292
2016,02,26,6,11.8932
2016,02,26,7,11.7911
2016,02,27,0,11.0921
2016,02,27,1,11.0105
2016,02,27,2,11.0556
2016,02,27,3,11.196200000000001
2016,02,27,4,12.3453
2016,02,27,5,16.842
2016,02,27,6,17.7162
2016,02,27,7,18.99
2016,02,28,0,20.479
2016,02,28,1,23.8063
2016,02,28,2,23.9198
2016,02,28,3,21.777900000000002
2016,02,28,4,19.1783
2016,02,28,5,19.2935
2016,02,28,6,14.7419
2016,02,28,7,11.9105
2016,02,29,0,11.1577
2016,02,29,1,10.8352
2016,02,29,2,10.641399999999999
2016,02,29,3,10.928
2016,02,29,4,11.527
2016,02,29,5,10.495700000000001
2016,02,29,6,11.1881
2016,02,29,7,13.8798
2016,02,30,0,15.6651
2016,02,30,1,19.798299999999998
2016,02,30,2,19.6624
2016,02,30,3,21.5545
2016,02,30,4,21.2866
2016,02,30,5,20.231900000000003
2016,02,30,6,19.1315
2016,02,30,7,15.748
2016,02,31,0,10.0341
2016,02,31,1,9.20076
2016,02,31,2,8.6259
2016,02,31,3,7.673520000000001
2016,02,31,4,6.30325
2016,02,31,5,5.62338
2016,02,31,6,6.334
2016,02,31,7,6.17487
2016,02,1,0,6.42227
2016,02,1,1,8.43368
2016,02,1,2,5.79427
2016,02,1,3,6.85801
2016,02,1,4,9.51363
2016,02,1,5,9.872459999999998
2016,02,1,6,9.73171
2016,02,1,7,9.25541
2016,02,2,0,8.80499
2016,02,2,1,7.17567
2016,02,2,2,7.0444700000000005
2016,02,2,3,7.66739
2016,02,2,4,8.30395
2016,02,2,5,8.03478
2016,02,2,6,6.3984
2016,02,2,7,5.46765
2016,02,3,0,5.29201
2016,02,3,1,5.274979999999999
2016,02,3,2,5.4408900000000004
2016,02,3,3,5.84368
2016,02,3,4,6.23046
2016,02,3,5,6.6335299999999995
2016,02,3,6,7.01355
2016,02,3,7,5.50707
2016,02,4,0,5.56984
2016,02,4,1,6.4184399999999995
2016,02,4,2,7.706930000000001
2016,02,4,3,8.01648
2016,02,4,4,8.43074
2016,02,4,5,8.866010000000001
2016,02,4,6,9.448229999999999
2016,02,4,7,9.72147
2016,02,5,0,9.562190000000001
2016,02,5,1,9.91925
2016,02,5,2,9.93339
2016,02,5,3,9.73092
2016,02,5,4,9.3444
2016,02,5,5,9.2884
2016,02,5,6,9.62814
2016,02,5,7,9.56783
2016,02,6,0,9.73742
2016,02,6,1,9.90247
2016,02,6,2,9.47208
2016,02,6,3,9.19375
2016,02,6,4,9.65424
2016,02,6,5,9.09965
2016,02,6,6,10.2953
2016,02,6,7,11.8062
2016,02,7,0,15.1098
2016,02,7,1,15.268
2016,02,7,2,15.2676
2016,02,7,3,15.7608
2016,02,7,4,16.0026
2016,02,7,5,16.1339
2016,02,7,6,16.2966
2016,02,7,7,16.349899999999998
2016,02,8,0,16.7596
2016,02,8,1,16.890099999999997
2016,02,8,2,16.3015
2016,02,8,3,15.257700000000002
2016,02,8,4,14.9453
2016,02,8,5,14.7623
2016,02,8,6,14.289100000000001
2016,02,8,7,13.5957
2016,02,9,0,13.023299999999999
2016,02,9,1,12.2683
2016,02,9,2,11.4741
2016,02,9,3,11.556299999999998
2016,02,9,4,11.6236
2016,02,9,5,11.6085
2016,02,9,6,12.1402
2016,02,9,7,12.926
2016,02,10,0,13.0566
2016,02,10,1,12.8059
2016,02,10,2,11.809899999999999
2016,02,10,3,11.3682
2016,02,10,4,11.5509
2016,02,10,5,11.7004
2016,02,10,6,11.297799999999999
2016,02,10,7,10.693
2016,02,11,0,10.4765
2016,02,11,1,10.249600000000001
2016,02,11,2,10.2542
2016,02,11,3,10.303700000000001
2016,02,11,4,10.4581
2016,02,11,5,10.449200000000001
2016,02,11,6,9.683209999999999
2016,02,11,7,9.04709
2016,02,12,0,9.53582
2016,02,12,1,9.76165
2016,02,12,2,10.007
2016,02,12,3,10.4795
2016,02,12,4,11.608
2016,02,12,5,12.965200000000001
2016,02,12,6,12.4076
2016,02,12,7,11.6549
2016,02,13,0,11.680200000000001
2016,02,13,1,11.6883
2016,02,13,2,11.2858
2016,02,13,3,10.9532
2016,02,13,4,10.1866
2016,02,13,5,9.71106
2016,02,13,6,9.39346
2016,02,13,7,9.35377
2016,02,14,0,11.0229
2016,02,14,1,11.5916
2016,02,14,2,10.4819
2016,02,14,3,10.2593
2016,02,14,4,9.84998
2016,02,14,5,9.146780000000001
2016,02,14,6,8.65794
2016,02,14,7,7.89136
2016,02,15,0,8.14269
2016,02,15,1,8.42228
2016,02,15,2,8.03315
2016,02,15,3,8.035680000000001
2016,02,15,4,8.02026
2016,02,15,5,7.35091
2016,02,15,6,7.287520000000001
2016,02,15,7,5.38305
2016,02,16,0,5.12908
2016,02,16,1,4.6885900000000005
2016,02,16,2,3.8375
2016,02,16,3,6.69405
2016,02,16,4,10.8928
2016,02,16,5,5.7153
2016,02,16,6,3.2098
2016,02,16,7,1.8955499999999998
2016,02,17,0,4.1849099999999995
2016,02,17,1,4.91355
2016,02,17,2,3.7891500000000002
2016,02,17,3,4.27004
2016,02,17,4,5.53142
2016,02,17,5,6.16066
2016,02,17,6,5.72721
2016,02,17,7,4.97116
2016,02,18,0,4.34349
2016,02,18,1,3.98204
2016,02,18,2,4.85341
2016,02,18,3,5.01933
2016,02,18,4,6.308140000000001
2016,02,18,5,7.88775
2016,02,18,6,8.33213
2016,02,18,7,8.39943
2016,02,19,0,6.41497
2016,02,19,1,5.12284
2016,02,19,2,5.77412
2016,02,19,3,5.64039
2016,02,19,4,5.50185
2016,02,19,5,6.03572
2016,02,19,6,6.17941
2016,02,19,7,6.25664
2016,02,20,0,6.81079
2016,02,20,1,6.29751
2016,02,20,2,6.10837
2016,02,20,3,5.6375399999999996
2016,02,20,4,5.76425
2016,02,20,5,7.49383
2016,02,20,6,9.91761
2016,02,20,7,13.681799999999999
2016,02,21,0,15.0711
2016,02,21,1,15.6821
2016,02,21,2,14.9803
2016,02,21,3,13.4497
2016,02,21,4,13.7906
2016,02,21,5,13.839799999999999
2016,02,21,6,11.723600000000001
2016,02,21,7,9.14179
2016,02,22,0,7.51175
2016,02,22,1,8.08125
2016,02,22,2,7.04041
2016,02,22,3,6.88314
2016,02,22,4,7.02675
2016,02,22,5,7.14417
2016,02,22,6,7.621
2016,02,22,7,8.44092
2016,02,23,0,8.250530000000001
2016,02,23,1,8.07788
2016,02,23,2,8.093069999999999
2016,02,23,3,8.783479999999999
2016,02,23,4,7.226430000000001
2016,02,23,5,6.029310000000001
2016,02,23,6,5.66986
2016,02,23,7,2.50241
2016,02,24,0,2.41542
2016,02,24,1,2.89059
2016,02,24,2,3.4403699999999997
2016,02,24,3,3.714
2016,02,24,4,3.5429
2016,02,24,5,2.9395100000000003
2016,02,24,6,2.81881
2016,02,24,7,2.7256799999999997
2016,02,25,0,2.7493000000000003
2016,02,25,1,3.0208000000000004
2016,02,25,2,2.82638
2016,02,25,3,2.7346399999999997
2016,02,25,4,2.7535100000000003
2016,02,25,5,2.79569
2016,02,25,6,3.13883
2016,02,25,7,2.91531
2016,02,26,0,2.67163
2016,02,26,1,2.42881
2016,02,26,2,2.4187399999999997
2016,02,26,3,2.13548
2016,02,26,4,2.35976
2016,02,26,5,2.7649299999999997
2016,02,26,6,3.32102
2016,02,26,7,3.68901
2016,02,27,0,6.33899
2016,02,27,1,6.90367
2016,02,27,2,5.837260000000001
2016,02,27,3,6.88771
2016,02,27,4,6.746479999999999
2016,02,27,5,7.0859
2016,02,27,6,7.44106
2016,02,27,7,4.59743
2016,02,28,0,4.24649
2016,02,28,1,5.919
2016,02,28,2,8.47317
2016,02,28,3,11.6341
2016,02,28,4,13.2962
2016,02,28,5,11.7075
2016,02,28,6,9.44842
2016,02,28,7,7.105600000000001
2016,02,29,0,5.970890000000001
2016,02,29,1,4.90613
2016,02,29,2,4.30639
2016,02,29,3,4.26678
2016,02,29,4,4.435899999999999
2016,02,29,5,4.1495500000000005
2016,02,29,6,4.37512
2016,02,29,7,4.74032
2016,02,30,0,5.84691
2016,02,30,1,6.41289
2016,02,30,2,5.9749300000000005
2016,02,30,3,5.48586
2016,02,30,4,4.89438
2016,02,30,5,5.04895
2016,02,30,6,5.94892
2016,02,30,7,6.04775
2016,02,1,0,5.5505
2016,02,1,1,5.74064
2016,02,1,2,6.37429
2016,02,1,3,6.6231599999999995
2016,02,1,4,6.3125
2016,02,1,5,7.699350000000001
2016,02,1,6,7.23666
2016,02,1,7,6.9649399999999995
2016,02,2,0,5.9840100000000005
2016,02,2,1,4.72752
2016,02,2,2,4.54187
2016,02,2,3,4.08165
2016,02,2,4,3.59718
2016,02,2,5,3.04244
2016,02,2,6,2.79737
2016,02,2,7,3.01756
2016,02,3,0,3.27825
2016,02,3,1,4.00904
2016,02,3,2,5.89429
2016,02,3,3,5.66878
2016,02,3,4,4.95996
2016,02,3,5,4.85508
2016,02,3,6,5.53003
2016,02,3,7,7.38914
2016,02,4,0,7.508310000000001
2016,02,4,1,6.991350000000001
2016,02,4,2,6.70465
2016,02,4,3,7.12513
2016,02,4,4,7.625970000000001
2016,02,4,5,8.447790000000001
2016,02,4,6,9.25581
2016,02,4,7,9.23599
2016,02,5,0,9.321530000000001
2016,02,5,1,8.75233
2016,02,5,2,7.28408
2016,02,5,3,8.92066
2016,02,5,4,8.423540000000001
2016,02,5,5,7.160189999999999
2016,02,5,6,7.14708
2016,02,5,7,6.0625
2016,02,6,0,6.88133
2016,02,6,1,8.21525
2016,02,6,2,8.15809
2016,02,6,3,8.589450000000001
2016,02,6,4,8.202549999999999
2016,02,6,5,6.47817
2016,02,6,6,5.09004
2016,02,6,7,3.4036999999999997
2016,02,7,0,3.68512
2016,02,7,1,4.36522
2016,02,7,2,5.269609999999999
2016,02,7,3,5.82532
2016,02,7,4,6.1151
2016,02,7,5,6.42963
2016,02,7,6,7.5989700000000004
2016,02,7,7,6.613689999999999
2016,02,8,0,7.28971
2016,02,8,1,6.62953
2016,02,8,2,9.058620000000001
2016,02,8,3,8.719520000000001
2016,02,8,4,8.4598
2016,02,8,5,8.38094
2016,02,8,6,9.08328
2016,02,8,7,12.2318
2016,02,9,0,12.536
2016,02,9,1,12.0566
2016,02,9,2,10.8511
2016,02,9,3,11.9461
2016,02,9,4,12.101600000000001
2016,02,9,5,13.280100000000001
2016,02,9,6,15.4997
2016,02,9,7,16.0291
2016,02,10,0,13.2968
2016,02,10,1,11.392100000000001
2016,02,10,2,12.652899999999999
2016,02,10,3,12.9581
2016,02,10,4,14.3235
2016,02,10,5,15.619
2016,02,10,6,15.5848
2016,02,10,7,16.2855
2016,02,11,0,15.9934
2016,02,11,1,16.832900000000002
2016,02,11,2,17.2003
2016,02,11,3,15.839799999999999
2016,02,11,4,11.0374
2016,02,11,5,9.59942
2016,02,11,6,10.1387
2016,02,11,7,9.3918
2016,02,12,0,8.87203
2016,02,12,1,9.42759
2016,02,12,2,8.9441
2016,02,12,3,9.11309
2016,02,12,4,9.2346
2016,02,12,5,8.53272
2016,02,12,6,9.82322
2016,02,12,7,10.780899999999999
2016,02,13,0,12.2143
2016,02,13,1,13.1588
2016,02,13,2,15.0356
2016,02,13,3,14.6731
2016,02,13,4,15.219700000000001
2016,02,13,5,14.5224
2016,02,13,6,15.0884
2016,02,13,7,15.2318
2016,02,14,0,14.4109
2016,02,14,1,14.052700000000002
2016,02,14,2,14.5845
2016,02,14,3,13.477
2016,02,14,4,11.5869
2016,02,14,5,9.93732
2016,02,14,6,11.344899999999999
2016,02,14,7,10.696
2016,02,15,0,7.697100000000001
2016,02,15,1,7.1716999999999995
2016,02,15,2,7.484
2016,02,15,3,9.56134
2016,02,15,4,13.2126
2016,02,15,5,16.4875
2016,02,15,6,17.9544
2016,02,15,7,18.759900000000002
2016,02,16,0,19.42
2016,02,16,1,18.8533
2016,02,16,2,17.9031
2016,02,16,3,16.879900000000003
2016,02,16,4,14.6359
2016,02,16,5,9.29861
2016,02,16,6,4.98434
2016,02,16,7,3.28175
2016,02,17,0,3.53248
2016,02,17,1,3.5791999999999997
2016,02,17,2,4.43657
2016,02,17,3,3.38875
2016,02,17,4,2.12212
2016,02,17,5,1.70033
2016,02,17,6,1.34001
2016,02,17,7,1.63521
2016,02,18,0,2.05594
2016,02,18,1,2.73393
2016,02,18,2,2.80318
2016,02,18,3,3.18181
2016,02,18,4,3.54787
2016,02,18,5,2.65783
2016,02,18,6,2.74961
2016,02,18,7,2.8344699999999996
2016,02,19,0,2.32201
2016,02,19,1,1.91103
2016,02,19,2,2.01104
2016,02,19,3,2.10764
2016,02,19,4,2.18746
2016,02,19,5,2.23109
2016,02,19,6,2.84464
2016,02,19,7,3.8766700000000003
2016,02,20,0,4.23892
2016,02,20,1,4.74421
2016,02,20,2,5.327529999999999
2016,02,20,3,5.2628
2016,02,20,4,4.87209
2016,02,20,5,4.17754
2016,02,20,6,3.57796
2016,02,20,7,3.3544699999999996
2016,02,21,0,3.0471399999999997
2016,02,21,1,3.33629
2016,02,21,2,3.77373
2016,02,21,3,4.2496599999999995
2016,02,21,4,5.12299
2016,02,21,5,5.628939999999999
2016,02,21,6,6.4703800000000005
2016,02,21,7,8.163020000000001
2016,02,22,0,9.91211
2016,02,22,1,12.2105
2016,02,22,2,13.1156
2016,02,22,3,9.45045
2016,02,22,4,9.149329999999999
2016,02,22,5,7.82629
2016,02,22,6,6.79446
2016,02,22,7,6.98984
2016,02,23,0,7.39765
2016,02,23,1,7.66454
2016,02,23,2,8.635909999999999
2016,02,23,3,9.262379999999999
2016,02,23,4,10.039399999999999
2016,02,23,5,9.97877
2016,02,23,6,11.6619
2016,02,23,7,9.82626
2016,02,24,0,13.2135
2016,02,24,1,14.7325
2016,02,24,2,12.9289
2016,02,24,3,9.91299
2016,02,24,4,8.34028
2016,02,24,5,6.3819099999999995
2016,02,24,6,4.4264399999999995
2016,02,24,7,3.1508000000000003
2016,02,25,0,3.7795199999999998
2016,02,25,1,3.95411
2016,02,25,2,4.44616
2016,02,25,3,4.169449999999999
2016,02,25,4,3.79482
2016,02,25,5,3.5948800000000003
2016,02,25,6,4.34059
2016,02,25,7,5.10171
2016,02,26,0,5.45301
2016,02,26,1,5.84474
2016,02,26,2,5.71526
2016,02,26,3,5.8083100000000005
2016,02,26,4,5.45449
2016,02,26,5,4.90242
2016,02,26,6,5.10043
2016,02,26,7,5.83079
2016,02,27,0,6.8899
2016,02,27,1,6.983770000000001
2016,02,27,2,5.95695
2016,02,27,3,5.92614
2016,02,27,4,5.1888000000000005
2016,02,27,5,4.8373
2016,02,27,6,5.274220000000001
2016,02,27,7,5.76574
2016,02,28,0,6.63678
2016,02,28,1,7.32268
2016,02,28,2,7.4872700000000005
2016,02,28,3,6.87947
2016,02,28,4,5.88157
2016,02,28,5,5.30954
2016,02,28,6,5.41466
2016,02,28,7,5.781149999999999
2016,02,29,0,5.820729999999999
2016,02,29,1,5.720020000000001
2016,02,29,2,5.40428
2016,02,29,3,5.20746
2016,02,29,4,5.03263
2016,02,29,5,4.88072
2016,02,29,6,4.63779
2016,02,29,7,4.5706999999999995
2016,02,30,0,4.91922
2016,02,30,1,5.40837
2016,02,30,2,6.38081
2016,02,30,3,8.84432
2016,02,30,4,10.966700000000001
2016,02,30,5,10.9339
2016,02,30,6,10.6277
2016,02,30,7,11.9025
2016,02,31,0,13.1821
2016,02,31,1,13.3964
2016,02,31,2,11.411
2016,02,31,3,9.84939
2016,02,31,4,8.93356
2016,02,31,5,9.05
2016,02,31,6,9.54881
2016,02,31,7,10.3883
2017,02,1,0,10.938
2017,02,1,1,10.8729
2017,02,1,2,10.428600000000001
2017,02,1,3,9.4356
2017,02,1,4,8.17023
2017,02,1,5,6.69876
2017,02,1,6,6.33179
2017,02,1,7,3.62886
2017,02,2,0,3.6027600000000004
2017,02,2,1,2.47729
2017,02,2,2,2.53913
2017,02,2,3,2.89251
2017,02,2,4,3.53501
2017,02,2,5,4.912319999999999
2017,02,2,6,6.72476
2017,02,2,7,6.47258
2017,02,3,0,4.83562
2017,02,3,1,4.193239999999999
2017,02,3,2,4.73352
2017,02,3,3,5.64647
2017,02,3,4,7.91505
2017,02,3,5,9.054120000000001
2017,02,3,6,9.19359
2017,02,3,7,10.5721
2017,02,4,0,11.3522
2017,02,4,1,11.643
2017,02,4,2,10.7844
2017,02,4,3,10.6555
2017,02,4,4,12.9572
2017,02,4,5,13.1677
2017,02,4,6,13.2815
2017,02,4,7,13.798399999999999
2017,02,5,0,13.549700000000001
2017,02,5,1,13.2936
2017,02,5,2,13.8541
2017,02,5,3,13.7132
2017,02,5,4,13.453899999999999
2017,02,5,5,10.7607
2017,02,5,6,10.1317
2017,02,5,7,8.80984
2017,02,6,0,7.18435
2017,02,6,1,4.5475200000000005
2017,02,6,2,3.32792
2017,02,6,3,3.02847
2017,02,6,4,2.8614699999999997
2017,02,6,5,2.90342
2017,02,6,6,3.54928
2017,02,6,7,4.30491
2017,02,7,0,3.44272
2017,02,7,1,6.23575
2017,02,7,2,7.45288
2017,02,7,3,9.01859
2017,02,7,4,10.3602
2017,02,7,5,10.1458
2017,02,7,6,9.83324
2017,02,7,7,17.7272
2017,02,8,0,15.3568
2017,02,8,1,14.101799999999999
2017,02,8,2,14.2255
2017,02,8,3,15.598700000000001
2017,02,8,4,15.2437
2017,02,8,5,14.6831
2017,02,8,6,15.0336
2017,02,8,7,14.4203
2017,02,9,0,14.6048
2017,02,9,1,13.5404
2017,02,9,2,15.1796
2017,02,9,3,16.9434
2017,02,9,4,13.9283
2017,02,9,5,8.9611
2017,02,9,6,8.52583
2017,02,9,7,8.53326
2017,02,10,0,7.10808
2017,02,10,1,7.40665
2017,02,10,2,9.71978
2017,02,10,3,10.4822
2017,02,10,4,9.97368
2017,02,10,5,11.596
2017,02,10,6,13.4134
2017,02,10,7,14.1398
2017,02,11,0,13.6885
2017,02,11,1,11.9348
2017,02,11,2,11.0716
2017,02,11,3,11.2248
2017,02,11,4,8.88885
2017,02,11,5,6.62305
2017,02,11,6,5.9777700000000005
2017,02,11,7,6.41078
2017,02,12,0,6.96392
2017,02,12,1,6.26118
2017,02,12,2,7.3821
2017,02,12,3,8.49835
2017,02,12,4,8.98233
2017,02,12,5,9.00684
2017,02,12,6,9.58197
2017,02,12,7,10.7279
2017,02,13,0,11.4326
2017,02,13,1,10.5855
2017,02,13,2,9.44234
2017,02,13,3,8.569790000000001
2017,02,13,4,8.176029999999999
2017,02,13,5,8.03843
2017,02,13,6,8.93521
2017,02,13,7,9.286850000000001
2017,02,14,0,9.49441
2017,02,14,1,10.6805
2017,02,14,2,9.16467
2017,02,14,3,8.50112
2017,02,14,4,8.23805
2017,02,14,5,7.76054
2017,02,14,6,8.09217
2017,02,14,7,8.376280000000001
2017,02,15,0,8.13999
2017,02,15,1,7.82409
2017,02,15,2,7.47904
2017,02,15,3,7.2052
2017,02,15,4,6.96162
2017,02,15,5,6.1260900000000005
2017,02,15,6,5.7332399999999994
2017,02,15,7,4.8024700000000005
2017,02,16,0,5.392060000000001
2017,02,16,1,5.04147
2017,02,16,2,4.86812
2017,02,16,3,3.9706
2017,02,16,4,3.02235
2017,02,16,5,2.7834499999999998
2017,02,16,6,3.23298
2017,02,16,7,3.5859
2017,02,17,0,4.21746
2017,02,17,1,4.322979999999999
2017,02,17,2,3.84879
2017,02,17,3,3.07396
2017,02,17,4,3.13352
2017,02,17,5,3.29015
2017,02,17,6,3.4480399999999998
2017,02,17,7,4.15393
2017,02,18,0,4.21373
2017,02,18,1,3.9191700000000003
2017,02,18,2,4.19383
2017,02,18,3,5.16614
2017,02,18,4,6.19107
2017,02,18,5,7.76558
2017,02,18,6,10.916
2017,02,18,7,14.286
2017,02,19,0,15.3831
2017,02,19,1,14.0251
2017,02,19,2,12.5944
2017,02,19,3,10.0545
2017,02,19,4,10.383899999999999
2017,02,19,5,8.763530000000001
2017,02,19,6,7.05541
2017,02,19,7,5.98275
2017,02,20,0,6.256189999999999
2017,02,20,1,6.15751
2017,02,20,2,6.8995500000000005
2017,02,20,3,9.48361
2017,02,20,4,10.417
2017,02,20,5,9.5839
2017,02,20,6,11.2161
2017,02,20,7,10.273100000000001
2017,02,21,0,7.38169
2017,02,21,1,5.37041
2017,02,21,2,6.20422
2017,02,21,3,6.47513
2017,02,21,4,5.11729
2017,02,21,5,4.90945
2017,02,21,6,5.79689
2017,02,21,7,5.77608
2017,02,22,0,6.5824300000000004
2017,02,22,1,8.28536
2017,02,22,2,11.3546
2017,02,22,3,12.340399999999999
2017,02,22,4,13.6968
2017,02,22,5,13.8952
2017,02,22,6,13.3842
2017,02,22,7,12.837200000000001
2017,02,23,0,11.4366
2017,02,23,1,9.60071
2017,02,23,2,8.89567
2017,02,23,3,8.18884
2017,02,23,4,6.97453
2017,02,23,5,7.77091
2017,02,23,6,7.517720000000001
2017,02,23,7,6.0649
2017,02,24,0,5.29167
2017,02,24,1,4.59242
2017,02,24,2,4.32438
2017,02,24,3,4.39994
2017,02,24,4,4.87423
2017,02,24,5,5.512020000000001
2017,02,24,6,5.4574
2017,02,24,7,5.05799
2017,02,25,0,4.69208
2017,02,25,1,4.72842
2017,02,25,2,4.60544
2017,02,25,3,3.6586
2017,02,25,4,3.55959
2017,02,25,5,3.75324
2017,02,25,6,4.33924
2017,02,25,7,4.99833
2017,02,26,0,5.34251
2017,02,26,1,5.15876
2017,02,26,2,5.35559
2017,02,26,3,5.5302
2017,02,26,4,5.49996
2017,02,26,5,5.63441
2017,02,26,6,5.67855
2017,02,26,7,6.09563
2017,02,27,0,6.46813
2017,02,27,1,5.61717
2017,02,27,2,4.458069999999999
2017,02,27,3,4.00572
2017,02,27,4,3.86334
2017,02,27,5,2.8913699999999998
2017,02,27,6,3.03177
2017,02,27,7,3.80711
2017,02,28,0,4.2477
2017,02,28,1,3.36667
2017,02,28,2,2.7025799999999998
2017,02,28,3,2.43642
2017,02,28,4,2.48558
2017,02,28,5,2.38149
2017,02,28,6,2.24298
2017,02,28,7,2.2169499999999998
2017,02,29,0,2.1454299999999997
2017,02,29,1,2.27482
2017,02,29,2,2.37568
2017,02,29,3,2.4981799999999996
2017,02,29,4,2.5376999999999996
2017,02,29,5,2.79075
2017,02,29,6,3.3666
2017,02,29,7,4.21707
2017,02,30,0,4.41664
2017,02,30,1,4.24055
2017,02,30,2,4.1395
2017,02,30,3,3.80646
2017,02,30,4,3.20594
2017,02,30,5,2.7073
2017,02,30,6,2.86416
2017,02,30,7,4.0309099999999995
2017,02,31,0,4.22983
2017,02,31,1,3.89315
2017,02,31,2,3.7013000000000003
2017,02,31,3,3.4368600000000002
2017,02,31,4,3.4821
2017,02,31,5,3.54264
2017,02,31,6,3.58753
2017,02,31,7,3.8653299999999997
2017,02,1,0,3.60205
2017,02,1,1,3.75885
2017,02,1,2,4.24845
2017,02,1,3,3.80783
2017,02,1,4,4.608359999999999
2017,02,1,5,4.68147
2017,02,1,6,5.33875
2017,02,1,7,5.695060000000001
2017,02,2,0,6.140029999999999
2017,02,2,1,6.97073
2017,02,2,2,8.77484
2017,02,2,3,8.49717
2017,02,2,4,6.93528
2017,02,2,5,8.53556
2017,02,2,6,8.27317
2017,02,2,7,9.022290000000002
2017,02,3,0,9.81114
2017,02,3,1,10.4895
2017,02,3,2,11.3794
2017,02,3,3,11.511
2017,02,3,4,11.8913
2017,02,3,5,11.4581
2017,02,3,6,10.994200000000001
2017,02,3,7,8.23665
2017,02,4,0,7.66913
2017,02,4,1,7.95794
2017,02,4,2,7.7792200000000005
2017,02,4,3,7.49951
2017,02,4,4,8.11334
2017,02,4,5,9.09466
2017,02,4,6,11.486
2017,02,4,7,11.9325
2017,02,5,0,11.6846
2017,02,5,1,10.5441
2017,02,5,2,9.58973
2017,02,5,3,9.65334
2017,02,5,4,11.7958
2017,02,5,5,12.283299999999999
2017,02,5,6,12.050799999999999
2017,02,5,7,12.8379
2017,02,6,0,12.8925
2017,02,6,1,11.9555
2017,02,6,2,10.6909
2017,02,6,3,12.161100000000001
2017,02,6,4,12.5788
2017,02,6,5,11.9338
2017,02,6,6,11.681
2017,02,6,7,10.6305
2017,02,7,0,11.3299
2017,02,7,1,16.8835
2017,02,7,2,14.0144
2017,02,7,3,14.609399999999999
2017,02,7,4,15.4745
2017,02,7,5,12.3429
2017,02,7,6,12.758799999999999
2017,02,7,7,15.06
2017,02,8,0,16.1982
2017,02,8,1,13.263
2017,02,8,2,12.123899999999999
2017,02,8,3,12.4345
2017,02,8,4,15.2772
2017,02,8,5,18.3458
2017,02,8,6,18.9345
2017,02,8,7,18.9961
2017,02,9,0,17.2479
2017,02,9,1,17.0583
2017,02,9,2,16.821099999999998
2017,02,9,3,17.8645
2017,02,9,4,17.403
2017,02,9,5,15.7083
2017,02,9,6,16.9128
2017,02,9,7,15.2986
2017,02,10,0,14.533100000000001
2017,02,10,1,12.7501
2017,02,10,2,12.4384
2017,02,10,3,16.4075
2017,02,10,4,17.518
2017,02,10,5,17.284599999999998
2017,02,10,6,17.5195
2017,02,10,7,17.9539
2017,02,11,0,16.621599999999997
2017,02,11,1,9.7295
2017,02,11,2,6.370970000000001
2017,02,11,3,7.01187
2017,02,11,4,7.73442
2017,02,11,5,9.20252
2017,02,11,6,9.704360000000001
2017,02,11,7,9.02744
2017,02,12,0,9.981959999999999
2017,02,12,1,9.585180000000001
2017,02,12,2,8.25628
2017,02,12,3,7.4648699999999995
2017,02,12,4,6.61831
2017,02,12,5,6.34233
2017,02,12,6,7.005859999999999
2017,02,12,7,7.0181499999999994
2017,02,13,0,6.42932
2017,02,13,1,5.25144
2017,02,13,2,4.47288
2017,02,13,3,3.8712199999999997
2017,02,13,4,3.64557
2017,02,13,5,3.83493
2017,02,13,6,5.466069999999999
2017,02,13,7,7.27296
2017,02,14,0,7.75524
2017,02,14,1,6.93661
2017,02,14,2,6.27279
2017,02,14,3,6.356529999999999
2017,02,14,4,5.1389499999999995
2017,02,14,5,3.99144
2017,02,14,6,4.28875
2017,02,14,7,4.68714
2017,02,15,0,4.38028
2017,02,15,1,3.70493
2017,02,15,2,3.6021300000000003
2017,02,15,3,3.70181
2017,02,15,4,3.8377
2017,02,15,5,3.9424699999999997
2017,02,15,6,3.93097
2017,02,15,7,4.660399999999999
2017,02,16,0,5.83861
2017,02,16,1,8.33562
2017,02,16,2,11.167
2017,02,16,3,12.3617
2017,02,16,4,11.9741
2017,02,16,5,10.4657
2017,02,16,6,10.9487
2017,02,16,7,15.1491
2017,02,17,0,9.3479
2017,02,17,1,4.90461
2017,02,17,2,5.98029
2017,02,17,3,10.3146
2017,02,17,4,13.2735
2017,02,17,5,17.0422
2017,02,17,6,15.7301
2017,02,17,7,13.7096
2017,02,18,0,13.113
2017,02,18,1,12.9164
2017,02,18,2,13.9662
2017,02,18,3,14.6386
2017,02,18,4,13.6446
2017,02,18,5,12.8261
2017,02,18,6,11.9468
2017,02,18,7,9.89617
2017,02,19,0,8.50909
2017,02,19,1,9.36159
2017,02,19,2,10.2548
2017,02,19,3,10.4047
2017,02,19,4,10.4873
2017,02,19,5,9.48008
2017,02,19,6,9.11615
2017,02,19,7,9.88068
2017,02,20,0,12.663
2017,02,20,1,15.0313
2017,02,20,2,15.421700000000001
2017,02,20,3,16.6524
2017,02,20,4,16.9488
2017,02,20,5,15.6284
2017,02,20,6,15.114700000000001
2017,02,20,7,16.1328
2017,02,21,0,15.6251
2017,02,21,1,12.6366
2017,02,21,2,10.2518
2017,02,21,3,7.5704899999999995
2017,02,21,4,9.12861
2017,02,21,5,11.177200000000001
2017,02,21,6,11.4052
2017,02,21,7,8.59823
2017,02,22,0,8.23139
2017,02,22,1,6.52909
2017,02,22,2,5.7458599999999995
2017,02,22,3,4.688479999999999
2017,02,22,4,4.45568
2017,02,22,5,5.44958
2017,02,22,6,5.90386
2017,02,22,7,6.18193
2017,02,23,0,4.67965
2017,02,23,1,4.07946
2017,02,23,2,4.20352
2017,02,23,3,3.8889699999999996
2017,02,23,4,3.11942
2017,02,23,5,2.52188
2017,02,23,6,2.77264
2017,02,23,7,3.37504
2017,02,24,0,3.86619
2017,02,24,1,3.8314
2017,02,24,2,4.0588
2017,02,24,3,4.279520000000001
2017,02,24,4,4.10913
2017,02,24,5,3.81109
2017,02,24,6,4.1563
2017,02,24,7,4.827529999999999
2017,02,25,0,5.775270000000001
2017,02,25,1,5.59463
2017,02,25,2,4.57397
2017,02,25,3,4.240600000000001
2017,02,25,4,4.05343
2017,02,25,5,4.369770000000001
2017,02,25,6,4.978560000000001
2017,02,25,7,5.08423
2017,02,26,0,5.02709
2017,02,26,1,5.49682
2017,02,26,2,5.977810000000001
2017,02,26,3,5.73609
2017,02,26,4,5.2882299999999995
2017,02,26,5,4.71384
2017,02,26,6,4.839770000000001
2017,02,26,7,5.43684
2017,02,27,0,5.8525
2017,02,27,1,6.02135
2017,02,27,2,4.99356
2017,02,27,3,4.95941
2017,02,27,4,4.96405
2017,02,27,5,5.15173
2017,02,27,6,5.0258
2017,02,27,7,5.25287
2017,02,28,0,4.947439999999999
2017,02,28,1,4.46242
2017,02,28,2,4.26701
2017,02,28,3,3.8867399999999996
2017,02,28,4,3.7851399999999997
2017,02,28,5,4.34496
2017,02,28,6,4.43381
2017,02,28,7,4.322220000000001
2017,02,1,0,4.36277
2017,02,1,1,4.40146
2017,02,1,2,4.20302
2017,02,1,3,3.88693
2017,02,1,4,3.6539
2017,02,1,5,3.6560900000000003
2017,02,1,6,3.74758
2017,02,1,7,3.84032
2017,02,2,0,3.76449
2017,02,2,1,3.5327800000000003
2017,02,2,2,3.33104
2017,02,2,3,3.1822399999999997
2017,02,2,4,3.12235
2017,02,2,5,3.14831
2017,02,2,6,3.17801
2017,02,2,7,3.0335799999999997
2017,02,3,0,3.3026799999999996
2017,02,3,1,3.36463
2017,02,3,2,3.187
2017,02,3,3,2.73997
2017,02,3,4,2.62825
2017,02,3,5,2.68666
2017,02,3,6,3.24938
2017,02,3,7,3.4763800000000002
2017,02,4,0,4.264189999999999
2017,02,4,1,4.8292
2017,02,4,2,4.628550000000001
2017,02,4,3,4.71601
2017,02,4,4,4.75671
2017,02,4,5,4.52211
2017,02,4,6,4.52842
2017,02,4,7,4.55938
2017,02,5,0,4.1882
2017,02,5,1,4.22371
2017,02,5,2,4.692939999999999
2017,02,5,3,4.6842299999999994
2017,02,5,4,5.36029
2017,02,5,5,5.9614899999999995
2017,02,5,6,7.61424
2017,02,5,7,5.63357
2017,02,6,0,3.53491
2017,02,6,1,3.4659899999999997
2017,02,6,2,3.18364
2017,02,6,3,3.12856
2017,02,6,4,3.7246799999999998
2017,02,6,5,4.39093
2017,02,6,6,5.4351400000000005
2017,02,6,7,7.652939999999999
2017,02,7,0,8.78785
2017,02,7,1,8.718530000000001
2017,02,7,2,8.08642
2017,02,7,3,8.68709
2017,02,7,4,8.47507
2017,02,7,5,8.35864
2017,02,7,6,9.79408
2017,02,7,7,11.46
2017,02,8,0,12.6345
2017,02,8,1,13.052700000000002
2017,02,8,2,11.8764
2017,02,8,3,10.991299999999999
2017,02,8,4,10.5709
2017,02,8,5,10.406799999999999
2017,02,8,6,10.8194
2017,02,8,7,11.079
2017,02,9,0,11.0905
2017,02,9,1,10.629700000000001
2017,02,9,2,10.3472
2017,02,9,3,9.83459
2017,02,9,4,9.38317
2017,02,9,5,8.42332
2017,02,9,6,8.50991
2017,02,9,7,7.96775
2017,02,10,0,8.17128
2017,02,10,1,8.66273
2017,02,10,2,9.116850000000001
2017,02,10,3,9.16586
2017,02,10,4,9.06842
2017,02,10,5,8.99892
2017,02,10,6,9.452639999999999
2017,02,10,7,8.77251
2017,02,11,0,8.32921
2017,02,11,1,9.74061
2017,02,11,2,10.0214
2017,02,11,3,9.458860000000001
2017,02,11,4,8.92438
2017,02,11,5,8.62841
2017,02,11,6,9.41489
2017,02,11,7,8.647110000000001
2017,02,12,0,8.63938
2017,02,12,1,7.57477
2017,02,12,2,6.80032
2017,02,12,3,6.7283
2017,02,12,4,6.861350000000001
2017,02,12,5,8.351180000000001
2017,02,12,6,7.77937
2017,02,12,7,6.85533
2017,02,13,0,6.338310000000001
2017,02,13,1,6.07332
2017,02,13,2,6.297770000000001
2017,02,13,3,6.66396
2017,02,13,4,6.79732
2017,02,13,5,6.91646
2017,02,13,6,7.0687299999999995
2017,02,13,7,6.18677
2017,02,14,0,6.60067
2017,02,14,1,6.953270000000001
2017,02,14,2,6.85454
2017,02,14,3,5.94568
2017,02,14,4,5.08538
2017,02,14,5,5.17382
2017,02,14,6,4.9992399999999995
2017,02,14,7,4.92329
2017,02,15,0,6.2317
2017,02,15,1,7.6714899999999995
2017,02,15,2,7.56696
2017,02,15,3,7.2043
2017,02,15,4,7.73442
2017,02,15,5,8.30063
2017,02,15,6,8.40784
2017,02,15,7,8.68017
2017,02,16,0,9.8727
2017,02,16,1,10.7951
2017,02,16,2,8.07171
2017,02,16,3,8.0479
2017,02,16,4,8.7356
2017,02,16,5,8.41883
2017,02,16,6,9.75272
2017,02,16,7,11.2934
2017,02,17,0,11.7539
2017,02,17,1,10.8004
2017,02,17,2,10.994200000000001
2017,02,17,3,12.050799999999999
2017,02,17,4,11.8883
2017,02,17,5,11.752799999999999
2017,02,17,6,13.359
2017,02,17,7,15.506200000000002
2017,02,18,0,15.3109
2017,02,18,1,14.1545
2017,02,18,2,13.3378
2017,02,18,3,12.6794
2017,02,18,4,10.4746
2017,02,18,5,8.178939999999999
2017,02,18,6,8.619489999999999
2017,02,18,7,10.327399999999999
2017,02,19,0,10.6303
2017,02,19,1,9.712489999999999
2017,02,19,2,8.95869
2017,02,19,3,8.4601
2017,02,19,4,8.21343
2017,02,19,5,8.62539
2017,02,19,6,9.05826
2017,02,19,7,9.846110000000001
2017,02,20,0,9.8716
2017,02,20,1,10.694700000000001
2017,02,20,2,11.736799999999999
2017,02,20,3,13.3755
2017,02,20,4,12.282399999999999
2017,02,20,5,10.320799999999998
2017,02,20,6,8.2642
2017,02,20,7,7.4044
2017,02,21,0,8.15588
2017,02,21,1,9.28684
2017,02,21,2,9.75963
2017,02,21,3,11.5855
2017,02,21,4,13.8548
2017,02,21,5,15.4702
2017,02,21,6,14.130799999999999
2017,02,21,7,12.9101
2017,02,22,0,11.0951
2017,02,22,1,10.2651
2017,02,22,2,9.692459999999999
2017,02,22,3,8.00935
2017,02,22,4,5.62696
2017,02,22,5,4.0999799999999995
2017,02,22,6,5.429
2017,02,22,7,6.590109999999999
2017,02,23,0,7.00328
2017,02,23,1,8.61384
2017,02,23,2,10.936399999999999
2017,02,23,3,9.19115
2017,02,23,4,8.77237
2017,02,23,5,7.284470000000001
2017,02,23,6,6.33167
2017,02,23,7,5.59325
2017,02,24,0,5.39614
2017,02,24,1,5.9859
2017,02,24,2,7.386939999999999
2017,02,24,3,8.542969999999999
2017,02,24,4,9.55166
2017,02,24,5,10.0649
2017,02,24,6,11.9285
2017,02,24,7,14.2771
2017,02,25,0,14.7886
2017,02,25,1,13.5677
2017,02,25,2,14.7354
2017,02,25,3,13.9356
2017,02,25,4,12.0509
2017,02,25,5,9.25993
2017,02,25,6,9.029549999999999
2017,02,25,7,9.13235
2017,02,26,0,8.678270000000001
2017,02,26,1,9.1536
2017,02,26,2,10.2274
2017,02,26,3,10.2493
2017,02,26,4,11.4269
2017,02,26,5,12.7436
2017,02,26,6,15.3621
2017,02,26,7,14.309899999999999
2017,02,27,0,14.616
2017,02,27,1,12.1564
2017,02,27,2,9.36764
2017,02,27,3,6.1201300000000005
2017,02,27,4,6.890569999999999
2017,02,27,5,6.02288
2017,02,27,6,5.52505
2017,02,27,7,6.092020000000001
2017,02,28,0,6.47768
2017,02,28,1,5.31213
2017,02,28,2,5.662640000000001
2017,02,28,3,6.014609999999999
2017,02,28,4,6.60677
2017,02,28,5,6.9056999999999995
2017,02,28,6,6.63753
2017,02,28,7,6.6937
2017,02,29,0,6.8724300000000005
2017,02,29,1,7.26779
2017,02,29,2,7.553649999999999
2017,02,29,3,8.459370000000002
2017,02,29,4,8.468069999999999
2017,02,29,5,8.101140000000001
2017,02,29,6,9.82141
2017,02,29,7,11.1168
2017,02,30,0,12.892
2017,02,30,1,12.3738
2017,02,30,2,10.629
2017,02,30,3,11.3939
2017,02,30,4,11.9289
2017,02,30,5,8.29779
2017,02,30,6,5.46431
2017,02,30,7,5.41533
2017,02,31,0,5.638520000000001
2017,02,31,1,5.02051
2017,02,31,2,5.97275
2017,02,31,3,6.08503
2017,02,31,4,6.61707
2017,02,31,5,6.492439999999999
2017,02,31,6,7.269399999999999
2017,02,31,7,7.70388
2017,02,1,0,7.68758
2017,02,1,1,8.06571
2017,02,1,2,8.47959
2017,02,1,3,8.15175
2017,02,1,4,8.33431
2017,02,1,5,8.28142
2017,02,1,6,7.98396
2017,02,1,7,7.28897
2017,02,2,0,6.98247
2017,02,2,1,7.168729999999999
2017,02,2,2,7.614
2017,02,2,3,8.206010000000001
2017,02,2,4,9.630469999999999
2017,02,2,5,8.549850000000001
2017,02,2,6,7.910279999999999
2017,02,2,7,9.466709999999999
2017,02,3,0,11.320200000000002
2017,02,3,1,12.9634
2017,02,3,2,12.181700000000001
2017,02,3,3,10.5845
2017,02,3,4,8.13783
2017,02,3,5,6.84989
2017,02,3,6,3.96202
2017,02,3,7,3.70797
2017,02,4,0,3.05803
2017,02,4,1,3.88464
2017,02,4,2,4.35327
2017,02,4,3,5.09663
2017,02,4,4,6.5131499999999996
2017,02,4,5,7.26271
2017,02,4,6,8.37444
2017,02,4,7,9.27876
2017,02,5,0,10.180200000000001
2017,02,5,1,10.516
2017,02,5,2,12.190700000000001
2017,02,5,3,13.094299999999999
2017,02,5,4,11.4884
2017,02,5,5,9.00825
2017,02,5,6,10.194
2017,02,5,7,12.1036
2017,02,6,0,13.3859
2017,02,6,1,13.353299999999999
2017,02,6,2,12.7858
2017,02,6,3,10.8943
2017,02,6,4,10.899899999999999
2017,02,6,5,9.9621
2017,02,6,6,10.4366
2017,02,6,7,11.723700000000001
2017,02,7,0,14.0321
2017,02,7,1,13.7319
2017,02,7,2,12.4555
2017,02,7,3,12.241200000000001
2017,02,7,4,8.77604
2017,02,7,5,11.6491
2017,02,7,6,14.157200000000001
2017,02,7,7,14.9497
2017,02,8,0,15.0946
2017,02,8,1,16.3565
2017,02,8,2,16.3298
2017,02,8,3,12.250399999999999
2017,02,8,4,5.588850000000001
2017,02,8,5,4.26626
2017,02,8,6,5.28055
2017,02,8,7,4.91988
2017,02,9,0,3.8261100000000003
2017,02,9,1,3.64579
2017,02,9,2,3.58593
2017,02,9,3,3.94163
2017,02,9,4,4.4470600000000005
2017,02,9,5,4.76642
2017,02,9,6,4.77011
2017,02,9,7,4.410609999999999
2017,02,10,0,4.357189999999999
2017,02,10,1,4.0187100000000004
2017,02,10,2,4.2113000000000005
2017,02,10,3,4.126930000000001
2017,02,10,4,4.11338
2017,02,10,5,4.58428
2017,02,10,6,4.47607
2017,02,10,7,5.33678
2017,02,11,0,6.290220000000001
2017,02,11,1,6.587
2017,02,11,2,7.27517
2017,02,11,3,8.88083
2017,02,11,4,9.05684
2017,02,11,5,9.32435
2017,02,11,6,11.214799999999999
2017,02,11,7,11.5025
2017,02,12,0,9.428270000000001
2017,02,12,1,7.6133999999999995
2017,02,12,2,5.3864399999999995
2017,02,12,3,5.7774399999999995
2017,02,12,4,6.96144
2017,02,12,5,8.12779
2017,02,12,6,9.068850000000001
2017,02,12,7,9.086799999999998
2017,02,13,0,8.39145
2017,02,13,1,7.599600000000001
2017,02,13,2,7.8212399999999995
2017,02,13,3,7.69211
2017,02,13,4,7.02473
2017,02,13,5,7.1017
2017,02,13,6,6.4966
2017,02,13,7,5.8922
2017,02,14,0,5.67281
2017,02,14,1,6.16444
2017,02,14,2,5.928
2017,02,14,3,5.745340000000001
2017,02,14,4,5.93597
2017,02,14,5,5.07644
2017,02,14,6,5.15468
2017,02,14,7,5.42399
2017,02,15,0,6.0847299999999995
2017,02,15,1,6.40491
2017,02,15,2,5.95254
2017,02,15,3,5.48295
2017,02,15,4,4.88744
2017,02,15,5,4.55769
2017,02,15,6,6.25245
2017,02,15,7,8.08244
2017,02,16,0,9.0214
2017,02,16,1,8.50316
2017,02,16,2,7.7163699999999995
2017,02,16,3,7.317159999999999
2017,02,16,4,6.973649999999999
2017,02,16,5,7.4682200000000005
2017,02,16,6,8.328370000000001
2017,02,16,7,8.893360000000001
2017,02,17,0,11.1119
2017,02,17,1,11.409600000000001
2017,02,17,2,13.5833
2017,02,17,3,14.9626
2017,02,17,4,15.088799999999999
2017,02,17,5,15.253200000000001
2017,02,17,6,17.3665
2017,02,17,7,16.9956
2017,02,18,0,14.3935
2017,02,18,1,11.7601
2017,02,18,2,10.282200000000001
2017,02,18,3,14.134799999999998
2017,02,18,4,16.4099
2017,02,18,5,17.1418
2017,02,18,6,14.859
2017,02,18,7,14.3075
2017,02,19,0,12.3523
2017,02,19,1,9.169
2017,02,19,2,9.077399999999999
2017,02,19,3,7.99245
2017,02,19,4,8.42923
2017,02,19,5,8.264059999999999
2017,02,19,6,6.67633
2017,02,19,7,6.4302600000000005
2017,02,20,0,7.29654
2017,02,20,1,7.5045
2017,02,20,2,5.624029999999999
2017,02,20,3,4.56983
2017,02,20,4,6.55042
2017,02,20,5,4.265149999999999
2017,02,20,6,4.9233400000000005
2017,02,20,7,6.03428
2017,02,21,0,6.689
2017,02,21,1,7.619350000000001
2017,02,21,2,8.95947
2017,02,21,3,9.95627
2017,02,21,4,9.75037
2017,02,21,5,8.3605
2017,02,21,6,7.56074
2017,02,21,7,7.78343
2017,02,22,0,9.135860000000001
2017,02,22,1,8.870280000000001
2017,02,22,2,8.0105
2017,02,22,3,7.2694399999999995
2017,02,22,4,6.84499
2017,02,22,5,6.44048
2017,02,22,6,7.3706000000000005
2017,02,22,7,8.92192
2017,02,23,0,10.245299999999999
2017,02,23,1,10.2594
2017,02,23,2,8.83747
2017,02,23,3,7.5993900000000005
2017,02,23,4,6.26834
2017,02,23,5,6.37309
2017,02,23,6,6.564520000000001
2017,02,23,7,6.24239
2017,02,24,0,6.58603
2017,02,24,1,8.023060000000001
2017,02,24,2,8.15989
2017,02,24,3,10.239
2017,02,24,4,12.1071
2017,02,24,5,14.0989
2017,02,24,6,16.3062
2017,02,24,7,15.1775
2017,02,25,0,13.533
2017,02,25,1,13.0929
2017,02,25,2,12.3826
2017,02,25,3,10.8459
2017,02,25,4,10.1025
2017,02,25,5,10.22
2017,02,25,6,10.5311
2017,02,25,7,11.8221
2017,02,26,0,13.7594
2017,02,26,1,13.2119
2017,02,26,2,14.0543
2017,02,26,3,16.7256
2017,02,26,4,18.891099999999998
2017,02,26,5,18.3861
2017,02,26,6,18.803
2017,02,26,7,20.3484
2017,02,27,0,14.6982
2017,02,27,1,13.2058
2017,02,27,2,11.6666
2017,02,27,3,12.0169
2017,02,27,4,12.5219
2017,02,27,5,13.3
2017,02,27,6,11.010299999999999
2017,02,27,7,14.7728
2017,02,28,0,13.423399999999999
2017,02,28,1,12.7347
2017,02,28,2,9.29031
2017,02,28,3,7.843319999999999
2017,02,28,4,7.3568299999999995
2017,02,28,5,6.24507
2017,02,28,6,4.73133
2017,02,28,7,5.03313
2017,02,29,0,4.43421
2017,02,29,1,4.19982
2017,02,29,2,4.37288
2017,02,29,3,4.834350000000001
2017,02,29,4,5.00283
2017,02,29,5,5.09637
2017,02,29,6,4.1864799999999995
2017,02,29,7,4.5507
2017,02,30,0,5.047470000000001
2017,02,30,1,5.41625
2017,02,30,2,5.97912
2017,02,30,3,5.88798
2017,02,30,4,6.0912
2017,02,30,5,5.8304
2017,02,30,6,6.77137
2017,02,30,7,7.21596
2017,02,1,0,8.641639999999999
2017,02,1,1,9.34262
2017,02,1,2,8.95867
2017,02,1,3,9.0815
2017,02,1,4,9.59381
2017,02,1,5,9.057889999999999
2017,02,1,6,9.49337
2017,02,1,7,10.259
2017,02,2,0,10.2906
2017,02,2,1,9.759879999999999
2017,02,2,2,9.11575
2017,02,2,3,9.29237
2017,02,2,4,9.74256
2017,02,2,5,12.1142
2017,02,2,6,16.2417
2017,02,2,7,19.37
2017,02,3,0,21.3659
2017,02,3,1,22.882099999999998
2017,02,3,2,22.4802
2017,02,3,3,21.3477
2017,02,3,4,18.2237
2017,02,3,5,16.2912
2017,02,3,6,15.842600000000001
2017,02,3,7,25.7368
2017,02,4,0,17.6286
2017,02,4,1,17.9477
2017,02,4,2,17.544
2017,02,4,3,16.4746
2017,02,4,4,14.0818
2017,02,4,5,10.5595
2017,02,4,6,11.537600000000001
2017,02,4,7,13.4465
2017,02,5,0,15.6357
2017,02,5,1,16.1809
2017,02,5,2,16.9727
2017,02,5,3,16.717299999999998
2017,02,5,4,15.7319
2017,02,5,5,14.616700000000002
2017,02,5,6,13.464
2017,02,5,7,11.836799999999998
2017,02,6,0,11.813799999999999
2017,02,6,1,12.1647
2017,02,6,2,10.931899999999999
2017,02,6,3,9.84501
2017,02,6,4,11.291799999999999
2017,02,6,5,13.151299999999999
2017,02,6,6,13.334
2017,02,6,7,12.2135
2017,02,7,0,10.451
2017,02,7,1,12.6009
2017,02,7,2,12.921899999999999
2017,02,7,3,12.718399999999999
2017,02,7,4,11.407
2017,02,7,5,9.825190000000001
2017,02,7,6,6.98851
2017,02,7,7,8.27806
2017,02,8,0,9.32625
2017,02,8,1,7.877770000000001
2017,02,8,2,8.197379999999999
2017,02,8,3,10.901
2017,02,8,4,13.972299999999999
2017,02,8,5,13.973600000000001
2017,02,8,6,15.6081
2017,02,8,7,15.3705
2017,02,9,0,14.7313
2017,02,9,1,14.845799999999999
2017,02,9,2,13.7769
2017,02,9,3,10.8787
2017,02,9,4,9.54062
2017,02,9,5,9.84815
2017,02,9,6,11.0246
2017,02,9,7,11.5661
2017,02,10,0,11.5105
2017,02,10,1,11.1196
2017,02,10,2,9.91547
2017,02,10,3,10.5109
2017,02,10,4,11.469100000000001
2017,02,10,5,9.89556
2017,02,10,6,10.2567
2017,02,10,7,11.0748
2017,02,11,0,11.8732
2017,02,11,1,13.9585
2017,02,11,2,15.5645
2017,02,11,3,16.0471
2017,02,11,4,17.4663
2017,02,11,5,16.8459
2017,02,11,6,16.559
2017,02,11,7,14.7515
2017,02,12,0,12.8849
2017,02,12,1,10.5821
2017,02,12,2,9.34938
2017,02,12,3,7.24904
2017,02,12,4,7.34075
2017,02,12,5,7.74577
2017,02,12,6,8.34398
2017,02,12,7,8.822
2017,02,13,0,8.09966
2017,02,13,1,6.40834
2017,02,13,2,4.185359999999999
2017,02,13,3,3.67664
2017,02,13,4,4.39982
2017,02,13,5,5.13315
2017,02,13,6,4.06708
2017,02,13,7,4.89311
2017,02,14,0,5.6143
2017,02,14,1,5.34575
2017,02,14,2,6.0245500000000005
2017,02,14,3,6.12711
2017,02,14,4,5.670649999999999
2017,02,14,5,5.65923
2017,02,14,6,5.4343900000000005
2017,02,14,7,6.13492
2017,02,15,0,6.17767
2017,02,15,1,6.56262
2017,02,15,2,7.0152600000000005
2017,02,15,3,8.3753
2017,02,15,4,9.63512
2017,02,15,5,10.349200000000002
2017,02,15,6,11.048200000000001
2017,02,15,7,12.1665
2017,02,16,0,13.5372
2017,02,16,1,13.5812
2017,02,16,2,11.5674
2017,02,16,3,10.318100000000001
2017,02,16,4,9.56382
2017,02,16,5,11.6054
2017,02,16,6,11.8224
2017,02,16,7,14.118
2017,02,17,0,17.2554
2017,02,17,1,15.882299999999999
2017,02,17,2,16.157700000000002
2017,02,17,3,15.093200000000001
2017,02,17,4,14.1242
2017,02,17,5,10.3148
2017,02,17,6,8.26027
2017,02,17,7,8.81404
2017,02,18,0,6.96744
2017,02,18,1,5.4698199999999995
2017,02,18,2,5.91458
2017,02,18,3,7.1255
2017,02,18,4,7.93376
2017,02,18,5,8.47392
2017,02,18,6,7.03878
2017,02,18,7,6.68322
2017,02,19,0,7.532220000000001
2017,02,19,1,7.73355
2017,02,19,2,6.91507
2017,02,19,3,6.6251999999999995
2017,02,19,4,7.09017
2017,02,19,5,7.73604
2017,02,19,6,7.77457
2017,02,19,7,8.142
2017,02,20,0,8.830290000000002
2017,02,20,1,8.37299
2017,02,20,2,7.61122
2017,02,20,3,7.56529
2017,02,20,4,8.627510000000001
2017,02,20,5,9.56463
2017,02,20,6,9.61947
2017,02,20,7,10.5152
2017,02,21,0,12.2926
2017,02,21,1,13.9163
2017,02,21,2,14.7405
2017,02,21,3,13.8132
2017,02,21,4,12.3992
2017,02,21,5,10.2495
2017,02,21,6,11.016200000000001
2017,02,21,7,12.9685
2017,02,22,0,14.819600000000001
2017,02,22,1,13.8545
2017,02,22,2,11.349200000000002
2017,02,22,3,10.1898
2017,02,22,4,11.056700000000001
2017,02,22,5,10.5806
2017,02,22,6,11.1174
2017,02,22,7,12.8105
2017,02,23,0,14.0274
2017,02,23,1,14.6976
2017,02,23,2,14.721
2017,02,23,3,14.9919
2017,02,23,4,12.8085
2017,02,23,5,11.1342
2017,02,23,6,11.1666
2017,02,23,7,11.7538
2017,02,24,0,13.1637
2017,02,24,1,13.6227
2017,02,24,2,15.2246
2017,02,24,3,15.7073
2017,02,24,4,14.0918
2017,02,24,5,12.8203
2017,02,24,6,12.1409
2017,02,24,7,10.9981
2017,02,25,0,13.658299999999999
2017,02,25,1,14.821399999999999
2017,02,25,2,11.3165
2017,02,25,3,10.3514
2017,02,25,4,10.2165
2017,02,25,5,9.93597
2017,02,25,6,9.34841
2017,02,25,7,8.40508
2017,02,26,0,7.11993
2017,02,26,1,6.72809
2017,02,26,2,5.14543
2017,02,26,3,6.40757
2017,02,26,4,8.09685
2017,02,26,5,11.174700000000001
2017,02,26,6,11.082799999999999
2017,02,26,7,11.502
2017,02,27,0,12.5647
2017,02,27,1,13.7456
2017,02,27,2,12.4888
2017,02,27,3,10.1187
2017,02,27,4,8.98368
2017,02,27,5,8.27952
2017,02,27,6,7.66483
2017,02,27,7,8.14276
2017,02,28,0,8.79177
2017,02,28,1,8.92199
2017,02,28,2,7.8246899999999995
2017,02,28,3,7.37993
2017,02,28,4,7.1932
2017,02,28,5,7.302989999999999
2017,02,28,6,7.84223
2017,02,28,7,8.4645
2017,02,29,0,9.29635
2017,02,29,1,9.58006
2017,02,29,2,8.5167
2017,02,29,3,7.938890000000001
2017,02,29,4,7.50431
2017,02,29,5,7.17137
2017,02,29,6,7.44627
2017,02,29,7,8.61993
2017,02,30,0,9.69635
2017,02,30,1,9.78001
2017,02,30,2,10.7219
2017,02,30,3,12.3322
2017,02,30,4,12.8323
2017,02,30,5,11.9506
2017,02,30,6,12.271
2017,02,30,7,12.161
2017,02,31,0,13.66
2017,02,31,1,13.0906
2017,02,31,2,12.2469
2017,02,31,3,13.246
2017,02,31,4,14.1295
2017,02,31,5,15.1679
2017,02,31,6,15.600299999999999
2017,02,31,7,15.8192
2017,02,1,0,15.888
2017,02,1,1,15.484399999999999
2017,02,1,2,14.9468
2017,02,1,3,14.3279
2017,02,1,4,14.321299999999999
2017,02,1,5,14.2955
2017,02,1,6,12.5133
2017,02,1,7,12.7316
2017,02,2,0,14.052
2017,02,2,1,13.896600000000001
2017,02,2,2,12.6567
2017,02,2,3,13.5259
2017,02,2,4,12.655
2017,02,2,5,12.1889
2017,02,2,6,12.0481
2017,02,2,7,16.903
2017,02,3,0,12.149899999999999
2017,02,3,1,11.1942
2017,02,3,2,10.3035
2017,02,3,3,9.87148
2017,02,3,4,9.39737
2017,02,3,5,8.82553
2017,02,3,6,9.82178
2017,02,3,7,13.8249
2017,02,4,0,14.0589
2017,02,4,1,13.9339
2017,02,4,2,13.4856
2017,02,4,3,12.1241
2017,02,4,4,11.551200000000001
2017,02,4,5,12.018799999999999
2017,02,4,6,11.822
2017,02,4,7,15.9918
2017,02,5,0,12.8659
2017,02,5,1,12.245
2017,02,5,2,11.0879
2017,02,5,3,11.3045
2017,02,5,4,9.70237
2017,02,5,5,9.22914
2017,02,5,6,10.0624
2017,02,5,7,10.581
2017,02,6,0,11.4485
2017,02,6,1,11.0758
2017,02,6,2,10.175600000000001
2017,02,6,3,8.75263
2017,02,6,4,8.648520000000001
2017,02,6,5,8.875350000000001
2017,02,6,6,8.15614
2017,02,6,7,8.07129
2017,02,7,0,7.11337
2017,02,7,1,7.097770000000001
2017,02,7,2,7.072
2017,02,7,3,6.06984
2017,02,7,4,6.40791
2017,02,7,5,7.638319999999999
2017,02,7,6,9.27182
2017,02,7,7,11.0012
2017,02,8,0,9.23224
2017,02,8,1,7.36671
2017,02,8,2,6.52644
2017,02,8,3,7.60918
2017,02,8,4,8.30907
2017,02,8,5,8.19149
2017,02,8,6,10.48
2017,02,8,7,13.1334
2017,02,9,0,15.9475
2017,02,9,1,16.4176
2017,02,9,2,12.110700000000001
2017,02,9,3,10.8741
2017,02,9,4,14.9551
2017,02,9,5,14.6989
2017,02,9,6,12.7141
2017,02,9,7,13.5922
2017,02,10,0,15.0602
2017,02,10,1,15.1386
2017,02,10,2,14.720799999999999
2017,02,10,3,15.493799999999998
2017,02,10,4,13.5564
2017,02,10,5,13.0762
2017,02,10,6,11.3001
2017,02,10,7,9.69604
2017,02,11,0,7.862100000000001
2017,02,11,1,8.21267
2017,02,11,2,6.33125
2017,02,11,3,6.35445
2017,02,11,4,7.7874300000000005
2017,02,11,5,7.34408
2017,02,11,6,5.2268
2017,02,11,7,5.03314
2017,02,12,0,4.99404
2017,02,12,1,5.57062
2017,02,12,2,7.63669
2017,02,12,3,7.3117399999999995
2017,02,12,4,6.22457
2017,02,12,5,6.70868
2017,02,12,6,7.59837
2017,02,12,7,8.17351
2017,02,13,0,10.1135
2017,02,13,1,11.2629
2017,02,13,2,11.1469
2017,02,13,3,9.63457
2017,02,13,4,8.96863
2017,02,13,5,10.018600000000001
2017,02,13,6,9.63106
2017,02,13,7,9.91704
2017,02,14,0,11.1313
2017,02,14,1,11.1198
2017,02,14,2,9.89274
2017,02,14,3,9.749469999999999
2017,02,14,4,9.984
2017,02,14,5,11.177299999999999
2017,02,14,6,10.789100000000001
2017,02,14,7,15.8378
2017,02,15,0,11.2449
2017,02,15,1,10.5419
2017,02,15,2,10.1696
2017,02,15,3,9.12871
2017,02,15,4,8.80083
2017,02,15,5,9.98364
2017,02,15,6,8.21992
2017,02,15,7,8.978309999999999
2017,02,16,0,9.66206
2017,02,16,1,10.252
2017,02,16,2,11.372
2017,02,16,3,11.796100000000001
2017,02,16,4,12.3
2017,02,16,5,13.9196
2017,02,16,6,14.063799999999999
2017,02,16,7,14.2594
2017,02,17,0,14.531799999999999
2017,02,17,1,14.6811
2017,02,17,2,16.480400000000003
2017,02,17,3,21.143
2017,02,17,4,19.6293
2017,02,17,5,20.0473
2017,02,17,6,20.0519
2017,02,17,7,20.868299999999998
2017,02,18,0,21.3974
2017,02,18,1,22.086299999999998
2017,02,18,2,23.953799999999998
2017,02,18,3,20.786099999999998
2017,02,18,4,20.8662
2017,02,18,5,20.846799999999998
2017,02,18,6,20.220599999999997
2017,02,18,7,21.202
2017,02,19,0,21.486099999999997
2017,02,19,1,20.7135
2017,02,19,2,21.0018
2017,02,19,3,21.006700000000002
2017,02,19,4,18.0087
2017,02,19,5,15.5246
2017,02,19,6,14.2793
2017,02,19,7,14.9352
2017,02,20,0,16.6492
2017,02,20,1,17.296599999999998
2017,02,20,2,15.8308
2017,02,20,3,14.7832
2017,02,20,4,16.2073
2017,02,20,5,15.0167
2017,02,20,6,13.236600000000001
2017,02,20,7,12.255700000000001
2017,02,21,0,11.6745
2017,02,21,1,20.2928
2017,02,21,2,15.4852
2017,02,21,3,14.25
2017,02,21,4,15.505700000000001
2017,02,21,5,15.975299999999999
2017,02,21,6,14.751100000000001
2017,02,21,7,16.6008
2017,02,22,0,18.9391
2017,02,22,1,18.988799999999998
2017,02,22,2,20.5944
2017,02,22,3,21.622700000000002
2017,02,22,4,19.9836
2017,02,22,5,16.1046
2017,02,22,6,14.9423
2017,02,22,7,16.0213
2017,02,23,0,17.84
2017,02,23,1,19.7031
2017,02,23,2,19.6558
2017,02,23,3,17.9139
2017,02,23,4,14.2054
2017,02,23,5,13.3719
2017,02,23,6,12.3872
2017,02,23,7,11.7131
2017,02,24,0,12.8348
2017,02,24,1,14.5398
2017,02,24,2,18.027900000000002
2017,02,24,3,14.2432
2017,02,24,4,13.4227
2017,02,24,5,13.863299999999999
2017,02,24,6,17.019
2017,02,24,7,19.55
2017,02,25,0,20.6628
2017,02,25,1,23.596799999999998
2017,02,25,2,21.671400000000002
2017,02,25,3,19.6285
2017,02,25,4,19.006700000000002
2017,02,25,5,17.235
2017,02,25,6,15.5671
2017,02,25,7,14.719899999999999
2017,02,26,0,14.0076
2017,02,26,1,14.8871
2017,02,26,2,15.4028
2017,02,26,3,12.9169
2017,02,26,4,11.4405
2017,02,26,5,11.773299999999999
2017,02,26,6,10.7916
2017,02,26,7,8.65679
2017,02,27,0,5.97972
2017,02,27,1,6.51995
2017,02,27,2,4.24368
2017,02,27,3,5.44775
2017,02,27,4,5.95792
2017,02,27,5,7.049720000000001
2017,02,27,6,5.50056
2017,02,27,7,5.64289
2017,02,28,0,5.67255
2017,02,28,1,6.44168
2017,02,28,2,5.63324
2017,02,28,3,6.55523
2017,02,28,4,7.992
2017,02,28,5,7.65075
2017,02,28,6,6.98639
2017,02,28,7,6.682510000000001
2017,02,29,0,7.05674
2017,02,29,1,7.50859
2017,02,29,2,7.58741
2017,02,29,3,7.9785699999999995
2017,02,29,4,8.338659999999999
2017,02,29,5,8.373040000000001
2017,02,29,6,8.35258
2017,02,29,7,9.10099
2017,02,30,0,9.91843
2017,02,30,1,10.1573
2017,02,30,2,8.99759
2017,02,30,3,8.09353
2017,02,30,4,8.64406
2017,02,30,5,8.580770000000001
2017,02,30,6,16.1514
2017,02,30,7,9.427200000000001
2017,02,1,0,10.1463
2017,02,1,1,10.6157
2017,02,1,2,10.232899999999999
2017,02,1,3,9.54987
2017,02,1,4,9.66117
2017,02,1,5,10.228299999999999
2017,02,1,6,9.30519
2017,02,1,7,9.42399
2017,02,2,0,8.86161
2017,02,2,1,7.95472
2017,02,2,2,8.06938
2017,02,2,3,8.79312
2017,02,2,4,10.0123
2017,02,2,5,10.0135
2017,02,2,6,9.118079999999999
2017,02,2,7,9.67958
2017,02,3,0,10.077
2017,02,3,1,9.633959999999998
2017,02,3,2,9.46269
2017,02,3,3,9.94216
2017,02,3,4,10.096200000000001
2017,02,3,5,9.02999
2017,02,3,6,7.64948
2017,02,3,7,8.59337
2017,02,4,0,9.53885
2017,02,4,1,9.29376
2017,02,4,2,10.687
2017,02,4,3,10.014700000000001
2017,02,4,4,10.4861
2017,02,4,5,11.0893
2017,02,4,6,7.56595
2017,02,4,7,8.03861
2017,02,5,0,8.848709999999999
2017,02,5,1,8.990530000000001
2017,02,5,2,8.58884
2017,02,5,3,7.51953
2017,02,5,4,9.53765
2017,02,5,5,10.709299999999999
2017,02,5,6,10.663
2017,02,5,7,12.6051
2017,02,6,0,16.1083
2017,02,6,1,19.0322
2017,02,6,2,22.7788
2017,02,6,3,24.4878
2017,02,6,4,22.450200000000002
2017,02,6,5,20.8981
2017,02,6,6,19.037
2017,02,6,7,19.5536
2017,02,7,0,22.2077
2017,02,7,1,23.503700000000002
2017,02,7,2,22.575
2017,02,7,3,22.028
2017,02,7,4,20.228099999999998
2017,02,7,5,19.497400000000003
2017,02,7,6,21.031599999999997
2017,02,7,7,21.967
2017,02,8,0,20.7588
2017,02,8,1,18.745900000000002
2017,02,8,2,21.2649
2017,02,8,3,23.1356
2017,02,8,4,22.9317
2017,02,8,5,22.635099999999998
2017,02,8,6,18.8914
2017,02,8,7,17.854599999999998
2017,02,9,0,17.5854
2017,02,9,1,18.1784
2017,02,9,2,19.768900000000002
2017,02,9,3,22.3585
2017,02,9,4,23.308
2017,02,9,5,24.592599999999997
2017,02,9,6,26.643
2017,02,9,7,29.8819
2017,02,10,0,30.424599999999998
2017,02,10,1,31.1363
2017,02,10,2,32.3104
2017,02,10,3,30.9709
2017,02,10,4,30.453200000000002
2017,02,10,5,28.7913
2017,02,10,6,26.7303
2017,02,10,7,24.435299999999998
2017,02,11,0,22.1301
2017,02,11,1,21.1639
2017,02,11,2,23.0657
2017,02,11,3,23.705599999999997
2017,02,11,4,20.335
2017,02,11,5,21.1584
2017,02,11,6,20.9979
2017,02,11,7,21.7546
2017,02,12,0,21.239099999999997
2017,02,12,1,18.9058
2017,02,12,2,17.493
2017,02,12,3,16.7648
2017,02,12,4,16.739
2017,02,12,5,18.6029
2017,02,12,6,19.288700000000002
2017,02,12,7,20.6482
2017,02,13,0,22.473200000000002
2017,02,13,1,23.2269
2017,02,13,2,23.029799999999998
2017,02,13,3,24.6436
2017,02,13,4,23.553099999999997
2017,02,13,5,21.185
2017,02,13,6,18.8615
2017,02,13,7,19.0594
2017,02,14,0,19.6007
2017,02,14,1,19.046
2017,02,14,2,19.375799999999998
2017,02,14,3,20.199099999999998
2017,02,14,4,17.267400000000002
2017,02,14,5,15.271799999999999
2017,02,14,6,15.761299999999999
2017,02,14,7,17.805
2017,02,15,0,19.0943
2017,02,15,1,18.8908
2017,02,15,2,17.5765
2017,02,15,3,15.5455
2017,02,15,4,15.4123
2017,02,15,5,15.2
2017,02,15,6,13.7844
2017,02,15,7,16.971400000000003
2017,02,16,0,17.6639
2017,02,16,1,17.2677
2017,02,16,2,16.761400000000002
2017,02,16,3,15.0955
2017,02,16,4,15.9414
2017,02,16,5,17.5838
2017,02,16,6,19.2923
2017,02,16,7,22.9956
2017,02,17,0,25.785700000000002
2017,02,17,1,23.2382
2017,02,17,2,21.7336
2017,02,17,3,21.955099999999998
2017,02,17,4,17.122
2017,02,17,5,15.2535
2017,02,17,6,15.8698
2017,02,17,7,17.1085
2017,02,18,0,15.8695
2017,02,18,1,12.626700000000001
2017,02,18,2,10.9792
2017,02,18,3,9.58652
2017,02,18,4,7.34822
2017,02,18,5,7.060020000000001
2017,02,18,6,7.72871
2017,02,18,7,8.97772
2017,02,19,0,8.77581
2017,02,19,1,8.55171
2017,02,19,2,8.13904
2017,02,19,3,8.790239999999999
2017,02,19,4,10.660200000000001
2017,02,19,5,11.9771
2017,02,19,6,12.6902
2017,02,19,7,15.898100000000001
2017,02,20,0,18.902099999999997
2017,02,20,1,20.523
2017,02,20,2,20.86
2017,02,20,3,24.153599999999997
2017,02,20,4,25.676
2017,02,20,5,22.099
2017,02,20,6,19.2617
2017,02,20,7,17.5592
2017,02,21,0,14.4952
2017,02,21,1,13.3508
2017,02,21,2,15.905
2017,02,21,3,16.2332
2017,02,21,4,15.3339
2017,02,21,5,14.5511
2017,02,21,6,15.0304
2017,02,21,7,15.1175
2017,02,22,0,14.7798
2017,02,22,1,13.9995
2017,02,22,2,13.0721
2017,02,22,3,13.036299999999999
2017,02,22,4,15.278
2017,02,22,5,14.588700000000001
2017,02,22,6,16.5522
2017,02,22,7,15.1473
2017,02,23,0,19.5868
2017,02,23,1,19.5744
2017,02,23,2,17.235599999999998
2017,02,23,3,17.203200000000002
2017,02,23,4,18.188599999999997
2017,02,23,5,19.3661
2017,02,23,6,20.852
2017,02,23,7,22.5731
2017,02,24,0,23.5542
2017,02,24,1,23.2939
2017,02,24,2,23.9512
2017,02,24,3,22.735599999999998
2017,02,24,4,20.3733
2017,02,24,5,20.431900000000002
2017,02,24,6,22.345299999999998
2017,02,24,7,27.0965
2017,02,25,0,29.538400000000003
2017,02,25,1,28.5254
2017,02,25,2,28.5473
2017,02,25,3,31.5148
2017,02,25,4,30.6899
2017,02,25,5,28.343700000000002
2017,02,25,6,30.085
2017,02,25,7,30.3251
2017,02,26,0,29.515
2017,02,26,1,26.052
2017,02,26,2,27.7258
2017,02,26,3,30.6051
2017,02,26,4,31.2164
2017,02,26,5,30.255599999999998
2017,02,26,6,29.4235
2017,02,26,7,29.9862
2017,02,27,0,32.2202
2017,02,27,1,30.3918
2017,02,27,2,30.192
2017,02,27,3,27.6005
2017,02,27,4,25.339599999999997
2017,02,27,5,26.2859
2017,02,27,6,25.052400000000002
2017,02,27,7,24.524
2017,02,28,0,24.962799999999998
2017,02,28,1,21.186
2017,02,28,2,17.1235
2017,02,28,3,15.747200000000001
2017,02,28,4,14.037
2017,02,28,5,13.828
2017,02,28,6,10.4487
2017,02,28,7,12.3944
2017,02,29,0,15.2627
2017,02,29,1,17.4151
2017,02,29,2,15.1112
2017,02,29,3,12.0735
2017,02,29,4,11.6696
2017,02,29,5,12.473600000000001
2017,02,29,6,11.8918
2017,02,29,7,13.5036
2017,02,30,0,15.550600000000001
2017,02,30,1,15.9577
2017,02,30,2,15.4746
2017,02,30,3,14.786700000000002
2017,02,30,4,15.5227
2017,02,30,5,17.9546
2017,02,30,6,13.593200000000001
2017,02,30,7,12.777299999999999
2017,02,31,0,12.5515
2017,02,31,1,12.0966
2017,02,31,2,14.4874
2017,02,31,3,18.644099999999998
2017,02,31,4,20.1662
2017,02,31,5,21.8826
2017,02,31,6,20.409299999999998
2017,02,31,7,21.8936
2017,02,1,0,21.6806
2017,02,1,1,22.2729
2017,02,1,2,24.0518
2017,02,1,3,27.982
2017,02,1,4,26.0445
2017,02,1,5,24.1555
2017,02,1,6,21.6734
2017,02,1,7,20.2789
2017,02,2,0,20.6635
2017,02,2,1,21.5337
2017,02,2,2,23.3923
2017,02,2,3,25.1425
2017,02,2,4,25.867099999999997
2017,02,2,5,26.6937
2017,02,2,6,29.3143
2017,02,2,7,30.4463
2017,02,3,0,34.629
2017,02,3,1,36.8093
2017,02,3,2,36.6784
2017,02,3,3,31.7258
2017,02,3,4,29.7089
2017,02,3,5,34.1659
2017,02,3,6,31.674599999999998
2017,02,3,7,34.16
2017,02,4,0,32.0786
2017,02,4,1,32.8732
2017,02,4,2,33.9515
2017,02,4,3,36.0597
2017,02,4,4,38.0646
2017,02,4,5,38.625800000000005
2017,02,4,6,37.214
2017,02,4,7,33.923
2017,02,5,0,28.8236
2017,02,5,1,28.948900000000002
2017,02,5,2,30.0729
2017,02,5,3,30.8695
2017,02,5,4,32.3953
2017,02,5,5,30.9857
2017,02,5,6,29.333
2017,02,5,7,32.7815
2017,02,6,0,28.2267
2017,02,6,1,25.028599999999997
2017,02,6,2,24.7355
2017,02,6,3,24.895400000000002
2017,02,6,4,23.5557
2017,02,6,5,23.980900000000002
2017,02,6,6,22.8827
2017,02,6,7,24.0222
2017,02,7,0,26.2471
2017,02,7,1,23.961599999999997
2017,02,7,2,21.9297
2017,02,7,3,21.9128
2017,02,7,4,19.1388
2017,02,7,5,20.3788
2017,02,7,6,20.144599999999997
2017,02,7,7,19.4388
2017,02,8,0,18.4038
2017,02,8,1,15.8439
2017,02,8,2,13.989799999999999
2017,02,8,3,10.5871
2017,02,8,4,9.946200000000001
2017,02,8,5,12.7988
2017,02,8,6,16.7186
2017,02,8,7,16.762700000000002
2017,02,9,0,17.1792
2017,02,9,1,16.0205
2017,02,9,2,13.7467
2017,02,9,3,11.3624
2017,02,9,4,23.917
2017,02,9,5,12.2449
2017,02,9,6,12.593200000000001
2017,02,9,7,13.8072
2017,02,10,0,13.7249
2017,02,10,1,11.9032
2017,02,10,2,12.082799999999999
2017,02,10,3,11.0797
2017,02,10,4,9.873190000000001
2017,02,10,5,9.395280000000001
2017,02,10,6,9.32292
2017,02,10,7,9.745989999999999
2017,02,11,0,10.958200000000001
2017,02,11,1,11.4614
2017,02,11,2,10.2053
2017,02,11,3,8.01059
2017,02,11,4,7.17983
2017,02,11,5,7.12207
2017,02,11,6,6.60495
2017,02,11,7,8.5182
2017,02,12,0,11.3233
2017,02,12,1,11.4293
2017,02,12,2,9.59711
2017,02,12,3,7.76533
2017,02,12,4,7.318890000000001
2017,02,12,5,8.18949
2017,02,12,6,6.18618
2017,02,12,7,5.32242
2017,02,13,0,5.66749
2017,02,13,1,6.23556
2017,02,13,2,6.64501
2017,02,13,3,7.34816
2017,02,13,4,8.10776
2017,02,13,5,8.38325
2017,02,13,6,7.8682
2017,02,13,7,8.773280000000002
2017,02,14,0,10.029
2017,02,14,1,10.4821
2017,02,14,2,11.1635
2017,02,14,3,11.2431
2017,02,14,4,10.9843
2017,02,14,5,11.9685
2017,02,14,6,14.203700000000001
2017,02,14,7,15.5823
2017,02,15,0,16.038
2017,02,15,1,20.7279
2017,02,15,2,20.7866
2017,02,15,3,20.7057
2017,02,15,4,19.8857
2017,02,15,5,19.275599999999997
2017,02,15,6,16.7375
2017,02,15,7,15.5615
2017,02,16,0,16.0886
2017,02,16,1,16.137
2017,02,16,2,16.6195
2017,02,16,3,17.669400000000003
2017,02,16,4,18.8235
2017,02,16,5,18.9145
2017,02,16,6,18.6828
2017,02,16,7,18.641
2017,02,17,0,19.1865
2017,02,17,1,19.3484
2017,02,17,2,19.957099999999997
2017,02,17,3,20.546
2017,02,17,4,20.8395
2017,02,17,5,20.344
2017,02,17,6,18.1851
2017,02,17,7,17.3506
2017,02,18,0,17.6803
2017,02,18,1,18.359299999999998
2017,02,18,2,18.539900000000003
2017,02,18,3,18.8923
2017,02,18,4,18.7167
2017,02,18,5,18.545900000000003
2017,02,18,6,17.4448
2017,02,18,7,16.282700000000002
2017,02,19,0,15.774899999999999
2017,02,19,1,15.8483
2017,02,19,2,16.4904
2017,02,19,3,15.5053
2017,02,19,4,15.594
2017,02,19,5,15.8514
2017,02,19,6,14.4067
2017,02,19,7,14.096200000000001
2017,02,20,0,15.319799999999999
2017,02,20,1,18.5492
2017,02,20,2,16.1316
2017,02,20,3,16.541
2017,02,20,4,15.6967
2017,02,20,5,15.873899999999999
2017,02,20,6,16.2672
2017,02,20,7,17.641299999999998
2017,02,21,0,18.1948
2017,02,21,1,16.1709
2017,02,21,2,15.1172
2017,02,21,3,14.4704
2017,02,21,4,15.5606
2017,02,21,5,17.7228
2017,02,21,6,26.4815
2017,02,21,7,19.7796
2017,02,22,0,18.320700000000002
2017,02,22,1,17.147299999999998
2017,02,22,2,18.7762
2017,02,22,3,21.9523
2017,02,22,4,22.013
2017,02,22,5,21.263900000000003
2017,02,22,6,19.8275
2017,02,22,7,20.1708
2017,02,23,0,19.5977
2017,02,23,1,18.0508
2017,02,23,2,13.7004
2017,02,23,3,11.5305
2017,02,23,4,11.7432
2017,02,23,5,12.7884
2017,02,23,6,14.931799999999999
2017,02,23,7,16.3857
2017,02,24,0,17.8992
2017,02,24,1,18.3974
2017,02,24,2,17.2016
2017,02,24,3,16.6033
2017,02,24,4,16.802
2017,02,24,5,19.3637
2017,02,24,6,19.4915
2017,02,24,7,18.088
2017,02,25,0,17.8139
2017,02,25,1,18.3319
2017,02,25,2,18.9333
2017,02,25,3,19.276400000000002
2017,02,25,4,18.785
2017,02,25,5,18.434900000000003
2017,02,25,6,17.381400000000003
2017,02,25,7,16.7578
2017,02,26,0,16.671599999999998
2017,02,26,1,16.5947
2017,02,26,2,17.146900000000002
2017,02,26,3,19.4932
2017,02,26,4,18.0512
2017,02,26,5,18.2722
2017,02,26,6,18.4039
2017,02,26,7,18.6223
2017,02,27,0,17.9979
2017,02,27,1,15.847700000000001
2017,02,27,2,14.8933
2017,02,27,3,15.0336
2017,02,27,4,14.0442
2017,02,27,5,13.966
2017,02,27,6,16.2568
2017,02,27,7,17.5832
2017,02,28,0,18.685
2017,02,28,1,19.749200000000002
2017,02,28,2,17.242900000000002
2017,02,28,3,15.788799999999998
2017,02,28,4,16.1819
2017,02,28,5,17.9097
2017,02,28,6,18.9
2017,02,28,7,20.221
2017,02,29,0,22.5207
2017,02,29,1,23.8015
2017,02,29,2,23.2348
2017,02,29,3,22.9345
2017,02,29,4,23.0631
2017,02,29,5,22.182599999999997
2017,02,29,6,20.385099999999998
2017,02,29,7,20.644
2017,02,30,0,24.931099999999997
2017,02,30,1,28.3637
2017,02,30,2,28.4262
2017,02,30,3,31.9731
2017,02,30,4,29.647
2017,02,30,5,29.319200000000002
2017,02,30,6,25.3818
2017,02,30,7,26.782
2017,02,31,0,35.216
2017,02,31,1,26.4333
2017,02,31,2,23.9372
2017,02,31,3,23.0765
2017,02,31,4,20.884700000000002
2017,02,31,5,19.4565
2017,02,31,6,20.4513
2017,02,31,7,24.5237
2017,02,1,0,24.0913
2017,02,1,1,24.200400000000002
2017,02,1,2,28.144
2017,02,1,3,25.3209
2017,02,1,4,23.703
2017,02,1,5,24.6308
2017,02,1,6,23.6355
2017,02,1,7,22.7502
2017,02,2,0,22.2562
2017,02,2,1,20.7445
2017,02,2,2,20.16
2017,02,2,3,19.2427
2017,02,2,4,17.489
2017,02,2,5,14.062299999999999
2017,02,2,6,13.684899999999999
2017,02,2,7,13.4459
2017,02,3,0,14.1158
2017,02,3,1,13.776
2017,02,3,2,15.386
2017,02,3,3,20.025599999999997
2017,02,3,4,24.3184
2017,02,3,5,25.8155
2017,02,3,6,27.2591
2017,02,3,7,27.8238
2017,02,4,0,26.688
2017,02,4,1,26.668599999999998
2017,02,4,2,25.974700000000002
2017,02,4,3,28.860599999999998
2017,02,4,4,27.5777
2017,02,4,5,28.177400000000002
2017,02,4,6,32.3663
2017,02,4,7,33.9606
2017,02,5,0,29.6289
2017,02,5,1,23.595599999999997
2017,02,5,2,20.4851
2017,02,5,3,22.4299
2017,02,5,4,25.2679
2017,02,5,5,26.523
2017,02,5,6,28.4283
2017,02,5,7,27.3652
2017,02,6,0,23.061700000000002
2017,02,6,1,22.8446
2017,02,6,2,25.045
2017,02,6,3,26.465799999999998
2017,02,6,4,26.6146
2017,02,6,5,29.512400000000003
2017,02,6,6,34.915
2017,02,6,7,34.1337
2017,02,7,0,31.2791
2017,02,7,1,25.3478
2017,02,7,2,21.6482
2017,02,7,3,19.139
2017,02,7,4,14.1969
2017,02,7,5,15.762
2017,02,7,6,14.734200000000001
2017,02,7,7,14.1183
2017,02,8,0,14.6172
2017,02,8,1,15.1671
2017,02,8,2,15.2607
2017,02,8,3,16.206799999999998
2017,02,8,4,16.250799999999998
2017,02,8,5,16.038700000000002
2017,02,8,6,17.0597
2017,02,8,7,16.8796
2017,02,9,0,16.4087
2017,02,9,1,18.021
2017,02,9,2,19.798
2017,02,9,3,20.3902
2017,02,9,4,16.405900000000003
2017,02,9,5,19.2702
2017,02,9,6,15.810799999999999
2017,02,9,7,17.166
2017,02,10,0,19.640099999999997
2017,02,10,1,20.1178
2017,02,10,2,19.233400000000003
2017,02,10,3,19.866
2017,02,10,4,20.0597
2017,02,10,5,19.8945
2017,02,10,6,19.3603
2017,02,10,7,20.3642
2017,02,11,0,19.6143
2017,02,11,1,18.8401
2017,02,11,2,20.016599999999997
2017,02,11,3,21.1745
2017,02,11,4,21.2795
2017,02,11,5,24.1726
2017,02,11,6,34.3701
2017,02,11,7,27.422099999999997
2017,02,12,0,28.998900000000003
2017,02,12,1,25.5927
2017,02,12,2,24.2268
2017,02,12,3,23.9892
2017,02,12,4,24.5258
2017,02,12,5,25.5416
2017,02,12,6,25.2118
2017,02,12,7,24.6561
2017,02,13,0,25.2368
2017,02,13,1,26.2348
2017,02,13,2,22.2931
2017,02,13,3,18.99
2017,02,13,4,16.5095
2017,02,13,5,13.944
2017,02,13,6,16.1124
2017,02,13,7,17.334799999999998
2017,02,14,0,14.023299999999999
2017,02,14,1,13.2535
2017,02,14,2,15.3087
2017,02,14,3,13.0529
2017,02,14,4,13.0875
2017,02,14,5,13.2625
2017,02,14,6,14.8344
2017,02,14,7,17.757099999999998
2017,02,15,0,18.3292
2017,02,15,1,16.1266
2017,02,15,2,14.138399999999999
2017,02,15,3,14.4424
2017,02,15,4,14.1884
2017,02,15,5,12.0007
2017,02,15,6,11.2011
2017,02,15,7,11.975
2017,02,16,0,13.1688
2017,02,16,1,13.414399999999999
2017,02,16,2,10.4895
2017,02,16,3,8.02765
2017,02,16,4,6.93312
2017,02,16,5,7.35745
2017,02,16,6,7.7597700000000005
2017,02,16,7,10.671700000000001
2017,02,17,0,9.246129999999999
2017,02,17,1,10.5159
2017,02,17,2,12.5684
2017,02,17,3,12.4551
2017,02,17,4,12.213799999999999
2017,02,17,5,10.5447
2017,02,17,6,11.564200000000001
2017,02,17,7,13.2077
2017,02,18,0,14.027
2017,02,18,1,15.0121
2017,02,18,2,13.8769
2017,02,18,3,12.216299999999999
2017,02,18,4,11.842
2017,02,18,5,11.5754
2017,02,18,6,10.1697
2017,02,18,7,9.40033
2017,02,19,0,8.5334
2017,02,19,1,10.689
2017,02,19,2,13.1974
2017,02,19,3,14.218399999999999
2017,02,19,4,13.9821
2017,02,19,5,13.6995
2017,02,19,6,12.511
2017,02,19,7,12.6361
2017,02,20,0,12.6868
2017,02,20,1,12.2606
2017,02,20,2,10.8889
2017,02,20,3,9.76042
2017,02,20,4,10.626299999999999
2017,02,20,5,11.5215
2017,02,20,6,11.826600000000001
2017,02,20,7,15.6208
2017,02,21,0,12.6093
2017,02,21,1,12.699
2017,02,21,2,12.6547
2017,02,21,3,12.066
2017,02,21,4,13.360700000000001
2017,02,21,5,15.4151
2017,02,21,6,6.72306
2017,02,21,7,5.22025
2017,02,22,0,5.85064
2017,02,22,1,6.64175
2017,02,22,2,7.32459
2017,02,22,3,7.999149999999999
2017,02,22,4,7.84037
2017,02,22,5,7.9263900000000005
2017,02,22,6,7.292890000000001
2017,02,22,7,7.255739999999999
2017,02,23,0,8.31307
2017,02,23,1,8.17685
2017,02,23,2,8.86168
2017,02,23,3,8.19612
2017,02,23,4,7.96087
2017,02,23,5,7.17006
2017,02,23,6,6.41723
2017,02,23,7,6.53218
2017,02,24,0,6.44496
2017,02,24,1,5.8396099999999995
2017,02,24,2,5.78198
2017,02,24,3,6.668270000000001
2017,02,24,4,7.23639
2017,02,24,5,7.025729999999999
2017,02,24,6,6.504029999999999
2017,02,24,7,6.16338
2017,02,25,0,5.88169
2017,02,25,1,5.29991
2017,02,25,2,5.54282
2017,02,25,3,7.004
2017,02,25,4,7.46916
2017,02,25,5,7.89702
2017,02,25,6,8.24079
2017,02,25,7,9.3149
2017,02,26,0,10.4276
2017,02,26,1,10.0782
2017,02,26,2,9.585049999999999
2017,02,26,3,9.30427
2017,02,26,4,9.50562
2017,02,26,5,9.495709999999999
2017,02,26,6,9.51971
2017,02,26,7,11.652700000000001
2017,02,27,0,11.4954
2017,02,27,1,9.4311
2017,02,27,2,15.376299999999999
2017,02,27,3,7.84879
2017,02,27,4,7.80565
2017,02,27,5,7.37311
2017,02,27,6,6.89579
2017,02,27,7,6.55209
2017,02,28,0,8.51808
2017,02,28,1,9.00363
2017,02,28,2,5.24681
2017,02,28,3,5.3679
2017,02,28,4,5.9343699999999995
2017,02,28,5,7.96471
2017,02,28,6,8.432120000000001
2017,02,28,7,8.45242
2017,02,29,0,8.458290000000002
2017,02,29,1,9.605979999999999
2017,02,29,2,9.68076
2017,02,29,3,9.94157
2017,02,29,4,10.579799999999999
2017,02,29,5,11.588799999999999
2017,02,29,6,12.6041
2017,02,29,7,13.912600000000001
2017,02,30,0,14.2028
2017,02,30,1,14.284799999999999
2017,02,30,2,13.795399999999999
2017,02,30,3,13.0092
2017,02,30,4,11.5501
2017,02,30,5,11.857899999999999
2017,02,30,6,11.8834
2017,02,30,7,12.1359
2017,02,1,0,11.58
2017,02,1,1,11.7621
2017,02,1,2,11.0093
2017,02,1,3,10.5496
2017,02,1,4,9.41367
2017,02,1,5,9.61258
2017,02,1,6,10.261899999999999
2017,02,1,7,9.37235
2017,02,2,0,9.667440000000001
2017,02,2,1,7.9472700000000005
2017,02,2,2,7.87164
2017,02,2,3,5.51865
2017,02,2,4,5.265680000000001
2017,02,2,5,5.20312
2017,02,2,6,5.49634
2017,02,2,7,6.046060000000001
2017,02,3,0,5.90724
2017,02,3,1,5.8840900000000005
2017,02,3,2,5.165220000000001
2017,02,3,3,5.05528
2017,02,3,4,5.34764
2017,02,3,5,5.55387
2017,02,3,6,5.3279700000000005
2017,02,3,7,5.15983
2017,02,4,0,6.81205
2017,02,4,1,5.92987
2017,02,4,2,7.76667
2017,02,4,3,6.9478599999999995
2017,02,4,4,6.1843900000000005
2017,02,4,5,6.90847
2017,02,4,6,5.97736
2017,02,4,7,5.70909
2017,02,5,0,5.3845
2017,02,5,1,5.19205
2017,02,5,2,5.52753
2017,02,5,3,5.7163699999999995
2017,02,5,4,4.9242
2017,02,5,5,4.07482
2017,02,5,6,4.26651
2017,02,5,7,3.82258
2017,02,6,0,3.87069
2017,02,6,1,3.9107
2017,02,6,2,4.278899999999999
2017,02,6,3,4.97193
2017,02,6,4,5.6887
2017,02,6,5,6.0567
2017,02,6,6,5.895359999999999
2017,02,6,7,5.49866
2017,02,7,0,5.673109999999999
2017,02,7,1,5.9867799999999995
2017,02,7,2,5.99366
2017,02,7,3,6.13009
2017,02,7,4,6.59746
2017,02,7,5,6.5362
2017,02,7,6,5.75021
2017,02,7,7,5.80531
2017,02,8,0,5.841600000000001
2017,02,8,1,5.31242
2017,02,8,2,5.085529999999999
2017,02,8,3,5.293270000000001
2017,02,8,4,5.94191
2017,02,8,5,6.4527
2017,02,8,6,6.572430000000001
2017,02,8,7,6.76735
2017,02,9,0,8.19755
2017,02,9,1,5.51744
2017,02,9,2,3.85497
2017,02,9,3,3.6592399999999996
2017,02,9,4,4.58258
2017,02,9,5,5.048850000000001
2017,02,9,6,3.54664
2017,02,9,7,2.8147800000000003
2017,02,10,0,2.7635500000000004
2017,02,10,1,3.01209
2017,02,10,2,3.42565
2017,02,10,3,4.00494
2017,02,10,4,4.62181
2017,02,10,5,5.03324
2017,02,10,6,4.72519
2017,02,10,7,4.5427100000000005
2017,02,11,0,4.45866
2017,02,11,1,4.504779999999999
2017,02,11,2,5.45083
2017,02,11,3,5.89792
2017,02,11,4,5.8104
2017,02,11,5,5.40395
2017,02,11,6,5.43319
2017,02,11,7,6.024229999999999
2017,02,12,0,6.36155
2017,02,12,1,7.40481
2017,02,12,2,6.33
2017,02,12,3,5.34413
2017,02,12,4,3.69787
2017,02,12,5,3.00855
2017,02,12,6,2.9884299999999997
2017,02,12,7,2.34776
2017,02,13,0,2.33088
2017,02,13,1,2.2084099999999998
2017,02,13,2,1.95431
2017,02,13,3,1.68964
2017,02,13,4,1.62795
2017,02,13,5,1.72369
2017,02,13,6,1.7901500000000001
2017,02,13,7,1.62785
2017,02,14,0,1.74304
2017,02,14,1,1.70974
2017,02,14,2,2.10548
2017,02,14,3,3.80685
2017,02,14,4,5.62729
2017,02,14,5,5.94557
2017,02,14,6,5.3276
2017,02,14,7,3.8040599999999998
2017,02,15,0,2.76751
2017,02,15,1,1.7879800000000001
2017,02,15,2,1.6482
2017,02,15,3,1.74448
2017,02,15,4,1.95146
2017,02,15,5,2.0470099999999998
2017,02,15,6,2.33982
2017,02,15,7,2.41294
2017,02,16,0,2.53421
2017,02,16,1,2.56989
2017,02,16,2,2.51519
2017,02,16,3,2.69415
2017,02,16,4,3.2695
2017,02,16,5,3.73012
2017,02,16,6,4.21846
2017,02,16,7,4.69427
2017,02,17,0,4.51812
2017,02,17,1,4.37791
2017,02,17,2,4.15524
2017,02,17,3,4.3835
2017,02,17,4,5.74684
2017,02,17,5,8.3416
2017,02,17,6,8.60153
2017,02,17,7,12.7343
2017,02,18,0,13.335899999999999
2017,02,18,1,11.2905
2017,02,18,2,9.90456
2017,02,18,3,9.39622
2017,02,18,4,8.51449
2017,02,18,5,8.708440000000001
2017,02,18,6,9.432690000000001
2017,02,18,7,8.92294
2017,02,19,0,8.33122
2017,02,19,1,7.67056
2017,02,19,2,7.88827
2017,02,19,3,8.72874
2017,02,19,4,7.84904
2017,02,19,5,7.64485
2017,02,19,6,8.42206
2017,02,19,7,8.25135
2017,02,20,0,8.01873
2017,02,20,1,9.38358
2017,02,20,2,11.5656
2017,02,20,3,11.4065
2017,02,20,4,9.247440000000001
2017,02,20,5,9.20141
2017,02,20,6,7.70329
2017,02,20,7,5.8548599999999995
2017,02,21,0,5.16907
2017,02,21,1,5.699229999999999
2017,02,21,2,7.0898900000000005
2017,02,21,3,8.778229999999999
2017,02,21,4,9.64794
2017,02,21,5,10.3309
2017,02,21,6,10.257299999999999
2017,02,21,7,11.1295
2017,02,22,0,12.2316
2017,02,22,1,11.787700000000001
2017,02,22,2,11.173399999999999
2017,02,22,3,10.7601
2017,02,22,4,9.961450000000001
2017,02,22,5,9.15436
2017,02,22,6,8.84727
2017,02,22,7,7.943689999999999
2017,02,23,0,6.63246
2017,02,23,1,5.95463
2017,02,23,2,5.73679
2017,02,23,3,6.36064
2017,02,23,4,8.23202
2017,02,23,5,9.71742
2017,02,23,6,9.9206
2017,02,23,7,11.1682
2017,02,24,0,11.443
2017,02,24,1,11.4515
2017,02,24,2,11.1857
2017,02,24,3,10.9735
2017,02,24,4,10.914399999999999
2017,02,24,5,9.3381
2017,02,24,6,8.49417
2017,02,24,7,7.2205200000000005
2017,02,25,0,6.534020000000001
2017,02,25,1,6.59682
2017,02,25,2,6.691560000000001
2017,02,25,3,6.88281
2017,02,25,4,7.44243
2017,02,25,5,7.92761
2017,02,25,6,7.45238
2017,02,25,7,7.3488
2017,02,26,0,7.07476
2017,02,26,1,6.81914
2017,02,26,2,6.6611
2017,02,26,3,6.6600600000000005
2017,02,26,4,6.922890000000001
2017,02,26,5,7.48859
2017,02,26,6,7.21299
2017,02,26,7,6.26992
2017,02,27,0,6.3129
2017,02,27,1,5.77367
2017,02,27,2,5.785189999999999
2017,02,27,3,8.02285
2017,02,27,4,8.92033
2017,02,27,5,8.781780000000001
2017,02,27,6,7.68157
2017,02,27,7,6.50088
2017,02,28,0,6.58616
2017,02,28,1,6.60841
2017,02,28,2,6.39746
2017,02,28,3,7.02557
2017,02,28,4,7.91774
2017,02,28,5,8.171470000000001
2017,02,28,6,8.42138
2017,02,28,7,8.77121
2017,02,29,0,9.175270000000001
2017,02,29,1,9.29687
2017,02,29,2,9.35793
2017,02,29,3,9.36152
2017,02,29,4,9.299209999999999
2017,02,29,5,8.90343
2017,02,29,6,8.17322
2017,02,29,7,7.6533
2017,02,30,0,8.225200000000001
2017,02,30,1,8.85756
2017,02,30,2,9.92678
2017,02,30,3,11.3478
2017,02,30,4,11.8515
2017,02,30,5,11.6986
2017,02,30,6,10.2776
2017,02,30,7,10.6576
2017,02,31,0,10.765799999999999
2017,02,31,1,11.9393
2017,02,31,2,13.171
2017,02,31,3,14.2201
2017,02,31,4,13.9746
2017,02,31,5,13.6428
2017,02,31,6,12.8962
2017,02,31,7,12.7334
2017,02,1,0,12.4434
2017,02,1,1,11.9668
2017,02,1,2,11.1691
2017,02,1,3,10.5624
2017,02,1,4,10.866299999999999
2017,02,1,5,11.460799999999999
2017,02,1,6,10.3894
2017,02,1,7,9.834950000000001
2017,02,2,0,10.3231
2017,02,2,1,10.9565
2017,02,2,2,11.0915
2017,02,2,3,12.2754
2017,02,2,4,12.7678
2017,02,2,5,12.5658
2017,02,2,6,12.675600000000001
2017,02,2,7,12.6385
2017,02,3,0,12.9082
2017,02,3,1,11.8391
2017,02,3,2,10.464
2017,02,3,3,9.81434
2017,02,3,4,8.49735
2017,02,3,5,6.9196
2017,02,3,6,7.277010000000001
2017,02,3,7,7.72246
2017,02,4,0,9.142719999999999
2017,02,4,1,10.3809
2017,02,4,2,11.2393
2017,02,4,3,11.9449
2017,02,4,4,11.591700000000001
2017,02,4,5,10.839
2017,02,4,6,9.472430000000001
2017,02,4,7,9.8712
2017,02,5,0,10.0545
2017,02,5,1,9.88538
2017,02,5,2,9.73574
2017,02,5,3,8.63139
2017,02,5,4,6.63201
2017,02,5,5,6.19558
2017,02,5,6,6.08519
2017,02,5,7,5.51062
2017,02,6,0,5.110810000000001
2017,02,6,1,5.32164
2017,02,6,2,4.554609999999999
2017,02,6,3,4.5490699999999995
2017,02,6,4,4.330310000000001
2017,02,6,5,4.92296
2017,02,6,6,4.65679
2017,02,6,7,3.6518800000000002
2017,02,7,0,3.62112
2017,02,7,1,3.7359
2017,02,7,2,3.11585
2017,02,7,3,2.7525
2017,02,7,4,2.76575
2017,02,7,5,3.3352
2017,02,7,6,3.24171
2017,02,7,7,2.97317
2017,02,8,0,2.68245
2017,02,8,1,2.88833
2017,02,8,2,3.2392
2017,02,8,3,4.51792
2017,02,8,4,6.55592
2017,02,8,5,6.53992
2017,02,8,6,8.374799999999999
2017,02,8,7,9.641110000000001
2017,02,9,0,9.08242
2017,02,9,1,10.282399999999999
2017,02,9,2,10.947799999999999
2017,02,9,3,11.4746
2017,02,9,4,8.68079
2017,02,9,5,6.96384
2017,02,9,6,7.14075
2017,02,9,7,6.0595
2017,02,10,0,5.5327
2017,02,10,1,5.75913
2017,02,10,2,5.08037
2017,02,10,3,5.73171
2017,02,10,4,5.47972
2017,02,10,5,5.95703
2017,02,10,6,6.417470000000001
2017,02,10,7,6.4780299999999995
2017,02,11,0,8.36611
2017,02,11,1,5.96913
2017,02,11,2,4.43184
2017,02,11,3,5.33348
2017,02,11,4,5.98946
2017,02,11,5,6.18645
2017,02,11,6,5.5823599999999995
2017,02,11,7,5.15253
2017,02,12,0,6.0345
2017,02,12,1,7.341600000000001
2017,02,12,2,8.5995
2017,02,12,3,8.642040000000001
2017,02,12,4,8.10385
2017,02,12,5,7.92154
2017,02,12,6,8.67202
2017,02,12,7,8.42897
2017,02,13,0,6.28095
2017,02,13,1,5.70549
2017,02,13,2,5.5544899999999995
2017,02,13,3,5.3621099999999995
2017,02,13,4,6.06867
2017,02,13,5,6.71071
2017,02,13,6,7.39238
2017,02,13,7,7.06597
2017,02,14,0,7.2318299999999995
2017,02,14,1,8.21066
2017,02,14,2,9.26718
2017,02,14,3,11.6636
2017,02,14,4,14.1841
2017,02,14,5,12.4689
2017,02,14,6,9.65285
2017,02,14,7,7.96916
2017,02,15,0,8.68296
2017,02,15,1,9.54833
2017,02,15,2,9.524809999999999
2017,02,15,3,8.621799999999999
2017,02,15,4,9.506780000000001
2017,02,15,5,9.92834
2017,02,15,6,11.4267
2017,02,15,7,14.146799999999999
2017,02,16,0,14.3118
2017,02,16,1,13.9067
2017,02,16,2,13.9175
2017,02,16,3,14.030899999999999
2017,02,16,4,14.6838
2017,02,16,5,14.088700000000001
2017,02,16,6,14.0807
2017,02,16,7,14.6742
2017,02,17,0,16.2498
2017,02,17,1,16.1985
2017,02,17,2,15.209100000000001
2017,02,17,3,14.583200000000001
2017,02,17,4,14.3892
2017,02,17,5,11.335600000000001
2017,02,17,6,6.58877
2017,02,17,7,4.01503
2017,02,18,0,3.96866
2017,02,18,1,4.07332
2017,02,18,2,3.43379
2017,02,18,3,3.0985300000000002
2017,02,18,4,3.08072
2017,02,18,5,2.7103099999999998
2017,02,18,6,2.7755199999999998
2017,02,18,7,2.64695
2017,02,19,0,2.97267
2017,02,19,1,3.25376
2017,02,19,2,3.36747
2017,02,19,3,3.03314
2017,02,19,4,2.68053
2017,02,19,5,2.5341
2017,02,19,6,3.01529
2017,02,19,7,4.0022199999999994
2017,02,20,0,5.18396
2017,02,20,1,5.86611
2017,02,20,2,6.00274
2017,02,20,3,9.434379999999999
2017,02,20,4,12.1855
2017,02,20,5,12.2836
2017,02,20,6,13.116700000000002
2017,02,20,7,16.4418
2017,02,21,0,17.532
2017,02,21,1,18.0541
2017,02,21,2,18.9291
2017,02,21,3,21.5125
2017,02,21,4,20.9645
2017,02,21,5,19.7102
2017,02,21,6,20.209400000000002
2017,02,21,7,18.946099999999998
2017,02,22,0,17.546
2017,02,22,1,16.452900000000003
2017,02,22,2,15.706100000000001
2017,02,22,3,15.140799999999999
2017,02,22,4,14.1361
2017,02,22,5,13.425799999999999
2017,02,22,6,13.090399999999999
2017,02,22,7,12.9421
2017,02,23,0,12.971
2017,02,23,1,12.808399999999999
2017,02,23,2,12.629
2017,02,23,3,12.776299999999999
2017,02,23,4,12.880799999999999
2017,02,23,5,13.5107
2017,02,23,6,14.0519
2017,02,23,7,12.2669
2017,02,24,0,12.2838
2017,02,24,1,13.3789
2017,02,24,2,13.423200000000001
2017,02,24,3,11.7083
2017,02,24,4,13.7401
2017,02,24,5,15.0282
2017,02,24,6,10.665299999999998
2017,02,24,7,10.838899999999999
2017,02,25,0,10.3319
2017,02,25,1,10.2554
2017,02,25,2,11.391399999999999
2017,02,25,3,11.910200000000001
2017,02,25,4,10.6987
2017,02,25,5,9.54293
2017,02,25,6,9.08634
2017,02,25,7,9.66071
2017,02,26,0,9.932229999999999
2017,02,26,1,9.234110000000001
2017,02,26,2,8.585600000000001
2017,02,26,3,8.44497
2017,02,26,4,8.27989
2017,02,26,5,8.195540000000001
2017,02,26,6,8.854040000000001
2017,02,26,7,8.607809999999999
2017,02,27,0,8.26601
2017,02,27,1,7.50201
2017,02,27,2,7.98745
2017,02,27,3,15.1809
2017,02,27,4,9.76973
2017,02,27,5,7.0725
2017,02,27,6,6.39969
2017,02,27,7,6.1192
2017,02,28,0,6.52449
2017,02,28,1,6.95599
2017,02,28,2,7.15943
2017,02,28,3,7.20269
2017,02,28,4,7.250319999999999
2017,02,28,5,6.74127
2017,02,28,6,7.19971
2017,02,28,7,6.9941
2017,02,29,0,7.11142
2017,02,29,1,7.996180000000001
2017,02,29,2,8.34195
2017,02,29,3,8.04805
2017,02,29,4,7.51638
2017,02,29,5,6.9981599999999995
2017,02,29,6,6.518689999999999
2017,02,29,7,6.0286599999999995
2017,02,30,0,5.680560000000001
2017,02,30,1,5.1262
2017,02,30,2,5.31433
2017,02,30,3,6.1452
2017,02,30,4,6.15641
2017,02,30,5,6.1836899999999995
2017,02,30,6,5.83198
2017,02,30,7,5.39812
2017,02,1,0,5.7283
2017,02,1,1,6.29566
2017,02,1,2,6.8928199999999995
2017,02,1,3,7.85645
2017,02,1,4,8.43226
2017,02,1,5,8.15726
2017,02,1,6,7.75262
2017,02,1,7,8.08676
2017,02,2,0,7.06407
2017,02,2,1,6.40887
2017,02,2,2,6.316439999999999
2017,02,2,3,6.60666
2017,02,2,4,6.58277
2017,02,2,5,5.91331
2017,02,2,6,5.44225
2017,02,2,7,4.5663
2017,02,3,0,4.22259
2017,02,3,1,4.64341
2017,02,3,2,4.905600000000001
2017,02,3,3,5.46883
2017,02,3,4,7.22042
2017,02,3,5,4.11643
2017,02,3,6,3.65116
2017,02,3,7,2.6389
2017,02,4,0,2.56406
2017,02,4,1,3.2574899999999998
2017,02,4,2,4.1836
2017,02,4,3,4.41647
2017,02,4,4,4.49812
2017,02,4,5,3.52951
2017,02,4,6,3.21178
2017,02,4,7,2.4376100000000003
2017,02,5,0,2.10778
2017,02,5,1,1.74441
2017,02,5,2,2.43806
2017,02,5,3,3.1992399999999996
2017,02,5,4,3.19577
2017,02,5,5,2.5015500000000004
2017,02,5,6,2.778
2017,02,5,7,3.0224499999999996
2017,02,6,0,3.1193899999999997
2017,02,6,1,3.2419000000000002
2017,02,6,2,3.65748
2017,02,6,3,3.96403
2017,02,6,4,4.315189999999999
2017,02,6,5,4.55597
2017,02,6,6,4.784979999999999
2017,02,6,7,5.03782
2017,02,7,0,4.23695
2017,02,7,1,3.31829
2017,02,7,2,3.0951
2017,02,7,3,2.97258
2017,02,7,4,2.5090700000000004
2017,02,7,5,2.1937699999999998
2017,02,7,6,5.1101
2017,02,7,7,3.33501
2017,02,8,0,3.4837
2017,02,8,1,3.6543099999999997
2017,02,8,2,3.95206
2017,02,8,3,4.18275
2017,02,8,4,3.89846
2017,02,8,5,3.63051
2017,02,8,6,3.62748
2017,02,8,7,3.72715
2017,02,9,0,3.71562
2017,02,9,1,3.54161
2017,02,9,2,3.37582
2017,02,9,3,3.10804
2017,02,9,4,2.86269
2017,02,9,5,2.60187
2017,02,9,6,2.31755
2017,02,9,7,2.15944
2017,02,10,0,1.9681300000000002
2017,02,10,1,1.85025
2017,02,10,2,1.91663
2017,02,10,3,2.01607
2017,02,10,4,1.8183900000000002
2017,02,10,5,1.56884
2017,02,10,6,1.3879000000000001
2017,02,10,7,1.48585
2017,02,11,0,1.4945599999999999
2017,02,11,1,1.57214
2017,02,11,2,1.7322899999999999
2017,02,11,3,1.84256
2017,02,11,4,1.84204
2017,02,11,5,1.74478
2017,02,11,6,1.66211
2017,02,11,7,1.74221
2017,02,12,0,1.70775
2017,02,12,1,1.56265
2017,02,12,2,1.39953
2017,02,12,3,1.2823499999999999
2017,02,12,4,1.27161
2017,02,12,5,1.39926
2017,02,12,6,1.7653800000000002
2017,02,12,7,2.15216
2017,02,13,0,2.38301
2017,02,13,1,2.5234099999999997
2017,02,13,2,2.5690999999999997
2017,02,13,3,2.53166
2017,02,13,4,2.59911
2017,02,13,5,2.90624
2017,02,13,6,2.67092
2017,02,13,7,2.59809
2017,02,14,0,4.22372
2017,02,14,1,3.9554899999999997
2017,02,14,2,3.62816
2017,02,14,3,3.4303000000000003
2017,02,14,4,5.37184
2017,02,14,5,6.04839
2017,02,14,6,5.6662799999999995
2017,02,14,7,4.7349499999999995
2017,02,15,0,4.79069
2017,02,15,1,5.22415
2017,02,15,2,4.75054
2017,02,15,3,4.91056
2017,02,15,4,4.44596
2017,02,15,5,4.54206
2017,02,15,6,4.78399
2017,02,15,7,5.09896
2017,02,16,0,5.10633
2017,02,16,1,5.0439300000000005
2017,02,16,2,5.58581
2017,02,16,3,8.66668
2017,02,16,4,12.1912
2017,02,16,5,10.995
2017,02,16,6,9.41719
2017,02,16,7,6.88604
2017,02,17,0,5.598229999999999
2017,02,17,1,4.99814
2017,02,17,2,3.83499
2017,02,17,3,3.6656999999999997
2017,02,17,4,3.69938
2017,02,17,5,3.75457
2017,02,17,6,4.29434
2017,02,17,7,5.030399999999999
2017,02,18,0,4.88213
2017,02,18,1,4.66242
2017,02,18,2,4.9291
2017,02,18,3,5.44749
2017,02,18,4,6.44111
2017,02,18,5,7.2058800000000005
2017,02,18,6,7.21533
2017,02,18,7,7.78095
2017,02,19,0,7.6975
2017,02,19,1,7.515
2017,02,19,2,7.11404
2017,02,19,3,7.057720000000001
2017,02,19,4,6.95283
2017,02,19,5,6.76767
2017,02,19,6,7.24188
2017,02,19,7,7.7856000000000005
2017,02,20,0,8.15759
2017,02,20,1,7.54364
2017,02,20,2,7.08983
2017,02,20,3,5.80432
2017,02,20,4,4.93489
2017,02,20,5,5.26544
2017,02,20,6,7.45742
2017,02,20,7,4.27618
2017,02,21,0,4.86858
2017,02,21,1,3.1309899999999997
2017,02,21,2,3.28193
2017,02,21,3,3.30002
2017,02,21,4,3.02525
2017,02,21,5,2.80118
2017,02,21,6,2.46831
2017,02,21,7,2.44605
2017,02,22,0,2.55118
2017,02,22,1,2.99566
2017,02,22,2,3.26421
2017,02,22,3,3.9005199999999998
2017,02,22,4,3.99405
2017,02,22,5,4.4636700000000005
2017,02,22,6,4.41646
2017,02,22,7,5.42221
2017,02,23,0,6.11384
2017,02,23,1,7.1658599999999995
2017,02,23,2,7.495850000000001
2017,02,23,3,7.12579
2017,02,23,4,6.53559
2017,02,23,5,6.3998800000000005
2017,02,23,6,6.6706
2017,02,23,7,7.22887
2017,02,24,0,7.3397
2017,02,24,1,7.24558
2017,02,24,2,7.55733
2017,02,24,3,8.352139999999999
2017,02,24,4,7.292050000000001
2017,02,24,5,6.3896999999999995
2017,02,24,6,7.29968
2017,02,24,7,8.1767
2017,02,25,0,9.315809999999999
2017,02,25,1,10.8353
2017,02,25,2,10.751299999999999
2017,02,25,3,13.672
2017,02,25,4,15.0187
2017,02,25,5,12.072700000000001
2017,02,25,6,14.2645
2017,02,25,7,14.985100000000001
2017,02,26,0,16.1839
2017,02,26,1,14.251700000000001
2017,02,26,2,13.9817
2017,02,26,3,13.541
2017,02,26,4,12.491700000000002
2017,02,26,5,9.62698
2017,02,26,6,6.351649999999999
2017,02,26,7,4.2314099999999994
2017,02,27,0,3.7792399999999997
2017,02,27,1,3.8178400000000003
2017,02,27,2,3.73746
2017,02,27,3,3.8167600000000004
2017,02,27,4,4.54276
2017,02,27,5,4.9784
2017,02,27,6,5.5298
2017,02,27,7,5.495760000000001
2017,02,28,0,6.463970000000001
2017,02,28,1,8.35544
2017,02,28,2,7.12128
2017,02,28,3,5.454359999999999
2017,02,28,4,4.94939
2017,02,28,5,4.61262
2017,02,28,6,5.1399
2017,02,28,7,5.68319
2017,02,29,0,5.940270000000001
2017,02,29,1,5.8267
2017,02,29,2,5.97293
2017,02,29,3,5.53283
2017,02,29,4,4.82564
2017,02,29,5,4.44259
2017,02,29,6,3.87725
2017,02,29,7,3.82691
2017,02,30,0,4.09861
2017,02,30,1,4.1351
2017,02,30,2,3.88109
2017,02,30,3,3.8807300000000002
2017,02,30,4,3.88022
2017,02,30,5,3.65992
2017,02,30,6,3.2215100000000003
2017,02,30,7,3.09832
2017,02,31,0,2.90625
2017,02,31,1,3.36973
2017,02,31,2,3.47303
2017,02,31,3,3.65411
2017,02,31,4,3.83752
2017,02,31,5,4.12719
2017,02,31,6,4.8820500000000004
2017,02,31,7,5.07176
2018,02,1,0,5.64866
2018,02,1,1,6.03486
2018,02,1,2,6.3323599999999995
2018,02,1,3,7.11688
2018,02,1,4,7.05019
2018,02,1,5,7.3926099999999995
2018,02,1,6,7.67294
2018,02,1,7,8.39405
2018,02,2,0,8.34864
2018,02,2,1,7.86829
2018,02,2,2,7.5739600000000005
2018,02,2,3,8.30423
2018,02,2,4,8.898200000000001
2018,02,2,5,8.97319
2018,02,2,6,9.681659999999999
2018,02,2,7,10.135200000000001
2018,02,3,0,10.367299999999998
2018,02,3,1,8.72277
2018,02,3,2,9.94602
2018,02,3,3,9.986600000000001
2018,02,3,4,9.6365
2018,02,3,5,9.11312
2018,02,3,6,9.47163
2018,02,3,7,10.639899999999999
2018,02,4,0,11.4124
2018,02,4,1,11.2531
2018,02,4,2,10.369
2018,02,4,3,7.890350000000001
2018,02,4,4,8.650459999999999
2018,02,4,5,9.7311
2018,02,4,6,10.3371
2018,02,4,7,12.6502
2018,02,5,0,10.5795
2018,02,5,1,9.13319
2018,02,5,2,9.73442
2018,02,5,3,9.96435
2018,02,5,4,10.8224
2018,02,5,5,9.99597
2018,02,5,6,11.5748
2018,02,5,7,11.8604
2018,02,6,0,11.8913
2018,02,6,1,12.374600000000001
2018,02,6,2,13.0502
2018,02,6,3,14.316600000000001
2018,02,6,4,15.9381
2018,02,6,5,17.1542
2018,02,6,6,16.887900000000002
2018,02,6,7,13.4264
2018,02,7,0,9.214889999999999
2018,02,7,1,8.43235
2018,02,7,2,6.84288
2018,02,7,3,6.60278
2018,02,7,4,6.9816899999999995
2018,02,7,5,7.34936
2018,02,7,6,7.6609
2018,02,7,7,7.41229
2018,02,8,0,7.65161
2018,02,8,1,9.7685
2018,02,8,2,13.022
2018,02,8,3,15.8073
2018,02,8,4,16.8492
2018,02,8,5,17.7993
2018,02,8,6,17.4939
2018,02,8,7,17.5924
2018,02,9,0,17.0395
2018,02,9,1,16.3173
2018,02,9,2,15.855
2018,02,9,3,16.2795
2018,02,9,4,14.4659
2018,02,9,5,15.5079
2018,02,9,6,14.8058
2018,02,9,7,13.6893
2018,02,10,0,11.9818
2018,02,10,1,12.312700000000001
2018,02,10,2,12.7128
2018,02,10,3,11.8832
2018,02,10,4,11.2552
2018,02,10,5,12.2726
2018,02,10,6,12.8831
2018,02,10,7,11.0034
2018,02,11,0,8.637049999999999
2018,02,11,1,8.18782
2018,02,11,2,8.75893
2018,02,11,3,10.3222
2018,02,11,4,10.6366
2018,02,11,5,11.178
2018,02,11,6,11.6605
2018,02,11,7,11.289200000000001
2018,02,12,0,12.1262
2018,02,12,1,11.143799999999999
2018,02,12,2,8.3849
2018,02,12,3,7.71479
2018,02,12,4,7.18555
2018,02,12,5,5.95445
2018,02,12,6,6.429390000000001
2018,02,12,7,6.5459499999999995
2018,02,13,0,6.77448
2018,02,13,1,7.1342799999999995
2018,02,13,2,7.63178
2018,02,13,3,7.33551
2018,02,13,4,6.805479999999999
2018,02,13,5,6.29354
2018,02,13,6,6.60989
2018,02,13,7,7.795439999999999
2018,02,14,0,8.05213
2018,02,14,1,8.17419
2018,02,14,2,8.312040000000001
2018,02,14,3,8.14156
2018,02,14,4,8.03962
2018,02,14,5,7.99929
2018,02,14,6,8.82203
2018,02,14,7,9.57427
2018,02,15,0,9.73923
2018,02,15,1,10.004100000000001
2018,02,15,2,10.5129
2018,02,15,3,10.1045
2018,02,15,4,9.1401
2018,02,15,5,9.474540000000001
2018,02,15,6,9.67169
2018,02,15,7,10.288200000000002
2018,02,16,0,10.6158
2018,02,16,1,10.9967
2018,02,16,2,9.82258
2018,02,16,3,9.59396
2018,02,16,4,10.121
2018,02,16,5,10.983799999999999
2018,02,16,6,9.652610000000001
2018,02,16,7,9.78968
2018,02,17,0,11.0927
2018,02,17,1,9.90525
2018,02,17,2,9.75449
2018,02,17,3,10.408700000000001
2018,02,17,4,11.569700000000001
2018,02,17,5,12.0124
2018,02,17,6,12.320200000000002
2018,02,17,7,12.1678
2018,02,18,0,12.6667
2018,02,18,1,12.2966
2018,02,18,2,12.383700000000001
2018,02,18,3,14.0381
2018,02,18,4,16.002399999999998
2018,02,18,5,14.736600000000001
2018,02,18,6,12.7593
2018,02,18,7,12.7856
2018,02,19,0,12.547799999999999
2018,02,19,1,10.0138
2018,02,19,2,8.966709999999999
2018,02,19,3,11.290899999999999
2018,02,19,4,13.1154
2018,02,19,5,13.0389
2018,02,19,6,11.4594
2018,02,19,7,7.89052
2018,02,20,0,5.8048
2018,02,20,1,4.76734
2018,02,20,2,4.8125100000000005
2018,02,20,3,5.7811
2018,02,20,4,6.0679099999999995
2018,02,20,5,5.28733
2018,02,20,6,4.0353699999999995
2018,02,20,7,3.17034
2018,02,21,0,2.9840999999999998
2018,02,21,1,2.8451500000000003
2018,02,21,2,2.92613
2018,02,21,3,3.0570999999999997
2018,02,21,4,3.31312
2018,02,21,5,4.12401
2018,02,21,6,5.02193
2018,02,21,7,5.06446
2018,02,22,0,5.3028699999999995
2018,02,22,1,5.58266
2018,02,22,2,5.71359
2018,02,22,3,5.82802
2018,02,22,4,5.9748
2018,02,22,5,6.33858
2018,02,22,6,5.44032
2018,02,22,7,6.1659
2018,02,23,0,7.12728
2018,02,23,1,6.83322
2018,02,23,2,5.87389
2018,02,23,3,5.36198
2018,02,23,4,5.27813
2018,02,23,5,5.72286
2018,02,23,6,6.49623
2018,02,23,7,6.53379
2018,02,24,0,6.6854
2018,02,24,1,6.37345
2018,02,24,2,5.92786
2018,02,24,3,5.57679
2018,02,24,4,5.32065
2018,02,24,5,4.70481
2018,02,24,6,4.27537
2018,02,24,7,3.60735
2018,02,25,0,3.94949
2018,02,25,1,4.71827
2018,02,25,2,5.21056
2018,02,25,3,4.87594
2018,02,25,4,5.85191
2018,02,25,5,6.2458100000000005
2018,02,25,6,3.74011
2018,02,25,7,3.01867
2018,02,26,0,3.9608499999999998
2018,02,26,1,4.564310000000001
2018,02,26,2,3.92168
2018,02,26,3,3.57188
2018,02,26,4,4.18291
2018,02,26,5,4.13594
2018,02,26,6,4.30496
2018,02,26,7,4.8083
2018,02,27,0,5.706930000000001
2018,02,27,1,6.675979999999999
2018,02,27,2,7.25601
2018,02,27,3,7.6153699999999995
2018,02,27,4,7.83691
2018,02,27,5,7.5532200000000005
2018,02,27,6,8.47008
2018,02,27,7,9.836540000000001
2018,02,28,0,9.80701
2018,02,28,1,9.087219999999999
2018,02,28,2,9.824819999999999
2018,02,28,3,10.2149
2018,02,28,4,9.10317
2018,02,28,5,7.325609999999999
2018,02,28,6,6.77683
2018,02,28,7,6.77674
2018,02,29,0,6.15404
2018,02,29,1,5.81721
2018,02,29,2,6.09581
2018,02,29,3,6.70955
2018,02,29,4,6.2765699999999995
2018,02,29,5,5.88133
2018,02,29,6,6.00463
2018,02,29,7,6.15172
2018,02,30,0,7.007
2018,02,30,1,7.800949999999999
2018,02,30,2,8.06117
2018,02,30,3,8.441930000000001
2018,02,30,4,9.02469
2018,02,30,5,8.57241
2018,02,30,6,8.06574
2018,02,30,7,7.217890000000001
2018,02,31,0,7.55854
2018,02,31,1,7.88434
2018,02,31,2,6.79739
2018,02,31,3,6.494689999999999
2018,02,31,4,5.99758
2018,02,31,5,5.414560000000001
2018,02,31,6,4.971520000000001
2018,02,31,7,4.80379
2018,02,1,0,5.3821
2018,02,1,1,7.01326
2018,02,1,2,7.51357
2018,02,1,3,7.35787
2018,02,1,4,8.43281
2018,02,1,5,10.5515
2018,02,1,6,12.4632
2018,02,1,7,11.2923
2018,02,2,0,10.1866
2018,02,2,1,10.525
2018,02,2,2,11.556299999999998
2018,02,2,3,11.5967
2018,02,2,4,11.2629
2018,02,2,5,11.2433
2018,02,2,6,11.0091
2018,02,2,7,11.416
2018,02,3,0,11.1784
2018,02,3,1,9.94504
2018,02,3,2,8.96762
2018,02,3,3,9.647620000000002
2018,02,3,4,9.664190000000001
2018,02,3,5,7.95946
2018,02,3,6,7.824140000000001
2018,02,3,7,8.41349
2018,02,4,0,8.34351
2018,02,4,1,8.90102
2018,02,4,2,9.08952
2018,02,4,3,8.86646
2018,02,4,4,8.75693
2018,02,4,5,7.50333
2018,02,4,6,7.67737
2018,02,4,7,7.47715
2018,02,5,0,8.11947
2018,02,5,1,8.43305
2018,02,5,2,7.82047
2018,02,5,3,7.40475
2018,02,5,4,7.43349
2018,02,5,5,6.89521
2018,02,5,6,7.30184
2018,02,5,7,8.48921
2018,02,6,0,8.05788
2018,02,6,1,8.10319
2018,02,6,2,7.79537
2018,02,6,3,7.60049
2018,02,6,4,6.49119
2018,02,6,5,6.7301
2018,02,6,6,5.72013
2018,02,6,7,4.51819
2018,02,7,0,4.4577
2018,02,7,1,4.74571
2018,02,7,2,4.924810000000001
2018,02,7,3,5.19836
2018,02,7,4,5.79847
2018,02,7,5,5.960109999999999
2018,02,7,6,6.0465100000000005
2018,02,7,7,6.33793
2018,02,8,0,6.28171
2018,02,8,1,5.61886
2018,02,8,2,5.38671
2018,02,8,3,5.268
2018,02,8,4,8.16139
2018,02,8,5,5.97682
2018,02,8,6,5.94358
2018,02,8,7,5.7302
2018,02,9,0,5.65162
2018,02,9,1,5.70141
2018,02,9,2,5.99568
2018,02,9,3,6.43007
2018,02,9,4,6.3613599999999995
2018,02,9,5,5.92948
2018,02,9,6,6.790850000000001
2018,02,9,7,7.29305
2018,02,10,0,7.18543
2018,02,10,1,8.43676
2018,02,10,2,8.59618
2018,02,10,3,8.37946
2018,02,10,4,6.78166
2018,02,10,5,7.01463
2018,02,10,6,9.04345
2018,02,10,7,12.9941
2018,02,11,0,6.22303
2018,02,11,1,2.50698
2018,02,11,2,1.98969
2018,02,11,3,1.7294500000000002
2018,02,11,4,1.3928
2018,02,11,5,1.57344
2018,02,11,6,2.48204
2018,02,11,7,3.8906799999999997
2018,02,12,0,6.9711099999999995
2018,02,12,1,4.97075
2018,02,12,2,5.15372
2018,02,12,3,4.6366700000000005
2018,02,12,4,4.18504
2018,02,12,5,5.2382
2018,02,12,6,6.2850600000000005
2018,02,12,7,6.41254
2018,02,13,0,5.6823999999999995
2018,02,13,1,5.498270000000001
2018,02,13,2,5.7843599999999995
2018,02,13,3,6.25891
2018,02,13,4,6.91856
2018,02,13,5,5.34396
2018,02,13,6,5.44374
2018,02,13,7,5.806430000000001
2018,02,14,0,5.454359999999999
2018,02,14,1,4.98653
2018,02,14,2,5.0343800000000005
2018,02,14,3,5.37979
2018,02,14,4,5.27244
2018,02,14,5,5.549729999999999
2018,02,14,6,5.33103
2018,02,14,7,5.56796
2018,02,15,0,6.27766
2018,02,15,1,5.4423
2018,02,15,2,4.58084
2018,02,15,3,4.31244
2018,02,15,4,4.93662
2018,02,15,5,5.19154
2018,02,15,6,3.65122
2018,02,15,7,2.5957600000000003
2018,02,16,0,2.3933400000000002
2018,02,16,1,2.36583
2018,02,16,2,2.6227
2018,02,16,3,3.1436100000000002
2018,02,16,4,3.84162
2018,02,16,5,4.81801
2018,02,16,6,6.20212
2018,02,16,7,5.5098400000000005
2018,02,17,0,4.06914
2018,02,17,1,4.1761800000000004
2018,02,17,2,5.371569999999999
2018,02,17,3,5.7732
2018,02,17,4,5.153479999999999
2018,02,17,5,5.0018199999999995
2018,02,17,6,5.53791
2018,02,17,7,5.87329
2018,02,18,0,5.5127299999999995
2018,02,18,1,4.83158
2018,02,18,2,4.44024
2018,02,18,3,5.10157
2018,02,18,4,5.73583
2018,02,18,5,6.40113
2018,02,18,6,6.34518
2018,02,18,7,4.19803
2018,02,19,0,4.33439
2018,02,19,1,3.7420500000000003
2018,02,19,2,3.11348
2018,02,19,3,2.64518
2018,02,19,4,2.4122
2018,02,19,5,2.22273
2018,02,19,6,2.4473499999999997
2018,02,19,7,2.56571
2018,02,20,0,2.35442
2018,02,20,1,2.4082
2018,02,20,2,2.55143
2018,02,20,3,2.3275799999999998
2018,02,20,4,2.06408
2018,02,20,5,2.13197
2018,02,20,6,2.26598
2018,02,20,7,2.5819099999999997
2018,02,21,0,3.33541
2018,02,21,1,3.7509
2018,02,21,2,3.9386900000000002
2018,02,21,3,3.73511
2018,02,21,4,3.4164
2018,02,21,5,3.10982
2018,02,21,6,3.45121
2018,02,21,7,3.5161
2018,02,22,0,5.19993
2018,02,22,1,3.6698000000000004
2018,02,22,2,4.0664
2018,02,22,3,4.0930100000000005
2018,02,22,4,4.09914
2018,02,22,5,3.66401
2018,02,22,6,3.20891
2018,02,22,7,2.90132
2018,02,23,0,3.32027
2018,02,23,1,3.26148
2018,02,23,2,4.28885
2018,02,23,3,4.38167
2018,02,23,4,4.107819999999999
2018,02,23,5,3.3884600000000002
2018,02,23,6,2.6166300000000002
2018,02,23,7,2.36362
2018,02,24,0,1.75676
2018,02,24,1,2.03787
2018,02,24,2,2.43298
2018,02,24,3,2.1413800000000003
2018,02,24,4,1.81578
2018,02,24,5,2.62568
2018,02,24,6,2.7885999999999997
2018,02,24,7,4.07407
2018,02,25,0,5.33333
2018,02,25,1,4.97873
2018,02,25,2,4.24484
2018,02,25,3,4.4129499999999995
2018,02,25,4,4.13966
2018,02,25,5,3.34604
2018,02,25,6,3.55715
2018,02,25,7,4.01307
2018,02,26,0,7.11478
2018,02,26,1,4.380850000000001
2018,02,26,2,4.1107700000000005
2018,02,26,3,4.72771
2018,02,26,4,5.0324
2018,02,26,5,4.74342
2018,02,26,6,5.50298
2018,02,26,7,6.402520000000001
2018,02,27,0,6.72716
2018,02,27,1,7.18432
2018,02,27,2,7.11396
2018,02,27,3,7.762479999999999
2018,02,27,4,8.72665
2018,02,27,5,8.31181
2018,02,27,6,7.245550000000001
2018,02,27,7,6.88508
2018,02,28,0,6.76184
2018,02,28,1,5.46057
2018,02,28,2,4.88271
2018,02,28,3,4.73826
2018,02,28,4,4.87198
2018,02,28,5,4.5918
2018,02,28,6,4.50872
2018,02,28,7,4.84567
2018,02,1,0,5.59771
2018,02,1,1,7.14688
2018,02,1,2,7.92069
2018,02,1,3,8.7889
2018,02,1,4,8.688709999999999
2018,02,1,5,7.73936
2018,02,1,6,7.09076
2018,02,1,7,6.76942
2018,02,2,0,6.994689999999999
2018,02,2,1,7.6457299999999995
2018,02,2,2,7.72809
2018,02,2,3,8.08512
2018,02,2,4,8.328280000000001
2018,02,2,5,6.882359999999999
2018,02,2,6,5.675739999999999
2018,02,2,7,5.122739999999999
2018,02,3,0,5.82928
2018,02,3,1,5.92708
2018,02,3,2,5.48437
2018,02,3,3,5.382359999999999
2018,02,3,4,5.7349499999999995
2018,02,3,5,5.865600000000001
2018,02,3,6,5.1053500000000005
2018,02,3,7,4.769399999999999
2018,02,4,0,5.316319999999999
2018,02,4,1,6.1667
2018,02,4,2,5.37967
2018,02,4,3,4.7905
2018,02,4,4,4.9871099999999995
2018,02,4,5,4.82706
2018,02,4,6,4.113020000000001
2018,02,4,7,3.45371
2018,02,5,0,2.8607600000000004
2018,02,5,1,2.51575
2018,02,5,2,2.99779
2018,02,5,3,3.16828
2018,02,5,4,2.9384699999999997
2018,02,5,5,2.8176900000000002
2018,02,5,6,2.78392
2018,02,5,7,2.75691
2018,02,6,0,2.72146
2018,02,6,1,2.48358
2018,02,6,2,2.21626
2018,02,6,3,2.16999
2018,02,6,4,2.36747
2018,02,6,5,3.2707100000000002
2018,02,6,6,4.06843
2018,02,6,7,4.12596
2018,02,7,0,4.443779999999999
2018,02,7,1,4.726310000000001
2018,02,7,2,5.1639
2018,02,7,3,5.3085
2018,02,7,4,5.61328
2018,02,7,5,6.37878
2018,02,7,6,7.88292
2018,02,7,7,8.85601
2018,02,8,0,8.23441
2018,02,8,1,6.18551
2018,02,8,2,4.82661
2018,02,8,3,4.82693
2018,02,8,4,5.00858
2018,02,8,5,4.75245
2018,02,8,6,5.23224
2018,02,8,7,5.59784
2018,02,9,0,4.86108
2018,02,9,1,5.659689999999999
2018,02,9,2,5.43961
2018,02,9,3,4.540430000000001
2018,02,9,4,7.13966
2018,02,9,5,9.89029
2018,02,9,6,10.2177
2018,02,9,7,17.425099999999997
2018,02,10,0,10.7941
2018,02,10,1,11.125
2018,02,10,2,11.299299999999999
2018,02,10,3,12.206299999999999
2018,02,10,4,13.007299999999999
2018,02,10,5,14.030700000000001
2018,02,10,6,15.136
2018,02,10,7,15.921899999999999
2018,02,11,0,16.4497
2018,02,11,1,16.5209
2018,02,11,2,16.4228
2018,02,11,3,16.4299
2018,02,11,4,15.1445
2018,02,11,5,12.7819
2018,02,11,6,11.6943
2018,02,11,7,10.5321
2018,02,12,0,9.96583
2018,02,12,1,11.0519
2018,02,12,2,11.5341
2018,02,12,3,11.9101
2018,02,12,4,12.2094
2018,02,12,5,12.5398
2018,02,12,6,11.6665
2018,02,12,7,11.107299999999999
2018,02,13,0,10.219899999999999
2018,02,13,1,9.78351
2018,02,13,2,10.5135
2018,02,13,3,14.8929
2018,02,13,4,13.0838
2018,02,13,5,13.637799999999999
2018,02,13,6,13.8866
2018,02,13,7,12.809899999999999
2018,02,14,0,11.8345
2018,02,14,1,11.767100000000001
2018,02,14,2,11.847100000000001
2018,02,14,3,11.241299999999999
2018,02,14,4,9.07235
2018,02,14,5,6.57472
2018,02,14,6,5.27735
2018,02,14,7,5.29742
2018,02,15,0,6.71806
2018,02,15,1,7.37814
2018,02,15,2,6.54976
2018,02,15,3,6.405600000000001
2018,02,15,4,5.41669
2018,02,15,5,4.435350000000001
2018,02,15,6,3.29321
2018,02,15,7,3.59102
2018,02,16,0,4.28203
2018,02,16,1,5.26477
2018,02,16,2,4.96432
2018,02,16,3,5.158600000000001
2018,02,16,4,5.1952799999999995
2018,02,16,5,5.68285
2018,02,16,6,6.00014
2018,02,16,7,6.76159
2018,02,17,0,7.36896
2018,02,17,1,7.13396
2018,02,17,2,5.47317
2018,02,17,3,4.35978
2018,02,17,4,4.02341
2018,02,17,5,3.65607
2018,02,17,6,3.55646
2018,02,17,7,4.04966
2018,02,18,0,5.10323
2018,02,18,1,5.68008
2018,02,18,2,5.53257
2018,02,18,3,4.83654
2018,02,18,4,4.2569799999999995
2018,02,18,5,3.9123699999999997
2018,02,18,6,3.5755100000000004
2018,02,18,7,3.7218299999999997
2018,02,19,0,4.58174
2018,02,19,1,5.243930000000001
2018,02,19,2,5.55263
2018,02,19,3,5.55531
2018,02,19,4,5.12504
2018,02,19,5,4.48093
2018,02,19,6,4.3058000000000005
2018,02,19,7,4.52116
2018,02,20,0,5.0694799999999995
2018,02,20,1,5.2297
2018,02,20,2,5.08536
2018,02,20,3,5.51713
2018,02,20,4,7.28911
2018,02,20,5,7.895359999999999
2018,02,20,6,9.423969999999999
2018,02,20,7,11.6315
2018,02,21,0,12.2534
2018,02,21,1,13.241700000000002
2018,02,21,2,13.9482
2018,02,21,3,16.6708
2018,02,21,4,16.7538
2018,02,21,5,15.6503
2018,02,21,6,19.5344
2018,02,21,7,20.3562
2018,02,22,0,21.4187
2018,02,22,1,21.6098
2018,02,22,2,20.1756
2018,02,22,3,19.175
2018,02,22,4,20.541400000000003
2018,02,22,5,20.178900000000002
2018,02,22,6,18.2593
2018,02,22,7,15.1954
2018,02,23,0,9.52182
2018,02,23,1,9.88695
2018,02,23,2,10.6253
2018,02,23,3,10.4265
2018,02,23,4,6.45949
2018,02,23,5,4.36173
2018,02,23,6,3.05832
2018,02,23,7,3.29279
2018,02,24,0,3.85175
2018,02,24,1,3.17811
2018,02,24,2,3.23987
2018,02,24,3,3.12236
2018,02,24,4,3.96445
2018,02,24,5,3.83898
2018,02,24,6,3.7873200000000002
2018,02,24,7,4.60517
2018,02,25,0,4.699050000000001
2018,02,25,1,4.98543
2018,02,25,2,4.7506
2018,02,25,3,5.1017
2018,02,25,4,4.72204
2018,02,25,5,3.7471300000000003
2018,02,25,6,2.8113699999999997
2018,02,25,7,2.8166700000000002
2018,02,26,0,3.6063400000000003
2018,02,26,1,4.40604
2018,02,26,2,3.97878
2018,02,26,3,3.79377
2018,02,26,4,3.85865
2018,02,26,5,3.47437
2018,02,26,6,2.63281
2018,02,26,7,2.96543
2018,02,27,0,3.61442
2018,02,27,1,3.84425
2018,02,27,2,4.07647
2018,02,27,3,4.38903
2018,02,27,4,4.66896
2018,02,27,5,5.265
2018,02,27,6,5.727060000000001
2018,02,27,7,6.19064
2018,02,28,0,7.559189999999999
2018,02,28,1,8.01338
2018,02,28,2,8.52597
2018,02,28,3,9.66758
2018,02,28,4,10.4536
2018,02,28,5,10.2661
2018,02,28,6,10.0283
2018,02,28,7,9.34533
2018,02,29,0,8.922870000000001
2018,02,29,1,8.84394
2018,02,29,2,9.470469999999999
2018,02,29,3,10.1435
2018,02,29,4,10.4798
2018,02,29,5,10.107700000000001
2018,02,29,6,10.465399999999999
2018,02,29,7,10.777899999999999
2018,02,30,0,10.1981
2018,02,30,1,8.47631
2018,02,30,2,8.02495
2018,02,30,3,8.466149999999999
2018,02,30,4,8.248
2018,02,30,5,8.57308
2018,02,30,6,8.33323
2018,02,30,7,8.596350000000001
2018,02,31,0,9.81134
2018,02,31,1,11.4613
2018,02,31,2,7.60913
2018,02,31,3,7.11141
2018,02,31,4,5.30825
2018,02,31,5,6.14855
2018,02,31,6,6.12063
2018,02,31,7,6.420310000000001
2018,02,1,0,7.82089
2018,02,1,1,8.164439999999999
2018,02,1,2,8.276399999999999
2018,02,1,3,7.34274
2018,02,1,4,6.26396
2018,02,1,5,6.5290799999999996
2018,02,1,6,6.02276
2018,02,1,7,6.05573
2018,02,2,0,6.955439999999999
2018,02,2,1,7.69515
2018,02,2,2,7.03985
2018,02,2,3,7.47485
2018,02,2,4,8.9835
2018,02,2,5,9.290659999999999
2018,02,2,6,9.83133
2018,02,2,7,12.632299999999999
2018,02,3,0,11.3829
2018,02,3,1,11.247
2018,02,3,2,9.72742
2018,02,3,3,6.016979999999999
2018,02,3,4,4.5964
2018,02,3,5,4.2761499999999995
2018,02,3,6,4.9888
2018,02,3,7,6.36358
2018,02,4,0,8.09253
2018,02,4,1,7.918100000000001
2018,02,4,2,9.11902
2018,02,4,3,9.48232
2018,02,4,4,10.366700000000002
2018,02,4,5,11.6684
2018,02,4,6,11.4331
2018,02,4,7,12.324200000000001
2018,02,5,0,13.984399999999999
2018,02,5,1,14.1562
2018,02,5,2,13.9529
2018,02,5,3,15.4843
2018,02,5,4,13.6156
2018,02,5,5,13.7812
2018,02,5,6,14.1068
2018,02,5,7,13.262
2018,02,6,0,14.5501
2018,02,6,1,15.4263
2018,02,6,2,17.8104
2018,02,6,3,21.1395
2018,02,6,4,21.2759
2018,02,6,5,22.382
2018,02,6,6,23.615299999999998
2018,02,6,7,24.2419
2018,02,7,0,25.4327
2018,02,7,1,24.659299999999998
2018,02,7,2,25.8967
2018,02,7,3,24.5822
2018,02,7,4,24.5747
2018,02,7,5,27.040599999999998
2018,02,7,6,24.3845
2018,02,7,7,15.9337
2018,02,8,0,6.48
2018,02,8,1,4.51798
2018,02,8,2,2.0426800000000003
2018,02,8,3,2.18002
2018,02,8,4,2.84773
2018,02,8,5,3.8518499999999998
2018,02,8,6,4.43342
2018,02,8,7,4.69415
2018,02,9,0,5.3419300000000005
2018,02,9,1,5.11813
2018,02,9,2,5.663819999999999
2018,02,9,3,5.903689999999999
2018,02,9,4,5.863359999999999
2018,02,9,5,5.8773
2018,02,9,6,6.17969
2018,02,9,7,6.8430100000000005
2018,02,10,0,7.07809
2018,02,10,1,6.71812
2018,02,10,2,7.95113
2018,02,10,3,9.048350000000001
2018,02,10,4,10.5628
2018,02,10,5,10.298
2018,02,10,6,11.2235
2018,02,10,7,9.733780000000001
2018,02,11,0,13.1318
2018,02,11,1,13.7596
2018,02,11,2,11.4095
2018,02,11,3,6.87132
2018,02,11,4,7.372979999999999
2018,02,11,5,7.7202399999999995
2018,02,11,6,6.4716700000000005
2018,02,11,7,6.10244
2018,02,12,0,5.991
2018,02,12,1,7.512770000000001
2018,02,12,2,4.40666
2018,02,12,3,4.6826300000000005
2018,02,12,4,4.4062399999999995
2018,02,12,5,3.37258
2018,02,12,6,3.0603200000000004
2018,02,12,7,3.94649
2018,02,13,0,4.18074
2018,02,13,1,3.4523200000000003
2018,02,13,2,3.81657
2018,02,13,3,4.62856
2018,02,13,4,4.47989
2018,02,13,5,4.0169
2018,02,13,6,4.00374
2018,02,13,7,4.91561
2018,02,14,0,5.3036
2018,02,14,1,5.212890000000001
2018,02,14,2,5.99919
2018,02,14,3,5.826239999999999
2018,02,14,4,5.31673
2018,02,14,5,5.14308
2018,02,14,6,5.30092
2018,02,14,7,6.50113
2018,02,15,0,7.06397
2018,02,15,1,6.3753400000000005
2018,02,15,2,6.99822
2018,02,15,3,6.93787
2018,02,15,4,7.68529
2018,02,15,5,8.292209999999999
2018,02,15,6,10.107299999999999
2018,02,15,7,10.9834
2018,02,16,0,9.88783
2018,02,16,1,9.009540000000001
2018,02,16,2,6.7997700000000005
2018,02,16,3,5.80696
2018,02,16,4,6.00071
2018,02,16,5,4.41325
2018,02,16,6,3.43199
2018,02,16,7,5.163060000000001
2018,02,17,0,5.61737
2018,02,17,1,6.60049
2018,02,17,2,5.22828
2018,02,17,3,4.99258
2018,02,17,4,4.8256000000000006
2018,02,17,5,4.5474499999999995
2018,02,17,6,3.70524
2018,02,17,7,3.5972600000000003
2018,02,18,0,3.64094
2018,02,18,1,3.37404
2018,02,18,2,3.3217600000000003
2018,02,18,3,3.34841
2018,02,18,4,3.42467
2018,02,18,5,3.68839
2018,02,18,6,4.614529999999999
2018,02,18,7,5.3641499999999995
2018,02,19,0,6.23555
2018,02,19,1,6.94058
2018,02,19,2,7.594060000000001
2018,02,19,3,7.27129
2018,02,19,4,7.913069999999999
2018,02,19,5,8.41033
2018,02,19,6,7.4663699999999995
2018,02,19,7,6.9589799999999995
2018,02,20,0,7.36625
2018,02,20,1,8.81344
2018,02,20,2,9.25317
2018,02,20,3,7.94852
2018,02,20,4,7.20659
2018,02,20,5,7.18949
2018,02,20,6,5.72396
2018,02,20,7,4.88013
2018,02,21,0,4.88068
2018,02,21,1,4.81447
2018,02,21,2,5.0295
2018,02,21,3,5.31217
2018,02,21,4,5.99718
2018,02,21,5,6.7347399999999995
2018,02,21,6,6.91304
2018,02,21,7,7.415970000000001
2018,02,22,0,8.10326
2018,02,22,1,8.01653
2018,02,22,2,7.38523
2018,02,22,3,7.05176
2018,02,22,4,7.33138
2018,02,22,5,8.24693
2018,02,22,6,8.49843
2018,02,22,7,9.03131
2018,02,23,0,10.856200000000001
2018,02,23,1,12.5589
2018,02,23,2,13.0978
2018,02,23,3,12.8415
2018,02,23,4,12.457600000000001
2018,02,23,5,10.9568
2018,02,23,6,9.69191
2018,02,23,7,10.2149
2018,02,24,0,10.4991
2018,02,24,1,10.249600000000001
2018,02,24,2,9.776290000000001
2018,02,24,3,7.8893699999999995
2018,02,24,4,7.29679
2018,02,24,5,6.968430000000001
2018,02,24,6,7.19716
2018,02,24,7,8.26434
2018,02,25,0,11.734399999999999
2018,02,25,1,9.813030000000001
2018,02,25,2,9.50361
2018,02,25,3,9.188600000000001
2018,02,25,4,8.97767
2018,02,25,5,8.78168
2018,02,25,6,8.87366
2018,02,25,7,9.330129999999999
2018,02,26,0,10.1183
2018,02,26,1,10.174700000000001
2018,02,26,2,10.0135
2018,02,26,3,10.112200000000001
2018,02,26,4,10.1172
2018,02,26,5,9.844430000000001
2018,02,26,6,9.85912
2018,02,26,7,10.9339
2018,02,27,0,11.783700000000001
2018,02,27,1,14.049299999999999
2018,02,27,2,11.770100000000001
2018,02,27,3,10.572299999999998
2018,02,27,4,10.3731
2018,02,27,5,9.79776
2018,02,27,6,8.0363
2018,02,27,7,6.23963
2018,02,28,0,5.53862
2018,02,28,1,5.49053
2018,02,28,2,3.49384
2018,02,28,3,4.76307
2018,02,28,4,5.205520000000001
2018,02,28,5,4.79125
2018,02,28,6,3.45909
2018,02,28,7,4.05004
2018,02,29,0,5.01499
2018,02,29,1,5.168069999999999
2018,02,29,2,3.30376
2018,02,29,3,4.27088
2018,02,29,4,5.7060699999999995
2018,02,29,5,8.14133
2018,02,29,6,7.61733
2018,02,29,7,8.00512
2018,02,30,0,8.221770000000001
2018,02,30,1,9.36012
2018,02,30,2,9.11491
2018,02,30,3,8.04635
2018,02,30,4,7.65653
2018,02,30,5,7.94501
2018,02,30,6,8.730979999999999
2018,02,30,7,10.0936
2018,02,1,0,11.2917
2018,02,1,1,12.9818
2018,02,1,2,12.1012
2018,02,1,3,10.3909
2018,02,1,4,10.7291
2018,02,1,5,11.7537
2018,02,1,6,12.123
2018,02,1,7,11.6242
2018,02,2,0,10.4733
2018,02,2,1,9.4237
2018,02,2,2,9.513399999999999
2018,02,2,3,9.77157
2018,02,2,4,9.31084
2018,02,2,5,9.165610000000001
2018,02,2,6,9.08299
2018,02,2,7,8.17784
2018,02,3,0,7.7056000000000004
2018,02,3,1,7.7670200000000005
2018,02,3,2,11.598700000000001
2018,02,3,3,6.52276
2018,02,3,4,6.26286
2018,02,3,5,6.32445
2018,02,3,6,6.7104099999999995
2018,02,3,7,7.1608
2018,02,4,0,7.37026
2018,02,4,1,7.14938
2018,02,4,2,7.163069999999999
2018,02,4,3,7.67952
2018,02,4,4,7.99165
2018,02,4,5,8.445139999999999
2018,02,4,6,8.94826
2018,02,4,7,10.2367
2018,02,5,0,15.0961
2018,02,5,1,10.6317
2018,02,5,2,10.3284
2018,02,5,3,10.1104
2018,02,5,4,8.99808
2018,02,5,5,8.13568
2018,02,5,6,8.40022
2018,02,5,7,9.910200000000001
2018,02,6,0,10.1115
2018,02,6,1,9.44313
2018,02,6,2,9.194600000000001
2018,02,6,3,9.11974
2018,02,6,4,8.745790000000001
2018,02,6,5,7.9632
2018,02,6,6,8.87076
2018,02,6,7,7.608689999999999
2018,02,7,0,8.68957
2018,02,7,1,10.371799999999999
2018,02,7,2,13.2515
2018,02,7,3,14.2895
2018,02,7,4,14.485899999999999
2018,02,7,5,13.726299999999998
2018,02,7,6,11.4861
2018,02,7,7,10.8843
2018,02,8,0,10.203
2018,02,8,1,8.57384
2018,02,8,2,6.6897
2018,02,8,3,6.92925
2018,02,8,4,6.92705
2018,02,8,5,7.12347
2018,02,8,6,7.63753
2018,02,8,7,8.7499
2018,02,9,0,11.7637
2018,02,9,1,14.5733
2018,02,9,2,14.0822
2018,02,9,3,12.953299999999999
2018,02,9,4,12.601700000000001
2018,02,9,5,12.965399999999999
2018,02,9,6,12.946299999999999
2018,02,9,7,11.2612
2018,02,10,0,9.261040000000001
2018,02,10,1,9.3697
2018,02,10,2,9.55766
2018,02,10,3,11.972
2018,02,10,4,13.0281
2018,02,10,5,11.846
2018,02,10,6,10.3991
2018,02,10,7,11.2905
2018,02,11,0,14.0225
2018,02,11,1,16.4118
2018,02,11,2,14.828700000000001
2018,02,11,3,15.1227
2018,02,11,4,15.4756
2018,02,11,5,18.3032
2018,02,11,6,13.799100000000001
2018,02,11,7,12.001100000000001
2018,02,12,0,9.39075
2018,02,12,1,8.74662
2018,02,12,2,6.54152
2018,02,12,3,6.65321
2018,02,12,4,6.11042
2018,02,12,5,6.13227
2018,02,12,6,5.855390000000001
2018,02,12,7,7.3693599999999995
2018,02,13,0,11.453100000000001
2018,02,13,1,15.9921
2018,02,13,2,14.088899999999999
2018,02,13,3,11.3634
2018,02,13,4,11.2705
2018,02,13,5,11.640799999999999
2018,02,13,6,11.8744
2018,02,13,7,13.1025
2018,02,14,0,13.8937
2018,02,14,1,14.9599
2018,02,14,2,16.1142
2018,02,14,3,16.2551
2018,02,14,4,16.346700000000002
2018,02,14,5,15.673200000000001
2018,02,14,6,15.4181
2018,02,14,7,17.267599999999998
2018,02,15,0,19.238
2018,02,15,1,19.967299999999998
2018,02,15,2,18.0927
2018,02,15,3,16.6169
2018,02,15,4,14.7247
2018,02,15,5,14.2462
2018,02,15,6,13.843
2018,02,15,7,14.3676
2018,02,16,0,14.888200000000001
2018,02,16,1,12.4925
2018,02,16,2,11.2666
2018,02,16,3,10.5423
2018,02,16,4,10.6114
2018,02,16,5,11.6987
2018,02,16,6,8.92016
2018,02,16,7,6.57833
2018,02,17,0,6.28655
2018,02,17,1,6.86653
2018,02,17,2,8.3285
2018,02,17,3,8.055819999999999
2018,02,17,4,9.446
2018,02,17,5,11.1576
2018,02,17,6,11.2464
2018,02,17,7,11.586200000000002
2018,02,18,0,12.249
2018,02,18,1,13.295200000000001
2018,02,18,2,13.551
2018,02,18,3,14.9574
2018,02,18,4,15.4722
2018,02,18,5,15.6125
2018,02,18,6,14.8353
2018,02,18,7,14.905899999999999
2018,02,19,0,16.0392
2018,02,19,1,17.2778
2018,02,19,2,16.8388
2018,02,19,3,16.0909
2018,02,19,4,16.349700000000002
2018,02,19,5,16.7119
2018,02,19,6,16.721
2018,02,19,7,16.470299999999998
2018,02,20,0,16.3206
2018,02,20,1,15.8448
2018,02,20,2,16.1464
2018,02,20,3,16.0149
2018,02,20,4,16.2031
2018,02,20,5,17.0098
2018,02,20,6,15.857700000000001
2018,02,20,7,17.099700000000002
2018,02,21,0,23.188200000000002
2018,02,21,1,18.275599999999997
2018,02,21,2,19.2001
2018,02,21,3,20.953200000000002
2018,02,21,4,20.6144
2018,02,21,5,18.5862
2018,02,21,6,17.3903
2018,02,21,7,17.835
2018,02,22,0,18.6632
2018,02,22,1,20.758200000000002
2018,02,22,2,20.36
2018,02,22,3,20.1095
2018,02,22,4,20.1187
2018,02,22,5,19.839299999999998
2018,02,22,6,18.203200000000002
2018,02,22,7,17.726
2018,02,23,0,19.1086
2018,02,23,1,19.8334
2018,02,23,2,20.141299999999998
2018,02,23,3,19.634700000000002
2018,02,23,4,18.6207
2018,02,23,5,16.9652
2018,02,23,6,16.0194
2018,02,23,7,16.617
2018,02,24,0,16.4768
2018,02,24,1,15.678600000000001
2018,02,24,2,14.5133
2018,02,24,3,12.6991
2018,02,24,4,12.235700000000001
2018,02,24,5,14.5784
2018,02,24,6,15.3615
2018,02,24,7,16.342
2018,02,25,0,16.022100000000002
2018,02,25,1,14.3774
2018,02,25,2,14.3165
2018,02,25,3,12.8135
2018,02,25,4,10.1398
2018,02,25,5,11.139299999999999
2018,02,25,6,9.62443
2018,02,25,7,8.284139999999999
2018,02,26,0,8.11612
2018,02,26,1,9.08834
2018,02,26,2,11.815100000000001
2018,02,26,3,14.5884
2018,02,26,4,14.0432
2018,02,26,5,14.1604
2018,02,26,6,13.4854
2018,02,26,7,13.843
2018,02,27,0,18.968
2018,02,27,1,15.2132
2018,02,27,2,14.5282
2018,02,27,3,13.7094
2018,02,27,4,13.0532
2018,02,27,5,13.9115
2018,02,27,6,14.4231
2018,02,27,7,15.4978
2018,02,28,0,15.4642
2018,02,28,1,15.0185
2018,02,28,2,13.4357
2018,02,28,3,14.1216
2018,02,28,4,14.1592
2018,02,28,5,13.026200000000001
2018,02,28,6,13.601700000000001
2018,02,28,7,15.007
2018,02,29,0,15.1754
2018,02,29,1,14.6678
2018,02,29,2,13.5821
2018,02,29,3,12.5957
2018,02,29,4,12.277299999999999
2018,02,29,5,12.7992
2018,02,29,6,13.7836
2018,02,29,7,15.0178
2018,02,30,0,17.6112
2018,02,30,1,19.5765
2018,02,30,2,19.7707
2018,02,30,3,19.036099999999998
2018,02,30,4,17.7234
2018,02,30,5,16.9088
2018,02,30,6,16.9769
2018,02,30,7,17.3277
2018,02,31,0,14.475700000000002
2018,02,31,1,12.7131
2018,02,31,2,11.8219
2018,02,31,3,11.9413
2018,02,31,4,10.747
2018,02,31,5,9.48475
2018,02,31,6,8.14043
2018,02,31,7,6.99515
2018,02,1,0,7.23629
2018,02,1,1,7.53659
2018,02,1,2,7.29399
2018,02,1,3,9.00268
2018,02,1,4,9.58648
2018,02,1,5,10.1624
2018,02,1,6,7.82271
2018,02,1,7,7.12425
2018,02,2,0,6.708270000000001
2018,02,2,1,5.93702
2018,02,2,2,5.87314
2018,02,2,3,6.146109999999999
2018,02,2,4,7.267930000000001
2018,02,2,5,7.94899
2018,02,2,6,6.89582
2018,02,2,7,6.77209
2018,02,3,0,6.611689999999999
2018,02,3,1,6.1916899999999995
2018,02,3,2,6.6842299999999994
2018,02,3,3,5.61788
2018,02,3,4,6.08663
2018,02,3,5,8.05333
2018,02,3,6,7.18735
2018,02,3,7,7.63878
2018,02,4,0,9.55695
2018,02,4,1,11.233799999999999
2018,02,4,2,10.6128
2018,02,4,3,8.74405
2018,02,4,4,8.10225
2018,02,4,5,9.71128
2018,02,4,6,8.11423
2018,02,4,7,7.05749
2018,02,5,0,7.65054
2018,02,5,1,8.750950000000001
2018,02,5,2,8.15699
2018,02,5,3,7.49173
2018,02,5,4,8.42286
2018,02,5,5,9.665719999999999
2018,02,5,6,10.6462
2018,02,5,7,13.2871
2018,02,6,0,12.5494
2018,02,6,1,12.215399999999999
2018,02,6,2,11.742700000000001
2018,02,6,3,10.6385
2018,02,6,4,11.2956
2018,02,6,5,11.9039
2018,02,6,6,11.229899999999999
2018,02,6,7,8.71686
2018,02,7,0,8.84204
2018,02,7,1,9.47995
2018,02,7,2,8.614180000000001
2018,02,7,3,10.9886
2018,02,7,4,14.036700000000002
2018,02,7,5,14.116700000000002
2018,02,7,6,13.0447
2018,02,7,7,12.9701
2018,02,8,0,12.1456
2018,02,8,1,11.3201
2018,02,8,2,10.594299999999999
2018,02,8,3,10.6432
2018,02,8,4,11.7883
2018,02,8,5,11.1503
2018,02,8,6,9.70765
2018,02,8,7,9.27654
2018,02,9,0,10.0081
2018,02,9,1,10.1115
2018,02,9,2,9.73714
2018,02,9,3,8.052520000000001
2018,02,9,4,7.22316
2018,02,9,5,7.27269
2018,02,9,6,6.84285
2018,02,9,7,7.36939
2018,02,10,0,8.88589
2018,02,10,1,9.72664
2018,02,10,2,8.79984
2018,02,10,3,7.785729999999999
2018,02,10,4,9.9527
2018,02,10,5,10.5037
2018,02,10,6,9.460600000000001
2018,02,10,7,9.61083
2018,02,11,0,10.5659
2018,02,11,1,10.589799999999999
2018,02,11,2,9.85876
2018,02,11,3,10.1863
2018,02,11,4,10.651
2018,02,11,5,10.6495
2018,02,11,6,10.1159
2018,02,11,7,10.1072
2018,02,12,0,11.0576
2018,02,12,1,11.237200000000001
2018,02,12,2,10.586200000000002
2018,02,12,3,10.566600000000001
2018,02,12,4,10.446200000000001
2018,02,12,5,10.421899999999999
2018,02,12,6,10.2569
2018,02,12,7,10.5954
2018,02,13,0,12.0068
2018,02,13,1,13.1586
2018,02,13,2,13.328899999999999
2018,02,13,3,12.2337
2018,02,13,4,11.18
2018,02,13,5,10.797
2018,02,13,6,11.7606
2018,02,13,7,11.927200000000001
2018,02,14,0,10.9796
2018,02,14,1,11.6108
2018,02,14,2,10.4954
2018,02,14,3,9.44818
2018,02,14,4,9.687899999999999
2018,02,14,5,10.0283
2018,02,14,6,10.2255
2018,02,14,7,10.3401
2018,02,15,0,10.391
2018,02,15,1,10.4595
2018,02,15,2,9.024299999999998
2018,02,15,3,9.886479999999999
2018,02,15,4,10.7174
2018,02,15,5,10.3615
2018,02,15,6,9.77976
2018,02,15,7,10.1536
2018,02,16,0,8.92985
2018,02,16,1,8.74748
2018,02,16,2,8.8091
2018,02,16,3,9.94284
2018,02,16,4,11.7358
2018,02,16,5,12.5048
2018,02,16,6,12.6505
2018,02,16,7,12.2621
2018,02,17,0,11.9052
2018,02,17,1,11.785200000000001
2018,02,17,2,9.970870000000001
2018,02,17,3,9.91191
2018,02,17,4,11.3887
2018,02,17,5,11.0803
2018,02,17,6,7.37718
2018,02,17,7,4.54444
2018,02,18,0,5.71464
2018,02,18,1,9.463799999999999
2018,02,18,2,11.173399999999999
2018,02,18,3,12.4899
2018,02,18,4,11.9885
2018,02,18,5,11.3211
2018,02,18,6,11.243799999999998
2018,02,18,7,11.400799999999998
2018,02,19,0,13.273399999999999
2018,02,19,1,13.524700000000001
2018,02,19,2,13.0272
2018,02,19,3,14.0615
2018,02,19,4,14.8485
2018,02,19,5,14.820200000000002
2018,02,19,6,13.9348
2018,02,19,7,12.702
2018,02,20,0,12.3771
2018,02,20,1,12.031
2018,02,20,2,11.57
2018,02,20,3,10.368799999999998
2018,02,20,4,10.5953
2018,02,20,5,11.7497
2018,02,20,6,10.5221
2018,02,20,7,10.8894
2018,02,21,0,10.9052
2018,02,21,1,9.65827
2018,02,21,2,8.26732
2018,02,21,3,6.28695
2018,02,21,4,6.96835
2018,02,21,5,7.187
2018,02,21,6,5.81552
2018,02,21,7,6.6967
2018,02,22,0,5.97713
2018,02,22,1,5.480779999999999
2018,02,22,2,4.316260000000001
2018,02,22,3,4.9553
2018,02,22,4,4.61747
2018,02,22,5,5.24499
2018,02,22,6,5.60616
2018,02,22,7,5.80779
2018,02,23,0,6.74716
2018,02,23,1,7.62343
2018,02,23,2,8.02829
2018,02,23,3,7.71304
2018,02,23,4,8.74319
2018,02,23,5,9.62674
2018,02,23,6,9.323799999999999
2018,02,23,7,9.7759
2018,02,24,0,10.697299999999998
2018,02,24,1,10.94
2018,02,24,2,11.315700000000001
2018,02,24,3,10.1385
2018,02,24,4,9.68136
2018,02,24,5,9.64167
2018,02,24,6,9.619639999999999
2018,02,24,7,10.1535
2018,02,25,0,11.5274
2018,02,25,1,13.0688
2018,02,25,2,15.1511
2018,02,25,3,14.4224
2018,02,25,4,14.7389
2018,02,25,5,14.103299999999999
2018,02,25,6,12.5446
2018,02,25,7,12.3171
2018,02,26,0,12.8529
2018,02,26,1,13.1037
2018,02,26,2,13.927
2018,02,26,3,12.980799999999999
2018,02,26,4,11.6275
2018,02,26,5,10.259799999999998
2018,02,26,6,8.69331
2018,02,26,7,8.862549999999999
2018,02,27,0,10.2328
2018,02,27,1,10.747200000000001
2018,02,27,2,11.145
2018,02,27,3,10.3463
2018,02,27,4,9.05395
2018,02,27,5,9.004700000000001
2018,02,27,6,8.664209999999999
2018,02,27,7,9.23968
2018,02,28,0,9.25455
2018,02,28,1,8.25996
2018,02,28,2,6.91779
2018,02,28,3,5.03735
2018,02,28,4,4.46689
2018,02,28,5,4.826239999999999
2018,02,28,6,5.18549
2018,02,28,7,5.8835299999999995
2018,02,29,0,6.762359999999999
2018,02,29,1,8.444709999999999
2018,02,29,2,10.0244
2018,02,29,3,11.854
2018,02,29,4,13.0721
2018,02,29,5,13.4982
2018,02,29,6,12.3011
2018,02,29,7,12.3429
2018,02,30,0,12.734200000000001
2018,02,30,1,12.958
2018,02,30,2,12.7542
2018,02,30,3,13.5455
2018,02,30,4,12.2851
2018,02,30,5,11.3246
2018,02,30,6,11.3529
2018,02,30,7,11.520299999999999
2018,02,1,0,12.0626
2018,02,1,1,11.8691
2018,02,1,2,10.1908
2018,02,1,3,10.2806
2018,02,1,4,11.2375
2018,02,1,5,11.8619
2018,02,1,6,11.4689
2018,02,1,7,11.536299999999999
2018,02,2,0,12.43
2018,02,2,1,13.8414
2018,02,2,2,16.2075
2018,02,2,3,16.512900000000002
2018,02,2,4,15.7962
2018,02,2,5,14.7507
2018,02,2,6,13.898200000000001
2018,02,2,7,15.4588
2018,02,3,0,18.0319
2018,02,3,1,20.542900000000003
2018,02,3,2,19.9336
2018,02,3,3,20.411
2018,02,3,4,18.4737
2018,02,3,5,14.1506
2018,02,3,6,13.889
2018,02,3,7,14.937899999999999
2018,02,4,0,13.9975
2018,02,4,1,12.2872
2018,02,4,2,13.1375
2018,02,4,3,12.2947
2018,02,4,4,11.588799999999999
2018,02,4,5,10.773
2018,02,4,6,7.89521
2018,02,4,7,7.15354
2018,02,5,0,7.99984
2018,02,5,1,7.730449999999999
2018,02,5,2,7.09746
2018,02,5,3,7.5297600000000005
2018,02,5,4,7.623189999999999
2018,02,5,5,6.611770000000001
2018,02,5,6,5.90857
2018,02,5,7,7.46112
2018,02,6,0,8.28759
2018,02,6,1,8.617360000000001
2018,02,6,2,9.28313
2018,02,6,3,9.84188
2018,02,6,4,9.23695
2018,02,6,5,8.92067
2018,02,6,6,8.36959
2018,02,6,7,9.0662
2018,02,7,0,11.581700000000001
2018,02,7,1,13.331299999999999
2018,02,7,2,15.5312
2018,02,7,3,16.517599999999998
2018,02,7,4,17.3149
2018,02,7,5,18.3517
2018,02,7,6,18.326700000000002
2018,02,7,7,21.5098
2018,02,8,0,23.9712
2018,02,8,1,24.3059
2018,02,8,2,24.3635
2018,02,8,3,25.9503
2018,02,8,4,26.765099999999997
2018,02,8,5,26.4485
2018,02,8,6,25.4459
2018,02,8,7,27.371599999999997
2018,02,9,0,28.5534
2018,02,9,1,25.148799999999998
2018,02,9,2,23.7701
2018,02,9,3,27.52
2018,02,9,4,32.5313
2018,02,9,5,37.042300000000004
2018,02,9,6,33.0094
2018,02,9,7,27.846400000000003
2018,02,10,0,25.3231
2018,02,10,1,25.3364
2018,02,10,2,30.2565
2018,02,10,3,33.917
2018,02,10,4,38.0429
2018,02,10,5,38.8975
2018,02,10,6,39.6471
2018,02,10,7,37.4521
2018,02,11,0,35.910599999999995
2018,02,11,1,33.4529
2018,02,11,2,32.0664
2018,02,11,3,33.671800000000005
2018,02,11,4,33.3531
2018,02,11,5,32.3205
2018,02,11,6,32.835
2018,02,11,7,33.7131
2018,02,12,0,34.2341
2018,02,12,1,33.582300000000004
2018,02,12,2,32.9448
2018,02,12,3,34.1326
2018,02,12,4,35.9332
2018,02,12,5,38.587
2018,02,12,6,37.9714
2018,02,12,7,34.0193
2018,02,13,0,33.2564
2018,02,13,1,37.058699999999995
2018,02,13,2,37.2166
2018,02,13,3,39.0191
2018,02,13,4,39.4878
2018,02,13,5,40.033300000000004
2018,02,13,6,38.7588
2018,02,13,7,38.0009
2018,02,14,0,38.781099999999995
2018,02,14,1,38.9296
2018,02,14,2,35.7959
2018,02,14,3,33.3621
2018,02,14,4,30.9731
2018,02,14,5,29.8882
2018,02,14,6,30.2153
2018,02,14,7,30.9283
2018,02,15,0,32.7637
2018,02,15,1,33.921099999999996
2018,02,15,2,33.4035
2018,02,15,3,35.4957
2018,02,15,4,35.9587
2018,02,15,5,33.249900000000004
2018,02,15,6,30.779
2018,02,15,7,31.468400000000003
2018,02,16,0,34.188
2018,02,16,1,37.044599999999996
2018,02,16,2,33.5454
2018,02,16,3,28.4016
2018,02,16,4,27.1447
2018,02,16,5,29.0304
2018,02,16,6,29.230400000000003
2018,02,16,7,32.5747
2018,02,17,0,33.021800000000006
2018,02,17,1,30.8905
2018,02,17,2,26.9894
2018,02,17,3,22.6402
2018,02,17,4,24.1779
2018,02,17,5,27.3387
2018,02,17,6,25.8251
2018,02,17,7,27.248099999999997
2018,02,18,0,28.5388
2018,02,18,1,30.297
2018,02,18,2,32.0603
2018,02,18,3,25.677
2018,02,18,4,24.9267
2018,02,18,5,29.0185
2018,02,18,6,27.5485
2018,02,18,7,29.3763
2018,02,19,0,28.8815
2018,02,19,1,27.2855
2018,02,19,2,34.314699999999995
2018,02,19,3,29.485
2018,02,19,4,26.2735
2018,02,19,5,32.3053
2018,02,19,6,28.9462
2018,02,19,7,32.077
2018,02,20,0,32.4919
2018,02,20,1,34.8366
2018,02,20,2,30.071900000000003
2018,02,20,3,32.6126
2018,02,20,4,35.0531
2018,02,20,5,33.6828
2018,02,20,6,30.306099999999997
2018,02,20,7,32.4555
2018,02,21,0,33.337
2018,02,21,1,33.8136
2018,02,21,2,34.6412
2018,02,21,3,32.3575
2018,02,21,4,29.9381
2018,02,21,5,32.3392
2018,02,21,6,33.115300000000005
2018,02,21,7,33.2577
2018,02,22,0,33.4153
2018,02,22,1,34.207699999999996
2018,02,22,2,35.024
2018,02,22,3,35.097
2018,02,22,4,33.6595
2018,02,22,5,32.1306
2018,02,22,6,30.9913
2018,02,22,7,31.1063
2018,02,23,0,31.351
2018,02,23,1,32.1815
2018,02,23,2,33.368199999999995
2018,02,23,3,35.0735
2018,02,23,4,30.9257
2018,02,23,5,29.149099999999997
2018,02,23,6,28.4325
2018,02,23,7,29.7611
2018,02,24,0,29.105700000000002
2018,02,24,1,28.891299999999998
2018,02,24,2,28.835099999999997
2018,02,24,3,26.1092
2018,02,24,4,26.112099999999998
2018,02,24,5,26.3899
2018,02,24,6,25.228900000000003
2018,02,24,7,27.01
2018,02,25,0,30.45
2018,02,25,1,28.673599999999997
2018,02,25,2,26.375
2018,02,25,3,25.9117
2018,02,25,4,26.357400000000002
2018,02,25,5,28.006
2018,02,25,6,26.1825
2018,02,25,7,26.4168
2018,02,26,0,28.1966
2018,02,26,1,31.2732
2018,02,26,2,34.781699999999994
2018,02,26,3,29.7684
2018,02,26,4,25.767799999999998
2018,02,26,5,23.9275
2018,02,26,6,22.83
2018,02,26,7,24.0686
2018,02,27,0,28.0828
2018,02,27,1,29.2454
2018,02,27,2,24.7367
2018,02,27,3,21.0641
2018,02,27,4,21.37
2018,02,27,5,21.885900000000003
2018,02,27,6,19.9447
2018,02,27,7,20.678099999999997
2018,02,28,0,24.53
2018,02,28,1,25.9185
2018,02,28,2,24.717599999999997
2018,02,28,3,22.9592
2018,02,28,4,20.9645
2018,02,28,5,17.139
2018,02,28,6,16.324
2018,02,28,7,16.634400000000003
2018,02,29,0,16.6621
2018,02,29,1,16.7193
2018,02,29,2,16.205299999999998
2018,02,29,3,14.5961
2018,02,29,4,15.9408
2018,02,29,5,15.329799999999999
2018,02,29,6,14.4049
2018,02,29,7,13.9916
2018,02,30,0,14.8331
2018,02,30,1,15.3466
2018,02,30,2,16.6279
2018,02,30,3,17.9064
2018,02,30,4,18.904
2018,02,30,5,25.4001
2018,02,30,6,25.254099999999998
2018,02,30,7,25.564400000000003
2018,02,31,0,28.009
2018,02,31,1,33.6989
2018,02,31,2,33.7474
2018,02,31,3,27.413
2018,02,31,4,27.5373
2018,02,31,5,29.752
2018,02,31,6,30.7658
2018,02,31,7,35.045
2018,02,1,0,36.2367
2018,02,1,1,35.707300000000004
2018,02,1,2,33.444199999999995
2018,02,1,3,33.2364
2018,02,1,4,33.2124
2018,02,1,5,31.3262
2018,02,1,6,31.2226
2018,02,1,7,32.769400000000005
2018,02,2,0,31.5894
2018,02,2,1,30.5939
2018,02,2,2,35.7228
2018,02,2,3,33.3014
2018,02,2,4,34.2245
2018,02,2,5,36.8236
2018,02,2,6,37.6843
2018,02,2,7,31.5077
2018,02,3,0,26.403299999999998
2018,02,3,1,23.1418
2018,02,3,2,21.4894
2018,02,3,3,20.4641
2018,02,3,4,21.7692
2018,02,3,5,19.3915
2018,02,3,6,15.7538
2018,02,3,7,15.8204
2018,02,4,0,18.4408
2018,02,4,1,18.549599999999998
2018,02,4,2,16.776400000000002
2018,02,4,3,12.1791
2018,02,4,4,8.59978
2018,02,4,5,8.20523
2018,02,4,6,8.22916
2018,02,4,7,8.91166
2018,02,5,0,11.2802
2018,02,5,1,8.48995
2018,02,5,2,9.17001
2018,02,5,3,8.83902
2018,02,5,4,7.85537
2018,02,5,5,7.9634
2018,02,5,6,6.74379
2018,02,5,7,6.34458
2018,02,6,0,6.64304
2018,02,6,1,6.232060000000001
2018,02,6,2,6.188149999999999
2018,02,6,3,6.78127
2018,02,6,4,6.48999
2018,02,6,5,6.495100000000001
2018,02,6,6,6.31813
2018,02,6,7,6.46538
2018,02,7,0,6.96948
2018,02,7,1,7.0748500000000005
2018,02,7,2,6.64596
2018,02,7,3,6.01566
2018,02,7,4,6.47039
2018,02,7,5,6.23942
2018,02,7,6,5.85091
2018,02,7,7,6.116560000000001
2018,02,8,0,7.184609999999999
2018,02,8,1,8.28584
2018,02,8,2,7.7169300000000005
2018,02,8,3,6.66051
2018,02,8,4,8.870989999999999
2018,02,8,5,9.98489
2018,02,8,6,9.820620000000002
2018,02,8,7,7.38338
2018,02,9,0,6.7293
2018,02,9,1,6.79763
2018,02,9,2,7.34103
2018,02,9,3,9.449950000000001
2018,02,9,4,13.183
2018,02,9,5,11.8929
2018,02,9,6,11.6247
2018,02,9,7,14.3178
2018,02,10,0,16.757900000000003
2018,02,10,1,16.56
2018,02,10,2,14.485100000000001
2018,02,10,3,15.4702
2018,02,10,4,15.4094
2018,02,10,5,16.802799999999998
2018,02,10,6,16.019
2018,02,10,7,16.6754
2018,02,11,0,17.524099999999997
2018,02,11,1,17.1537
2018,02,11,2,16.9057
2018,02,11,3,17.5344
2018,02,11,4,18.3765
2018,02,11,5,17.693900000000003
2018,02,11,6,16.5747
2018,02,11,7,17.6268
2018,02,12,0,19.0966
2018,02,12,1,18.1477
2018,02,12,2,18.483
2018,02,12,3,21.0209
2018,02,12,4,22.048
2018,02,12,5,22.1399
2018,02,12,6,24.7729
2018,02,12,7,33.4595
2018,02,13,0,28.1737
2018,02,13,1,29.2621
2018,02,13,2,25.8882
2018,02,13,3,23.4611
2018,02,13,4,24.515900000000002
2018,02,13,5,24.0137
2018,02,13,6,22.2858
2018,02,13,7,22.788700000000002
2018,02,14,0,24.1703
2018,02,14,1,23.8764
2018,02,14,2,28.010099999999998
2018,02,14,3,27.202099999999998
2018,02,14,4,27.1695
2018,02,14,5,25.721400000000003
2018,02,14,6,23.519599999999997
2018,02,14,7,23.947400000000002
2018,02,15,0,23.906299999999998
2018,02,15,1,22.3625
2018,02,15,2,21.1139
2018,02,15,3,19.6427
2018,02,15,4,20.6375
2018,02,15,5,20.573700000000002
2018,02,15,6,25.3413
2018,02,15,7,23.0367
2018,02,16,0,24.7683
2018,02,16,1,24.497799999999998
2018,02,16,2,24.778
2018,02,16,3,26.1715
2018,02,16,4,22.4314
2018,02,16,5,21.2483
2018,02,16,6,20.6415
2018,02,16,7,23.4778
2018,02,17,0,26.0428
2018,02,17,1,27.0641
2018,02,17,2,26.343400000000003
2018,02,17,3,25.734299999999998
2018,02,17,4,26.3265
2018,02,17,5,26.088
2018,02,17,6,24.6609
2018,02,17,7,25.040599999999998
2018,02,18,0,27.399900000000002
2018,02,18,1,26.8992
2018,02,18,2,24.178099999999997
2018,02,18,3,22.047900000000002
2018,02,18,4,21.001900000000003
2018,02,18,5,17.9882
2018,02,18,6,22.7348
2018,02,18,7,21.0169
2018,02,19,0,20.5233
2018,02,19,1,22.1182
2018,02,19,2,22.2159
2018,02,19,3,25.4332
2018,02,19,4,21.3533
2018,02,19,5,19.176299999999998
2018,02,19,6,21.6515
2018,02,19,7,22.8089
2018,02,20,0,21.1888
2018,02,20,1,17.1081
2018,02,20,2,15.1067
2018,02,20,3,12.8442
2018,02,20,4,12.421
2018,02,20,5,12.5938
2018,02,20,6,12.8769
2018,02,20,7,13.029399999999999
2018,02,21,0,12.7478
2018,02,21,1,12.409
2018,02,21,2,12.3017
2018,02,21,3,11.9583
2018,02,21,4,11.2179
2018,02,21,5,11.2674
2018,02,21,6,13.4739
2018,02,21,7,13.97
2018,02,22,0,11.833
2018,02,22,1,10.6699
2018,02,22,2,9.999030000000001
2018,02,22,3,9.587959999999999
2018,02,22,4,9.91417
2018,02,22,5,11.0983
2018,02,22,6,11.2499
2018,02,22,7,11.8975
2018,02,23,0,12.2995
2018,02,23,1,10.9508
2018,02,23,2,9.36327
2018,02,23,3,8.87512
2018,02,23,4,9.17006
2018,02,23,5,9.724450000000001
2018,02,23,6,9.90063
2018,02,23,7,10.44
2018,02,24,0,10.4421
2018,02,24,1,10.7757
2018,02,24,2,10.7853
2018,02,24,3,9.97086
2018,02,24,4,8.623610000000001
2018,02,24,5,7.394909999999999
2018,02,24,6,7.46446
2018,02,24,7,7.0430399999999995
2018,02,25,0,6.5234499999999995
2018,02,25,1,6.0679
2018,02,25,2,5.65583
2018,02,25,3,7.00349
2018,02,25,4,7.17529
2018,02,25,5,7.16208
2018,02,25,6,9.38777
2018,02,25,7,10.264
2018,02,26,0,9.48286
2018,02,26,1,9.312520000000001
2018,02,26,2,9.336229999999999
2018,02,26,3,9.199459999999998
2018,02,26,4,8.589889999999999
2018,02,26,5,8.01345
2018,02,26,6,7.54077
2018,02,26,7,7.65111
2018,02,27,0,6.91059
2018,02,27,1,5.87222
2018,02,27,2,4.767729999999999
2018,02,27,3,4.24628
2018,02,27,4,4.69205
2018,02,27,5,5.14742
2018,02,27,6,5.30534
2018,02,27,7,5.44598
2018,02,28,0,6.38263
2018,02,28,1,7.53592
2018,02,28,2,7.29375
2018,02,28,3,6.99545
2018,02,28,4,7.7828800000000005
2018,02,28,5,8.60383
2018,02,28,6,8.024890000000001
2018,02,28,7,8.10216
2018,02,29,0,8.87874
2018,02,29,1,10.453899999999999
2018,02,29,2,9.39002
2018,02,29,3,9.6652
2018,02,29,4,10.7302
2018,02,29,5,12.8765
2018,02,29,6,14.8164
2018,02,29,7,16.3106
2018,02,30,0,16.1078
2018,02,30,1,13.640799999999999
2018,02,30,2,11.2611
2018,02,30,3,12.5209
2018,02,30,4,13.734399999999999
2018,02,30,5,13.9192
2018,02,30,6,12.658299999999999
2018,02,30,7,10.3759
2018,02,31,0,8.943340000000001
2018,02,31,1,8.522129999999999
2018,02,31,2,7.55951
2018,02,31,3,8.918809999999999
2018,02,31,4,8.9007
2018,02,31,5,8.09132
2018,02,31,6,7.27698
2018,02,31,7,7.28134
2018,02,1,0,7.86133
2018,02,1,1,8.17549
2018,02,1,2,7.39831
2018,02,1,3,7.49675
2018,02,1,4,7.4809399999999995
2018,02,1,5,7.47142
2018,02,1,6,7.408180000000001
2018,02,1,7,7.616029999999999
2018,02,2,0,7.96337
2018,02,2,1,8.02723
2018,02,2,2,7.858029999999999
2018,02,2,3,7.9441999999999995
2018,02,2,4,8.03896
2018,02,2,5,8.003680000000001
2018,02,2,6,7.81209
2018,02,2,7,8.404819999999999
2018,02,3,0,7.58945
2018,02,3,1,8.75483
2018,02,3,2,11.5782
2018,02,3,3,13.2045
2018,02,3,4,14.1463
2018,02,3,5,15.4199
2018,02,3,6,15.4729
2018,02,3,7,17.2227
2018,02,4,0,19.968799999999998
2018,02,4,1,21.717299999999998
2018,02,4,2,21.2077
2018,02,4,3,21.765700000000002
2018,02,4,4,20.596700000000002
2018,02,4,5,18.9473
2018,02,4,6,18.2167
2018,02,4,7,17.414099999999998
2018,02,5,0,16.942
2018,02,5,1,16.9879
2018,02,5,2,19.4435
2018,02,5,3,26.422400000000003
2018,02,5,4,26.2437
2018,02,5,5,23.7521
2018,02,5,6,22.259400000000003
2018,02,5,7,22.615299999999998
2018,02,6,0,22.8871
2018,02,6,1,22.7763
2018,02,6,2,21.8032
2018,02,6,3,20.4138
2018,02,6,4,19.9202
2018,02,6,5,19.628400000000003
2018,02,6,6,20.3352
2018,02,6,7,21.4183
2018,02,7,0,22.2228
2018,02,7,1,20.7671
2018,02,7,2,17.771
2018,02,7,3,15.5252
2018,02,7,4,14.4414
2018,02,7,5,13.632700000000002
2018,02,7,6,13.7369
2018,02,7,7,13.8156
2018,02,8,0,14.2936
2018,02,8,1,15.4905
2018,02,8,2,14.8141
2018,02,8,3,14.314
2018,02,8,4,14.334
2018,02,8,5,14.5984
2018,02,8,6,13.1781
2018,02,8,7,10.9731
2018,02,9,0,9.58564
2018,02,9,1,9.19687
2018,02,9,2,9.83222
2018,02,9,3,8.72443
2018,02,9,4,7.9907200000000005
2018,02,9,5,7.80964
2018,02,9,6,8.354790000000001
2018,02,9,7,8.64593
2018,02,10,0,8.52935
2018,02,10,1,8.55691
2018,02,10,2,8.315790000000002
2018,02,10,3,8.06509
2018,02,10,4,7.81456
2018,02,10,5,7.36848
2018,02,10,6,6.24951
2018,02,10,7,6.08346
2018,02,11,0,6.16423
2018,02,11,1,6.11533
2018,02,11,2,6.15483
2018,02,11,3,6.23278
2018,02,11,4,6.54007
2018,02,11,5,6.650930000000001
2018,02,11,6,6.20983
2018,02,11,7,6.660819999999999
2018,02,12,0,7.30913
2018,02,12,1,6.97915
2018,02,12,2,6.629239999999999
2018,02,12,3,8.28425
2018,02,12,4,7.32171
2018,02,12,5,8.29991
2018,02,12,6,9.986540000000002
2018,02,12,7,9.77422
2018,02,13,0,9.80001
2018,02,13,1,7.70907
2018,02,13,2,7.115270000000001
2018,02,13,3,6.19158
2018,02,13,4,5.86664
2018,02,13,5,5.56215
2018,02,13,6,5.293159999999999
2018,02,13,7,5.35033
2018,02,14,0,6.37631
2018,02,14,1,7.57675
2018,02,14,2,7.13771
2018,02,14,3,8.08225
2018,02,14,4,9.16627
2018,02,14,5,9.59702
2018,02,14,6,9.78345
2018,02,14,7,12.8377
2018,02,15,0,14.644
2018,02,15,1,13.0679
2018,02,15,2,12.3352
2018,02,15,3,13.4396
2018,02,15,4,14.49
2018,02,15,5,12.732
2018,02,15,6,9.59326
2018,02,15,7,6.66636
2018,02,16,0,4.97363
2018,02,16,1,4.83922
2018,02,16,2,4.52241
2018,02,16,3,4.76662
2018,02,16,4,4.32932
2018,02,16,5,4.47705
2018,02,16,6,4.00668
2018,02,16,7,3.65077
2018,02,17,0,3.9438899999999997
2018,02,17,1,3.81075
2018,02,17,2,3.37569
2018,02,17,3,3.5473600000000003
2018,02,17,4,3.65997
2018,02,17,5,3.80405
2018,02,17,6,3.71041
2018,02,17,7,3.49199
2018,02,18,0,3.55701
2018,02,18,1,3.77941
2018,02,18,2,3.9465
2018,02,18,3,4.73653
2018,02,18,4,5.42808
2018,02,18,5,6.151260000000001
2018,02,18,6,5.64602
2018,02,18,7,5.07215
2018,02,19,0,4.56597
2018,02,19,1,4.602390000000001
2018,02,19,2,4.325069999999999
2018,02,19,3,4.58016
2018,02,19,4,4.585
2018,02,19,5,4.55148
2018,02,19,6,4.51306
2018,02,19,7,4.53554
2018,02,20,0,4.6132
2018,02,20,1,5.32062
2018,02,20,2,5.3703199999999995
2018,02,20,3,5.37234
2018,02,20,4,5.36746
2018,02,20,5,5.4712700000000005
2018,02,20,6,5.25601
2018,02,20,7,5.62697
2018,02,21,0,6.003430000000001
2018,02,21,1,5.814430000000001
2018,02,21,2,5.585319999999999
2018,02,21,3,5.7231000000000005
2018,02,21,4,5.81576
2018,02,21,5,6.1566
2018,02,21,6,10.283
2018,02,21,7,13.1715
2018,02,22,0,12.9398
2018,02,22,1,8.966299999999999
2018,02,22,2,6.14546
2018,02,22,3,4.92645
2018,02,22,4,4.640899999999999
2018,02,22,5,4.71017
2018,02,22,6,4.45034
2018,02,22,7,4.49863
2018,02,23,0,5.60334
2018,02,23,1,6.31119
2018,02,23,2,5.27937
2018,02,23,3,6.920529999999999
2018,02,23,4,8.25425
2018,02,23,5,8.1053
2018,02,23,6,8.802010000000001
2018,02,23,7,9.260219999999999
2018,02,24,0,9.05578
2018,02,24,1,8.208590000000001
2018,02,24,2,7.98661
2018,02,24,3,8.348870000000002
2018,02,24,4,8.285260000000001
2018,02,24,5,8.41323
2018,02,24,6,8.788590000000001
2018,02,24,7,9.44078
2018,02,25,0,9.060120000000001
2018,02,25,1,7.96997
2018,02,25,2,6.6900699999999995
2018,02,25,3,6.31188
2018,02,25,4,6.93393
2018,02,25,5,6.68789
2018,02,25,6,6.0219700000000005
2018,02,25,7,5.95013
2018,02,26,0,5.94617
2018,02,26,1,5.98742
2018,02,26,2,5.61496
2018,02,26,3,4.6618900000000005
2018,02,26,4,4.21795
2018,02,26,5,4.394699999999999
2018,02,26,6,4.67612
2018,02,26,7,4.47525
2018,02,27,0,4.747850000000001
2018,02,27,1,4.8116
2018,02,27,2,4.64173
2018,02,27,3,4.5550299999999995
2018,02,27,4,4.44989
2018,02,27,5,4.47598
2018,02,27,6,8.1203
2018,02,27,7,5.37667
2018,02,28,0,6.4489
2018,02,28,1,5.46858
2018,02,28,2,5.86921
2018,02,28,3,7.1766499999999995
2018,02,28,4,7.494890000000001
2018,02,28,5,6.67563
2018,02,28,6,7.59325
2018,02,28,7,8.938229999999999
2018,02,29,0,10.164200000000001
2018,02,29,1,9.64072
2018,02,29,2,8.50366
2018,02,29,3,9.35305
2018,02,29,4,12.3674
2018,02,29,5,11.0196
2018,02,29,6,10.029
2018,02,29,7,10.2371
2018,02,30,0,10.8351
2018,02,30,1,8.78399
2018,02,30,2,6.8426599999999995
2018,02,30,3,6.72073
2018,02,30,4,7.01508
2018,02,30,5,7.59404
2018,02,30,6,9.41631
2018,02,30,7,8.0374
2018,02,1,0,8.76279
2018,02,1,1,10.323
2018,02,1,2,10.6445
2018,02,1,3,8.71965
2018,02,1,4,10.6336
2018,02,1,5,13.3686
2018,02,1,6,14.9061
2018,02,1,7,17.2683
2018,02,2,0,18.9064
2018,02,2,1,18.941200000000002
2018,02,2,2,18.6674
2018,02,2,3,20.141
2018,02,2,4,22.4181
2018,02,2,5,25.1447
2018,02,2,6,27.181900000000002
2018,02,2,7,25.857200000000002
2018,02,3,0,24.3666
2018,02,3,1,22.799799999999998
2018,02,3,2,20.224700000000002
2018,02,3,3,17.7933
2018,02,3,4,14.7841
2018,02,3,5,14.0545
2018,02,3,6,13.8602
2018,02,3,7,13.5699
2018,02,4,0,16.7297
2018,02,4,1,18.6043
2018,02,4,2,20.7595
2018,02,4,3,19.048
2018,02,4,4,15.687299999999999
2018,02,4,5,15.7464
2018,02,4,6,14.912799999999999
2018,02,4,7,15.5566
2018,02,5,0,16.4756
2018,02,5,1,17.467599999999997
2018,02,5,2,19.015400000000003
2018,02,5,3,15.0634
2018,02,5,4,12.335600000000001
2018,02,5,5,11.6701
2018,02,5,6,12.4805
2018,02,5,7,14.976700000000001
2018,02,6,0,16.8529
2018,02,6,1,17.9998
2018,02,6,2,17.590400000000002
2018,02,6,3,15.8171
2018,02,6,4,14.255799999999999
2018,02,6,5,14.142700000000001
2018,02,6,6,13.7116
2018,02,6,7,12.5557
2018,02,7,0,14.074200000000001
2018,02,7,1,10.5431
2018,02,7,2,8.73092
2018,02,7,3,10.434299999999999
2018,02,7,4,10.2486
2018,02,7,5,9.290239999999999
2018,02,7,6,8.44333
2018,02,7,7,7.65404
2018,02,8,0,7.928
2018,02,8,1,8.47983
2018,02,8,2,9.70981
2018,02,8,3,10.5323
2018,02,8,4,10.894
2018,02,8,5,10.5386
2018,02,8,6,10.2495
2018,02,8,7,9.4285
2018,02,9,0,9.84967
2018,02,9,1,9.80611
2018,02,9,2,9.68524
2018,02,9,3,9.43143
2018,02,9,4,8.61635
2018,02,9,5,7.576560000000001
2018,02,9,6,8.02786
2018,02,9,7,8.90331
2018,02,10,0,9.502600000000001
2018,02,10,1,10.1117
2018,02,10,2,9.76366
2018,02,10,3,8.48141
2018,02,10,4,7.47978
2018,02,10,5,7.93971
2018,02,10,6,8.80629
2018,02,10,7,10.0806
2018,02,11,0,11.193100000000001
2018,02,11,1,12.479700000000001
2018,02,11,2,13.312299999999999
2018,02,11,3,12.690700000000001
2018,02,11,4,12.7235
2018,02,11,5,13.3937
2018,02,11,6,13.7371
2018,02,11,7,14.7962
2018,02,12,0,15.2711
2018,02,12,1,14.821200000000001
2018,02,12,2,12.4094
2018,02,12,3,11.2333
2018,02,12,4,10.915700000000001
2018,02,12,5,9.44498
2018,02,12,6,9.065209999999999
2018,02,12,7,9.31211
2018,02,13,0,9.559389999999999
2018,02,13,1,9.46461
2018,02,13,2,9.436549999999999
2018,02,13,3,8.897860000000001
2018,02,13,4,8.03986
2018,02,13,5,6.690180000000001
2018,02,13,6,7.95228
2018,02,13,7,7.61282
2018,02,14,0,6.86451
2018,02,14,1,6.59875
2018,02,14,2,6.45691
2018,02,14,3,4.75542
2018,02,14,4,3.96232
2018,02,14,5,4.15032
2018,02,14,6,4.64094
2018,02,14,7,4.38433
2018,02,15,0,3.92421
2018,02,15,1,2.9205
2018,02,15,2,1.96162
2018,02,15,3,2.37454
2018,02,15,4,2.47561
2018,02,15,5,2.26741
2018,02,15,6,2.44509
2018,02,15,7,2.76737
2018,02,16,0,3.75509
2018,02,16,1,4.22949
2018,02,16,2,5.27134
2018,02,16,3,5.94707
2018,02,16,4,6.17216
2018,02,16,5,6.34785
2018,02,16,6,6.12573
2018,02,16,7,6.004029999999999
2018,02,17,0,9.30716
2018,02,17,1,4.7898000000000005
2018,02,17,2,4.48418
2018,02,17,3,4.58366
2018,02,17,4,5.32132
2018,02,17,5,6.06254
2018,02,17,6,5.85039
2018,02,17,7,5.792859999999999
2018,02,18,0,6.23793
2018,02,18,1,6.40101
2018,02,18,2,6.345890000000001
2018,02,18,3,6.382479999999999
2018,02,18,4,6.53378
2018,02,18,5,6.76142
2018,02,18,6,6.73235
2018,02,18,7,6.87695
2018,02,19,0,6.778989999999999
2018,02,19,1,6.67648
2018,02,19,2,7.05933
2018,02,19,3,7.3886899999999995
2018,02,19,4,6.9003000000000005
2018,02,19,5,6.73188
2018,02,19,6,6.83444
2018,02,19,7,6.31179
2018,02,20,0,6.0895600000000005
2018,02,20,1,6.19545
2018,02,20,2,6.547560000000001
2018,02,20,3,7.6229499999999994
2018,02,20,4,7.45413
2018,02,20,5,7.05908
2018,02,20,6,6.67851
2018,02,20,7,6.52031
2018,02,21,0,6.64972
2018,02,21,1,6.9054899999999995
2018,02,21,2,8.379809999999999
2018,02,21,3,11.3286
2018,02,21,4,12.7834
2018,02,21,5,12.5245
2018,02,21,6,14.6533
2018,02,21,7,15.4922
2018,02,22,0,14.951
2018,02,22,1,14.058399999999999
2018,02,22,2,13.5351
2018,02,22,3,13.5211
2018,02,22,4,13.0918
2018,02,22,5,12.318100000000001
2018,02,22,6,12.1437
2018,02,22,7,11.935799999999999
2018,02,23,0,11.9495
2018,02,23,1,11.731399999999999
2018,02,23,2,11.1294
2018,02,23,3,10.5613
2018,02,23,4,9.61256
2018,02,23,5,8.84309
2018,02,23,6,8.575
2018,02,23,7,8.85049
2018,02,24,0,9.74
2018,02,24,1,10.681899999999999
2018,02,24,2,12.1765
2018,02,24,3,11.240200000000002
2018,02,24,4,10.608600000000001
2018,02,24,5,10.1665
2018,02,24,6,10.669799999999999
2018,02,24,7,11.7322
2018,02,25,0,12.0878
2018,02,25,1,12.4032
2018,02,25,2,12.6071
2018,02,25,3,12.085899999999999
2018,02,25,4,10.5825
2018,02,25,5,9.16305
2018,02,25,6,8.683959999999999
2018,02,25,7,9.330350000000001
2018,02,26,0,9.39267
2018,02,26,1,9.33696
2018,02,26,2,10.0605
2018,02,26,3,10.6389
2018,02,26,4,10.5034
2018,02,26,5,10.754
2018,02,26,6,11.375
2018,02,26,7,11.6526
2018,02,27,0,11.346
2018,02,27,1,10.735100000000001
2018,02,27,2,10.2636
2018,02,27,3,10.236600000000001
2018,02,27,4,10.1768
2018,02,27,5,9.634139999999999
2018,02,27,6,9.88818
2018,02,27,7,10.2672
2018,02,28,0,9.33234
2018,02,28,1,8.153229999999999
2018,02,28,2,7.846550000000001
2018,02,28,3,7.95964
2018,02,28,4,8.00106
2018,02,28,5,7.80679
2018,02,28,6,6.938359999999999
2018,02,28,7,6.3005
2018,02,29,0,6.61024
2018,02,29,1,6.350359999999999
2018,02,29,2,5.08079
2018,02,29,3,6.95164
2018,02,29,4,6.603800000000001
2018,02,29,5,9.53615
2018,02,29,6,7.28949
2018,02,29,7,6.5172
2018,02,30,0,7.79058
2018,02,30,1,11.1693
2018,02,30,2,9.44467
2018,02,30,3,6.70551
2018,02,30,4,6.37074
2018,02,30,5,6.13383
2018,02,30,6,4.56566
2018,02,30,7,3.2925500000000003
2018,02,31,0,2.90677
2018,02,31,1,3.2167800000000004
2018,02,31,2,3.8547399999999996
2018,02,31,3,4.447850000000001
2018,02,31,4,5.669
2018,02,31,5,7.6136
2018,02,31,6,8.67934
2018,02,31,7,7.96591
2018,02,1,0,7.77832
2018,02,1,1,7.7478
2018,02,1,2,8.81349
2018,02,1,3,11.4658
2018,02,1,4,14.600700000000002
2018,02,1,5,15.8186
2018,02,1,6,14.1311
2018,02,1,7,13.4685
2018,02,2,0,12.9006
2018,02,2,1,12.3303
2018,02,2,2,12.7254
2018,02,2,3,12.5364
2018,02,2,4,10.192200000000001
2018,02,2,5,8.844700000000001
2018,02,2,6,9.46064
2018,02,2,7,8.25474
2018,02,3,0,8.461979999999999
2018,02,3,1,7.25356
2018,02,3,2,7.80384
2018,02,3,3,8.72804
2018,02,3,4,9.79726
2018,02,3,5,10.2256
2018,02,3,6,13.0591
2018,02,3,7,14.2884
2018,02,4,0,18.333299999999998
2018,02,4,1,16.578400000000002
2018,02,4,2,9.8625
2018,02,4,3,13.7787
2018,02,4,4,11.7868
2018,02,4,5,10.1247
2018,02,4,6,10.3452
2018,02,4,7,10.8572
2018,02,5,0,11.405
2018,02,5,1,10.7084
2018,02,5,2,10.0198
2018,02,5,3,10.687100000000001
2018,02,5,4,10.4382
2018,02,5,5,13.579
2018,02,5,6,12.7332
2018,02,5,7,11.4931
2018,02,6,0,11.4776
2018,02,6,1,10.8291
2018,02,6,2,9.64674
2018,02,6,3,8.86109
2018,02,6,4,7.84396
2018,02,6,5,6.44022
2018,02,6,6,7.27419
2018,02,6,7,6.54359
2018,02,7,0,5.93154
2018,02,7,1,5.64208
2018,02,7,2,5.62862
2018,02,7,3,5.90397
2018,02,7,4,6.05487
2018,02,7,5,6.61001
2018,02,7,6,7.77553
2018,02,7,7,8.345030000000001
2018,02,8,0,8.82874
2018,02,8,1,7.082020000000001
2018,02,8,2,5.99206
2018,02,8,3,5.865600000000001
2018,02,8,4,5.362310000000001
2018,02,8,5,3.68717
2018,02,8,6,2.23899
2018,02,8,7,1.38775
2018,02,9,0,1.3211600000000001
2018,02,9,1,1.6421199999999998
2018,02,9,2,1.6864400000000002
2018,02,9,3,1.82094
2018,02,9,4,2.00949
2018,02,9,5,2.01979
2018,02,9,6,1.99044
2018,02,9,7,1.65933
2018,02,10,0,1.66552
2018,02,10,1,1.99041
2018,02,10,2,2.41185
2018,02,10,3,2.3502899999999998
2018,02,10,4,2.4835
2018,02,10,5,2.64779
2018,02,10,6,3.01776
2018,02,10,7,3.01787
2018,02,11,0,3.0729699999999998
2018,02,11,1,2.78543
2018,02,11,2,2.88935
2018,02,11,3,3.7864
2018,02,11,4,3.56996
2018,02,11,5,2.7445
2018,02,11,6,2.08863
2018,02,11,7,1.41678
2018,02,12,0,1.4353
2018,02,12,1,1.6454000000000002
2018,02,12,2,1.81981
2018,02,12,3,2.13367
2018,02,12,4,2.20524
2018,02,12,5,2.29535
2018,02,12,6,2.3113699999999997
2018,02,12,7,2.61469
2018,02,13,0,2.6541799999999998
2018,02,13,1,2.58365
2018,02,13,2,2.77787
2018,02,13,3,3.01933
2018,02,13,4,3.2360700000000002
2018,02,13,5,3.41935
2018,02,13,6,3.44522
2018,02,13,7,3.8885
2018,02,14,0,4.34989
2018,02,14,1,4.95317
2018,02,14,2,5.714600000000001
2018,02,14,3,6.3179799999999995
2018,02,14,4,6.23912
2018,02,14,5,5.56574
2018,02,14,6,5.04905
2018,02,14,7,5.15853
2018,02,15,0,5.37268
2018,02,15,1,5.75196
2018,02,15,2,5.88347
2018,02,15,3,5.91493
2018,02,15,4,6.11097
2018,02,15,5,6.4475299999999995
2018,02,15,6,6.53979
2018,02,15,7,6.53563
2018,02,16,0,6.48264
2018,02,16,1,6.57836
2018,02,16,2,7.120010000000001
2018,02,16,3,7.70399
2018,02,16,4,7.87406
2018,02,16,5,7.71126
2018,02,16,6,7.28993
2018,02,16,7,6.875229999999999
2018,02,17,0,6.61475
2018,02,17,1,6.49
2018,02,17,2,6.32413
2018,02,17,3,6.28927
2018,02,17,4,6.37959
2018,02,17,5,6.26948
2018,02,17,6,5.79446
2018,02,17,7,5.51617
2018,02,18,0,5.48067
2018,02,18,1,5.499350000000001
2018,02,18,2,5.24824
2018,02,18,3,5.70104
2018,02,18,4,6.78256
2018,02,18,5,6.80115
2018,02,18,6,6.41132
2018,02,18,7,5.3636
2018,02,19,0,4.86352
2018,02,19,1,4.618399999999999
2018,02,19,2,4.7005799999999995
2018,02,19,3,4.80954
2018,02,19,4,4.44012
2018,02,19,5,3.6892600000000004
2018,02,19,6,3.4106
2018,02,19,7,2.5310900000000003
2018,02,20,0,2.49685
2018,02,20,1,3.0622399999999996
2018,02,20,2,3.96649
2018,02,20,3,5.2673000000000005
2018,02,20,4,6.223529999999999
2018,02,20,5,6.45592
2018,02,20,6,5.967350000000001
2018,02,20,7,5.705979999999999
2018,02,21,0,5.511340000000001
2018,02,21,1,5.1665
2018,02,21,2,5.460100000000001
2018,02,21,3,5.4933000000000005
2018,02,21,4,5.5075
2018,02,21,5,5.73553
2018,02,21,6,7.03181
2018,02,21,7,9.23443
2018,02,22,0,10.5815
2018,02,22,1,11.5148
2018,02,22,2,10.1521
2018,02,22,3,11.7484
2018,02,22,4,8.97313
2018,02,22,5,7.21501
2018,02,22,6,6.67186
2018,02,22,7,6.04974
2018,02,23,0,6.86664
2018,02,23,1,7.87236
2018,02,23,2,8.74315
2018,02,23,3,10.853299999999999
2018,02,23,4,12.3695
2018,02,23,5,13.2073
2018,02,23,6,14.08
2018,02,23,7,14.857
2018,02,24,0,14.8816
2018,02,24,1,14.2869
2018,02,24,2,12.7002
2018,02,24,3,12.4481
2018,02,24,4,11.6174
2018,02,24,5,11.0718
2018,02,24,6,11.1004
2018,02,24,7,10.5421
2018,02,25,0,11.303
2018,02,25,1,12.5328
2018,02,25,2,9.648010000000001
2018,02,25,3,8.304649999999999
2018,02,25,4,8.66126
2018,02,25,5,8.98933
2018,02,25,6,9.617030000000002
2018,02,25,7,9.09637
2018,02,26,0,7.17651
2018,02,26,1,6.225140000000001
2018,02,26,2,5.36304
2018,02,26,3,4.59619
2018,02,26,4,4.287529999999999
2018,02,26,5,4.25293
2018,02,26,6,5.70507
2018,02,26,7,7.7199
2018,02,27,0,9.20384
2018,02,27,1,10.3559
2018,02,27,2,11.6256
2018,02,27,3,13.325
2018,02,27,4,11.3241
2018,02,27,5,9.16403
2018,02,27,6,10.7087
2018,02,27,7,12.077200000000001
2018,02,28,0,10.3816
2018,02,28,1,11.8352
2018,02,28,2,9.38025
2018,02,28,3,9.74424
2018,02,28,4,11.8263
2018,02,28,5,12.4161
2018,02,28,6,14.758899999999999
2018,02,28,7,15.0572
2018,02,29,0,15.822
2018,02,29,1,15.2131
2018,02,29,2,15.0985
2018,02,29,3,16.3995
2018,02,29,4,14.7851
2018,02,29,5,13.9863
2018,02,29,6,10.3779
2018,02,29,7,7.795850000000001
2018,02,30,0,9.526299999999999
2018,02,30,1,9.999030000000001
2018,02,30,2,10.519
2018,02,30,3,9.16735
2018,02,30,4,9.082559999999999
2018,02,30,5,8.52961
2018,02,30,6,8.291
2018,02,30,7,8.21272
2018,02,1,0,8.56254
2018,02,1,1,8.19283
2018,02,1,2,7.73604
2018,02,1,3,7.03727
2018,02,1,4,6.5477799999999995
2018,02,1,5,5.68105
2018,02,1,6,6.189
2018,02,1,7,7.70022
2018,02,2,0,7.865810000000001
2018,02,2,1,5.54116
2018,02,2,2,3.51973
2018,02,2,3,3.69083
2018,02,2,4,4.39935
2018,02,2,5,5.0771999999999995
2018,02,2,6,4.6773299999999995
2018,02,2,7,4.1193599999999995
2018,02,3,0,4.25093
2018,02,3,1,4.78714
2018,02,3,2,5.497739999999999
2018,02,3,3,5.93146
2018,02,3,4,5.46394
2018,02,3,5,5.09135
2018,02,3,6,5.54704
2018,02,3,7,4.568689999999999
2018,02,4,0,7.14004
2018,02,4,1,8.10674
2018,02,4,2,7.925800000000001
2018,02,4,3,9.21801
2018,02,4,4,9.95073
2018,02,4,5,9.188360000000001
2018,02,4,6,9.672930000000001
2018,02,4,7,8.39567
2018,02,5,0,8.39675
2018,02,5,1,8.850620000000001
2018,02,5,2,8.46095
2018,02,5,3,8.88924
2018,02,5,4,8.22932
2018,02,5,5,6.00879
2018,02,5,6,6.175
2018,02,5,7,7.1649899999999995
2018,02,6,0,6.9785200000000005
2018,02,6,1,6.72435
2018,02,6,2,7.06381
2018,02,6,3,7.92096
2018,02,6,4,8.88028
2018,02,6,5,10.024799999999999
2018,02,6,6,10.509
2018,02,6,7,11.2361
2018,02,7,0,11.926200000000001
2018,02,7,1,12.2534
2018,02,7,2,11.6775
2018,02,7,3,11.0676
2018,02,7,4,10.5139
2018,02,7,5,9.66757
2018,02,7,6,7.82817
2018,02,7,7,7.2952200000000005
2018,02,8,0,7.1257
2018,02,8,1,7.54234
2018,02,8,2,7.67019
2018,02,8,3,7.43636
2018,02,8,4,6.91502
2018,02,8,5,6.1885200000000005
2018,02,8,6,5.27188
2018,02,8,7,4.9654799999999994
2018,02,9,0,4.9128
2018,02,9,1,5.1544099999999995
2018,02,9,2,5.43961
2018,02,9,3,5.59498
2018,02,9,4,5.43346
2018,02,9,5,5.42066
2018,02,9,6,5.64607
2018,02,9,7,6.74634
2018,02,10,0,7.86132
2018,02,10,1,7.94192
2018,02,10,2,7.29275
2018,02,10,3,6.60052
2018,02,10,4,6.08077
2018,02,10,5,6.37581
2018,02,10,6,6.594180000000001
2018,02,10,7,5.70981
2018,02,11,0,6.015020000000001
2018,02,11,1,6.16348
2018,02,11,2,5.88693
2018,02,11,3,5.8786700000000005
2018,02,11,4,5.24685
2018,02,11,5,5.43614
2018,02,11,6,5.55798
2018,02,11,7,5.26168
2018,02,12,0,4.89367
2018,02,12,1,4.81137
2018,02,12,2,5.36878
2018,02,12,3,6.33082
2018,02,12,4,5.53814
2018,02,12,5,5.1376599999999994
2018,02,12,6,7.4032
2018,02,12,7,4.32664
2018,02,13,0,4.05647
2018,02,13,1,4.824439999999999
2018,02,13,2,5.91895
2018,02,13,3,6.6794899999999995
2018,02,13,4,7.948840000000001
2018,02,13,5,7.774439999999999
2018,02,13,6,7.473409999999999
2018,02,13,7,7.19331
2018,02,14,0,6.47636
2018,02,14,1,6.14388
2018,02,14,2,6.113729999999999
2018,02,14,3,6.10337
2018,02,14,4,6.93798
2018,02,14,5,7.32021
2018,02,14,6,8.20276
2018,02,14,7,6.5126800000000005
2018,02,15,0,7.6035200000000005
2018,02,15,1,7.60907
2018,02,15,2,5.285819999999999
2018,02,15,3,4.64586
2018,02,15,4,4.42375
2018,02,15,5,4.19233
2018,02,15,6,4.5821499999999995
2018,02,15,7,5.62557
2018,02,16,0,6.3300600000000005
2018,02,16,1,5.89825
2018,02,16,2,5.83512
2018,02,16,3,6.24251
2018,02,16,4,6.478899999999999
2018,02,16,5,6.4709200000000004
2018,02,16,6,7.2083699999999995
2018,02,16,7,8.42744
2018,02,17,0,7.8086400000000005
2018,02,17,1,8.29671
2018,02,17,2,9.63223
2018,02,17,3,11.7971
2018,02,17,4,10.725100000000001
2018,02,17,5,9.711379999999998
2018,02,17,6,9.592979999999999
2018,02,17,7,8.428180000000001
2018,02,18,0,8.0444
2018,02,18,1,9.8003
2018,02,18,2,11.7615
2018,02,18,3,12.2834
2018,02,18,4,10.3018
2018,02,18,5,7.6894
2018,02,18,6,7.2621
2018,02,18,7,5.98515
2018,02,19,0,5.94044
2018,02,19,1,6.896
2018,02,19,2,6.23537
2018,02,19,3,5.97851
2018,02,19,4,5.36724
2018,02,19,5,6.0015600000000004
2018,02,19,6,7.03272
2018,02,19,7,7.0449399999999995
2018,02,20,0,6.608689999999999
2018,02,20,1,6.54549
2018,02,20,2,6.64539
2018,02,20,3,5.95317
2018,02,20,4,5.0482
2018,02,20,5,4.58299
2018,02,20,6,4.92717
2018,02,20,7,5.7296700000000005
2018,02,21,0,5.35676
2018,02,21,1,5.4061
2018,02,21,2,6.05804
2018,02,21,3,8.5792
2018,02,21,4,11.1859
2018,02,21,5,16.2067
2018,02,21,6,11.117700000000001
2018,02,21,7,10.6014
2018,02,22,0,9.56264
2018,02,22,1,8.099310000000001
2018,02,22,2,7.722479999999999
2018,02,22,3,7.31658
2018,02,22,4,8.30715
2018,02,22,5,6.1105
2018,02,22,6,7.40199
2018,02,22,7,7.27804
2018,02,23,0,8.38675
2018,02,23,1,9.51894
2018,02,23,2,9.87725
2018,02,23,3,10.002799999999999
2018,02,23,4,10.5317
2018,02,23,5,10.7708
2018,02,23,6,11.635
2018,02,23,7,12.8065
2018,02,24,0,12.854299999999999
2018,02,24,1,11.7683
2018,02,24,2,10.5628
2018,02,24,3,10.6091
2018,02,24,4,10.7826
2018,02,24,5,11.1507
2018,02,24,6,12.1691
2018,02,24,7,12.1569
2018,02,25,0,11.0029
2018,02,25,1,10.8551
2018,02,25,2,11.02
2018,02,25,3,9.419540000000001
2018,02,25,4,7.424930000000001
2018,02,25,5,6.18075
2018,02,25,6,8.28287
2018,02,25,7,9.57472
2018,02,26,0,7.8680200000000005
2018,02,26,1,6.77118
2018,02,26,2,5.831189999999999
2018,02,26,3,5.13363
2018,02,26,4,4.3308
2018,02,26,5,4.31983
2018,02,26,6,5.67979
2018,02,26,7,4.73622
2018,02,27,0,3.3503600000000002
2018,02,27,1,3.7744400000000002
2018,02,27,2,5.31162
2018,02,27,3,6.16874
2018,02,27,4,6.60484
2018,02,27,5,5.77139
2018,02,27,6,4.108899999999999
2018,02,27,7,3.52373
2018,02,28,0,4.08249
2018,02,28,1,4.40815
2018,02,28,2,4.50784
2018,02,28,3,3.8958000000000004
2018,02,28,4,3.29864
2018,02,28,5,3.44788
2018,02,28,6,3.1436599999999997
2018,02,28,7,2.74954
2018,02,29,0,2.7704400000000002
2018,02,29,1,3.07991
2018,02,29,2,3.80315
2018,02,29,3,4.294989999999999
2018,02,29,4,4.503340000000001
2018,02,29,5,4.94596
2018,02,29,6,5.86805
2018,02,29,7,7.8927700000000005
2018,02,30,0,9.689860000000001
2018,02,30,1,8.91288
2018,02,30,2,7.84752
2018,02,30,3,6.80708
2018,02,30,4,7.49417
2018,02,30,5,7.61854
2018,02,30,6,5.1842299999999994
2018,02,30,7,4.09693
2018,02,31,0,4.9423900000000005
2018,02,31,1,7.25845
2018,02,31,2,7.7628
2018,02,31,3,6.79047
2018,02,31,4,5.02707
2018,02,31,5,3.78615
2018,02,31,6,2.7272
2018,02,31,7,2.3815500000000003
2019,02,1,0,2.30241
2019,02,1,1,2.3409899999999997
2019,02,1,2,2.67299
2019,02,1,3,2.8162
2019,02,1,4,2.43651
2019,02,1,5,2.4918899999999997
2019,02,1,6,2.4387800000000004
2019,02,1,7,2.2196100000000003
2019,02,2,0,3.21229
2019,02,2,1,5.58629
2019,02,2,2,6.225779999999999
2019,02,2,3,6.16076
2019,02,2,4,5.5833900000000005
2019,02,2,5,5.73924
2019,02,2,6,5.81184
2019,02,2,7,5.938
2019,02,3,0,5.78151
2019,02,3,1,5.7206
2019,02,3,2,5.89412
2019,02,3,3,6.297479999999999
2019,02,3,4,6.6235100000000005
2019,02,3,5,7.11982
2019,02,3,6,7.546930000000001
2019,02,3,7,7.5191099999999995
2019,02,4,0,7.68799
2019,02,4,1,7.52114
2019,02,4,2,7.1082
2019,02,4,3,6.719939999999999
2019,02,4,4,6.22215
2019,02,4,5,5.561439999999999
2019,02,4,6,5.09016
2019,02,4,7,5.74856
2019,02,5,0,5.69413
2019,02,5,1,4.95962
2019,02,5,2,5.34616
2019,02,5,3,6.20526
2019,02,5,4,5.65986
2019,02,5,5,6.49272
2019,02,5,6,8.14091
2019,02,5,7,8.08793
2019,02,6,0,8.17102
2019,02,6,1,9.847790000000002
2019,02,6,2,9.941120000000002
2019,02,6,3,8.61782
2019,02,6,4,7.23724
2019,02,6,5,5.86993
2019,02,6,6,6.81157
2019,02,6,7,7.56419
2019,02,7,0,8.423530000000001
2019,02,7,1,9.28807
2019,02,7,2,9.26492
2019,02,7,3,8.909040000000001
2019,02,7,4,10.007
2019,02,7,5,11.4701
2019,02,7,6,12.8104
2019,02,7,7,12.4937
2019,02,8,0,13.2813
2019,02,8,1,14.4076
2019,02,8,2,14.5282
2019,02,8,3,14.6961
2019,02,8,4,14.2752
2019,02,8,5,13.196399999999999
2019,02,8,6,13.9426
2019,02,8,7,14.717799999999999
2019,02,9,0,12.1141
2019,02,9,1,11.788
2019,02,9,2,10.9653
2019,02,9,3,8.73017
2019,02,9,4,8.38355
2019,02,9,5,8.43882
2019,02,9,6,9.68925
2019,02,9,7,10.843200000000001
2019,02,10,0,11.2437
2019,02,10,1,11.8714
2019,02,10,2,10.8705
2019,02,10,3,7.86901
2019,02,10,4,6.2822700000000005
2019,02,10,5,7.300859999999999
2019,02,10,6,7.54033
2019,02,10,7,6.5191300000000005
2019,02,11,0,6.56013
2019,02,11,1,7.28618
2019,02,11,2,8.29353
2019,02,11,3,8.969809999999999
2019,02,11,4,8.53576
2019,02,11,5,9.0194
2019,02,11,6,8.70482
2019,02,11,7,8.522530000000001
2019,02,12,0,8.18802
2019,02,12,1,7.93093
2019,02,12,2,7.98126
2019,02,12,3,7.399520000000001
2019,02,12,4,7.296390000000001
2019,02,12,5,7.07312
2019,02,12,6,7.8148800000000005
2019,02,12,7,8.737110000000001
2019,02,13,0,8.961120000000001
2019,02,13,1,6.92664
2019,02,13,2,4.39585
2019,02,13,3,4.0783499999999995
2019,02,13,4,4.33579
2019,02,13,5,4.31598
2019,02,13,6,4.67411
2019,02,13,7,4.14561
2019,02,14,0,4.05929
2019,02,14,1,4.32787
2019,02,14,2,5.65355
2019,02,14,3,6.30506
2019,02,14,4,8.45556
2019,02,14,5,9.127049999999999
2019,02,14,6,9.72248
2019,02,14,7,10.2156
2019,02,15,0,10.963899999999999
2019,02,15,1,11.3292
2019,02,15,2,10.5511
2019,02,15,3,9.09476
2019,02,15,4,9.62644
2019,02,15,5,10.815
2019,02,15,6,11.777
2019,02,15,7,12.0009
2019,02,16,0,12.3945
2019,02,16,1,11.7034
2019,02,16,2,9.421389999999999
2019,02,16,3,9.61932
2019,02,16,4,8.83007
2019,02,16,5,8.892430000000001
2019,02,16,6,10.1956
2019,02,16,7,10.4426
2019,02,17,0,12.402299999999999
2019,02,17,1,14.693200000000001
2019,02,17,2,16.3628
2019,02,17,3,15.4951
2019,02,17,4,15.375399999999999
2019,02,17,5,15.0197
2019,02,17,6,10.5515
2019,02,17,7,9.67213
2019,02,18,0,11.4441
2019,02,18,1,10.245
2019,02,18,2,9.658209999999999
2019,02,18,3,10.383799999999999
2019,02,18,4,9.97688
2019,02,18,5,10.1302
2019,02,18,6,11.0558
2019,02,18,7,10.7126
2019,02,19,0,9.648129999999998
2019,02,19,1,8.69615
2019,02,19,2,8.68302
2019,02,19,3,8.96936
2019,02,19,4,8.99492
2019,02,19,5,8.875020000000001
2019,02,19,6,8.53358
2019,02,19,7,8.680530000000001
2019,02,20,0,8.51012
2019,02,20,1,8.84606
2019,02,20,2,8.84225
2019,02,20,3,8.63954
2019,02,20,4,8.26202
2019,02,20,5,6.7290600000000005
2019,02,20,6,8.214739999999999
2019,02,20,7,9.75157
2019,02,21,0,9.3576
2019,02,21,1,10.8163
2019,02,21,2,10.5845
2019,02,21,3,5.89254
2019,02,21,4,4.46416
2019,02,21,5,4.99541
2019,02,21,6,5.78688
2019,02,21,7,5.89667
2019,02,22,0,5.39833
2019,02,22,1,4.89861
2019,02,22,2,4.39561
2019,02,22,3,3.86544
2019,02,22,4,3.51953
2019,02,22,5,3.37479
2019,02,22,6,3.52702
2019,02,22,7,4.15718
2019,02,23,0,4.36228
2019,02,23,1,4.6285
2019,02,23,2,5.2897
2019,02,23,3,6.060770000000001
2019,02,23,4,5.97767
2019,02,23,5,5.84403
2019,02,23,6,6.539689999999999
2019,02,23,7,6.45383
2019,02,24,0,6.48895
2019,02,24,1,7.82172
2019,02,24,2,9.070219999999999
2019,02,24,3,7.98255
2019,02,24,4,6.60713
2019,02,24,5,5.49726
2019,02,24,6,5.59164
2019,02,24,7,5.12515
2019,02,25,0,4.58784
2019,02,25,1,4.16486
2019,02,25,2,3.7690300000000003
2019,02,25,3,3.5699
2019,02,25,4,3.5561700000000003
2019,02,25,5,3.29707
2019,02,25,6,3.20448
2019,02,25,7,3.48058
2019,02,26,0,4.16247
2019,02,26,1,4.324229999999999
2019,02,26,2,3.9255500000000003
2019,02,26,3,3.95395
2019,02,26,4,4.2768999999999995
2019,02,26,5,4.3913199999999994
2019,02,26,6,4.73046
2019,02,26,7,5.50654
2019,02,27,0,5.7971
2019,02,27,1,6.12526
2019,02,27,2,6.96284
2019,02,27,3,7.5263800000000005
2019,02,27,4,7.94331
2019,02,27,5,7.98947
2019,02,27,6,8.47366
2019,02,27,7,8.6606
2019,02,28,0,8.6869
2019,02,28,1,9.527280000000001
2019,02,28,2,10.8264
2019,02,28,3,11.3889
2019,02,28,4,10.2691
2019,02,28,5,10.1986
2019,02,28,6,11.6098
2019,02,28,7,12.1048
2019,02,29,0,11.645
2019,02,29,1,9.526129999999998
2019,02,29,2,9.07726
2019,02,29,3,9.41466
2019,02,29,4,9.27495
2019,02,29,5,10.491700000000002
2019,02,29,6,11.4685
2019,02,29,7,12.3545
2019,02,30,0,12.3295
2019,02,30,1,11.595600000000001
2019,02,30,2,11.06
2019,02,30,3,11.203299999999999
2019,02,30,4,11.5161
2019,02,30,5,11.587399999999999
2019,02,30,6,11.7698
2019,02,30,7,12.5809
2019,02,31,0,12.6138
2019,02,31,1,11.9161
2019,02,31,2,11.507299999999999
2019,02,31,3,12.4491
2019,02,31,4,19.381700000000002
2019,02,31,5,12.2896
2019,02,31,6,12.975
2019,02,31,7,13.456700000000001
2019,02,1,0,13.5547
2019,02,1,1,12.667
2019,02,1,2,12.0557
2019,02,1,3,10.6827
2019,02,1,4,8.94481
2019,02,1,5,8.848559999999999
2019,02,1,6,10.219700000000001
2019,02,1,7,12.2103
2019,02,2,0,14.1329
2019,02,2,1,14.1229
2019,02,2,2,17.4995
2019,02,2,3,17.447599999999998
2019,02,2,4,17.1371
2019,02,2,5,14.500200000000001
2019,02,2,6,15.0778
2019,02,2,7,15.786
2019,02,3,0,13.198799999999999
2019,02,3,1,9.94155
2019,02,3,2,8.4906
2019,02,3,3,8.26149
2019,02,3,4,8.73662
2019,02,3,5,8.61168
2019,02,3,6,8.32335
2019,02,3,7,6.86425
2019,02,4,0,7.4358699999999995
2019,02,4,1,7.84042
2019,02,4,2,7.48088
2019,02,4,3,8.00491
2019,02,4,4,9.25641
2019,02,4,5,9.29317
2019,02,4,6,8.58015
2019,02,4,7,5.8294
2019,02,5,0,6.8813699999999995
2019,02,5,1,6.05045
2019,02,5,2,6.61098
2019,02,5,3,6.02831
2019,02,5,4,4.912100000000001
2019,02,5,5,4.9909
2019,02,5,6,5.18756
2019,02,5,7,4.905270000000001
2019,02,6,0,2.5100700000000002
2019,02,6,1,2.9740900000000003
2019,02,6,2,2.77555
2019,02,6,3,3.0639499999999997
2019,02,6,4,3.00939
2019,02,6,5,2.56092
2019,02,6,6,2.59953
2019,02,6,7,3.19616
2019,02,7,0,3.41907
2019,02,7,1,3.47454
2019,02,7,2,3.19376
2019,02,7,3,3.30755
2019,02,7,4,3.45266
2019,02,7,5,3.67724
2019,02,7,6,3.89777
2019,02,7,7,3.99639
2019,02,8,0,4.437930000000001
2019,02,8,1,5.04413
2019,02,8,2,4.03701
2019,02,8,3,3.2143699999999997
2019,02,8,4,3.04057
2019,02,8,5,3.1118
2019,02,8,6,3.5143
2019,02,8,7,4.25155
2019,02,9,0,5.2872200000000005
2019,02,9,1,5.6175500000000005
2019,02,9,2,6.4423900000000005
2019,02,9,3,6.89258
2019,02,9,4,6.55321
2019,02,9,5,6.24975
2019,02,9,6,4.71579
2019,02,9,7,4.25348
2019,02,10,0,5.12069
2019,02,10,1,4.894729999999999
2019,02,10,2,4.25861
2019,02,10,3,4.3895100000000005
2019,02,10,4,4.09492
2019,02,10,5,4.68147
2019,02,10,6,6.79922
2019,02,10,7,4.42605
2019,02,11,0,2.90095
2019,02,11,1,2.5674699999999997
2019,02,11,2,2.24012
2019,02,11,3,2.3563
2019,02,11,4,2.22337
2019,02,11,5,2.53116
2019,02,11,6,2.62368
2019,02,11,7,2.7168200000000002
2019,02,12,0,3.23098
2019,02,12,1,3.3874
2019,02,12,2,2.77235
2019,02,12,3,2.42179
2019,02,12,4,2.96852
2019,02,12,5,3.48003
2019,02,12,6,4.57634
2019,02,12,7,4.95676
2019,02,13,0,5.3931000000000004
2019,02,13,1,6.57729
2019,02,13,2,8.35939
2019,02,13,3,10.4878
2019,02,13,4,12.4257
2019,02,13,5,14.636299999999999
2019,02,13,6,16.429299999999998
2019,02,13,7,14.6082
2019,02,14,0,11.2874
2019,02,14,1,10.4175
2019,02,14,2,11.064
2019,02,14,3,12.968200000000001
2019,02,14,4,14.897200000000002
2019,02,14,5,17.2072
2019,02,14,6,18.35
2019,02,14,7,13.0108
2019,02,15,0,7.5975
2019,02,15,1,6.0692200000000005
2019,02,15,2,4.03337
2019,02,15,3,3.07309
2019,02,15,4,3.28612
2019,02,15,5,4.0446
2019,02,15,6,5.1922
2019,02,15,7,5.39403
2019,02,16,0,5.70185
2019,02,16,1,6.02158
2019,02,16,2,5.5774099999999995
2019,02,16,3,4.2654
2019,02,16,4,4.35232
2019,02,16,5,4.47872
2019,02,16,6,4.630850000000001
2019,02,16,7,4.37342
2019,02,17,0,4.34509
2019,02,17,1,4.47296
2019,02,17,2,4.59483
2019,02,17,3,4.549060000000001
2019,02,17,4,3.6831799999999997
2019,02,17,5,4.07401
2019,02,17,6,4.41214
2019,02,17,7,5.616680000000001
2019,02,18,0,6.290439999999999
2019,02,18,1,5.9803500000000005
2019,02,18,2,5.20817
2019,02,18,3,4.818890000000001
2019,02,18,4,4.5153
2019,02,18,5,4.25295
2019,02,18,6,3.5641599999999998
2019,02,18,7,2.96905
2019,02,19,0,2.90921
2019,02,19,1,3.03181
2019,02,19,2,3.10379
2019,02,19,3,3.02319
2019,02,19,4,2.7886100000000003
2019,02,19,5,2.9299299999999997
2019,02,19,6,2.9083699999999997
2019,02,19,7,3.16061
2019,02,20,0,4.13253
2019,02,20,1,4.6831700000000005
2019,02,20,2,5.91207
2019,02,20,3,5.35461
2019,02,20,4,5.34446
2019,02,20,5,5.308590000000001
2019,02,20,6,5.19031
2019,02,20,7,5.00547
2019,02,21,0,5.398479999999999
2019,02,21,1,6.24955
2019,02,21,2,6.92542
2019,02,21,3,6.48552
2019,02,21,4,4.76361
2019,02,21,5,3.9198600000000003
2019,02,21,6,3.2402399999999996
2019,02,21,7,2.79758
2019,02,22,0,3.1311799999999996
2019,02,22,1,3.8426199999999997
2019,02,22,2,4.61151
2019,02,22,3,4.35264
2019,02,22,4,3.6238
2019,02,22,5,2.88849
2019,02,22,6,2.49436
2019,02,22,7,2.40363
2019,02,23,0,2.91124
2019,02,23,1,2.56705
2019,02,23,2,2.18002
2019,02,23,3,1.94622
2019,02,23,4,2.32964
2019,02,23,5,2.77029
2019,02,23,6,3.66024
2019,02,23,7,5.04063
2019,02,24,0,6.1766499999999995
2019,02,24,1,7.192810000000001
2019,02,24,2,7.1004499999999995
2019,02,24,3,7.4936300000000005
2019,02,24,4,7.7431
2019,02,24,5,7.41688
2019,02,24,6,8.11546
2019,02,24,7,8.68015
2019,02,25,0,9.6271
2019,02,25,1,10.1805
2019,02,25,2,9.82584
2019,02,25,3,10.5864
2019,02,25,4,9.05988
2019,02,25,5,8.14733
2019,02,25,6,7.68292
2019,02,25,7,8.11604
2019,02,26,0,8.5788
2019,02,26,1,8.19056
2019,02,26,2,7.7527
2019,02,26,3,6.92068
2019,02,26,4,6.84519
2019,02,26,5,7.500979999999999
2019,02,26,6,8.54181
2019,02,26,7,8.84391
2019,02,27,0,9.18174
2019,02,27,1,9.26799
2019,02,27,2,9.832540000000002
2019,02,27,3,9.810889999999999
2019,02,27,4,9.234219999999999
2019,02,27,5,7.847189999999999
2019,02,27,6,8.49343
2019,02,27,7,8.71215
2019,02,28,0,8.26111
2019,02,28,1,7.46111
2019,02,28,2,7.79622
2019,02,28,3,8.276440000000001
2019,02,28,4,7.874140000000001
2019,02,28,5,7.29498
2019,02,28,6,7.638529999999999
2019,02,28,7,7.48521
2019,02,1,0,9.359620000000001
2019,02,1,1,7.65362
2019,02,1,2,6.6805900000000005
2019,02,1,3,5.64973
2019,02,1,4,5.4013800000000005
2019,02,1,5,5.56289
2019,02,1,6,7.97723
2019,02,1,7,10.6102
2019,02,2,0,12.0963
2019,02,2,1,11.7475
2019,02,2,2,13.3083
2019,02,2,3,16.1945
2019,02,2,4,15.2356
2019,02,2,5,16.715
2019,02,2,6,12.3712
2019,02,2,7,9.011700000000001
2019,02,3,0,11.6326
2019,02,3,1,11.6055
2019,02,3,2,10.4264
2019,02,3,3,10.2376
2019,02,3,4,10.6154
2019,02,3,5,9.69573
2019,02,3,6,9.02635
2019,02,3,7,7.96287
2019,02,4,0,7.40199
2019,02,4,1,7.11421
2019,02,4,2,7.29941
2019,02,4,3,7.8736999999999995
2019,02,4,4,7.9863599999999995
2019,02,4,5,8.32633
2019,02,4,6,8.210790000000001
2019,02,4,7,7.57068
2019,02,5,0,6.44921
2019,02,5,1,7.29941
2019,02,5,2,8.359639999999999
2019,02,5,3,10.709
2019,02,5,4,12.9321
2019,02,5,5,15.0739
2019,02,5,6,15.9719
2019,02,5,7,15.0486
2019,02,6,0,15.6225
2019,02,6,1,14.588299999999998
2019,02,6,2,12.1485
2019,02,6,3,15.161700000000002
2019,02,6,4,15.5869
2019,02,6,5,12.0097
2019,02,6,6,7.32779
2019,02,6,7,6.821020000000001
2019,02,7,0,8.74727
2019,02,7,1,9.75157
2019,02,7,2,8.67976
2019,02,7,3,6.32787
2019,02,7,4,4.86524
2019,02,7,5,5.3523000000000005
2019,02,7,6,5.90184
2019,02,7,7,5.60499
2019,02,8,0,5.604
2019,02,8,1,6.2890299999999995
2019,02,8,2,5.05897
2019,02,8,3,6.24104
2019,02,8,4,6.22086
2019,02,8,5,4.808979999999999
2019,02,8,6,4.352399999999999
2019,02,8,7,4.28514
2019,02,9,0,4.68257
2019,02,9,1,4.30934
2019,02,9,2,4.4818
2019,02,9,3,4.9148000000000005
2019,02,9,4,4.80884
2019,02,9,5,4.737220000000001
2019,02,9,6,4.771319999999999
2019,02,9,7,5.63902
2019,02,10,0,6.59317
2019,02,10,1,7.05027
2019,02,10,2,7.1655299999999995
2019,02,10,3,7.22555
2019,02,10,4,6.4532799999999995
2019,02,10,5,5.902609999999999
2019,02,10,6,6.42806
2019,02,10,7,7.49273
2019,02,11,0,8.39317
2019,02,11,1,8.40953
2019,02,11,2,8.57834
2019,02,11,3,8.709940000000001
2019,02,11,4,8.51923
2019,02,11,5,8.36426
2019,02,11,6,7.56253
2019,02,11,7,7.0819399999999995
2019,02,12,0,7.2228
2019,02,12,1,7.83459
2019,02,12,2,7.98739
2019,02,12,3,8.960090000000001
2019,02,12,4,9.12744
2019,02,12,5,8.077399999999999
2019,02,12,6,8.285459999999999
2019,02,12,7,6.84618
2019,02,13,0,6.42125
2019,02,13,1,6.769100000000001
2019,02,13,2,6.61269
2019,02,13,3,4.12266
2019,02,13,4,3.39204
2019,02,13,5,3.34087
2019,02,13,6,2.58027
2019,02,13,7,2.6508499999999997
2019,02,14,0,2.62969
2019,02,14,1,2.59348
2019,02,14,2,3.0269299999999997
2019,02,14,3,3.10527
2019,02,14,4,3.0068699999999997
2019,02,14,5,2.88742
2019,02,14,6,2.74228
2019,02,14,7,2.75342
2019,02,15,0,2.7471300000000003
2019,02,15,1,2.58085
2019,02,15,2,2.53221
2019,02,15,3,2.79701
2019,02,15,4,3.24229
2019,02,15,5,3.57958
2019,02,15,6,3.60466
2019,02,15,7,3.25106
2019,02,16,0,3.2319899999999997
2019,02,16,1,3.0641700000000003
2019,02,16,2,3.12286
2019,02,16,3,3.2346399999999997
2019,02,16,4,3.5861799999999997
2019,02,16,5,3.68737
2019,02,16,6,3.80437
2019,02,16,7,3.65898
2019,02,17,0,3.89769
2019,02,17,1,4.04119
2019,02,17,2,3.95829
2019,02,17,3,4.20963
2019,02,17,4,4.44016
2019,02,17,5,4.3721000000000005
2019,02,17,6,3.62319
2019,02,17,7,3.88766
2019,02,18,0,4.39687
2019,02,18,1,4.83369
2019,02,18,2,5.66408
2019,02,18,3,6.0819600000000005
2019,02,18,4,6.50588
2019,02,18,5,6.703720000000001
2019,02,18,6,7.32974
2019,02,18,7,8.492790000000001
2019,02,19,0,9.75225
2019,02,19,1,10.313799999999999
2019,02,19,2,9.91622
2019,02,19,3,9.19077
2019,02,19,4,8.76249
2019,02,19,5,8.93175
2019,02,19,6,9.39016
2019,02,19,7,10.6725
2019,02,20,0,11.1576
2019,02,20,1,11.8949
2019,02,20,2,14.3925
2019,02,20,3,14.8925
2019,02,20,4,11.4179
2019,02,20,5,9.234549999999999
2019,02,20,6,9.39094
2019,02,20,7,10.2985
2019,02,21,0,10.184299999999999
2019,02,21,1,10.6231
2019,02,21,2,11.0246
2019,02,21,3,11.092
2019,02,21,4,11.7832
2019,02,21,5,12.339
2019,02,21,6,11.3384
2019,02,21,7,11.523700000000002
2019,02,22,0,10.7246
2019,02,22,1,9.03669
2019,02,22,2,8.586110000000001
2019,02,22,3,8.05068
2019,02,22,4,7.95636
2019,02,22,5,8.56751
2019,02,22,6,9.559899999999999
2019,02,22,7,10.7256
2019,02,23,0,11.728399999999999
2019,02,23,1,12.0474
2019,02,23,2,11.502600000000001
2019,02,23,3,10.3952
2019,02,23,4,10.3619
2019,02,23,5,9.88836
2019,02,23,6,9.53657
2019,02,23,7,10.168
2019,02,24,0,7.82832
2019,02,24,1,6.25143
2019,02,24,2,5.49617
2019,02,24,3,5.62338
2019,02,24,4,6.02005
2019,02,24,5,6.82643
2019,02,24,6,6.22044
2019,02,24,7,6.45557
2019,02,25,0,7.21783
2019,02,25,1,6.50556
2019,02,25,2,6.15032
2019,02,25,3,5.5402
2019,02,25,4,5.05298
2019,02,25,5,4.51628
2019,02,25,6,5.97401
2019,02,25,7,6.83609
2019,02,26,0,7.28262
2019,02,26,1,6.38952
2019,02,26,2,6.14474
2019,02,26,3,5.81115
2019,02,26,4,5.461399999999999
2019,02,26,5,5.08063
2019,02,26,6,5.295649999999999
2019,02,26,7,5.26851
2019,02,27,0,5.25722
2019,02,27,1,5.4981599999999995
2019,02,27,2,6.128550000000001
2019,02,27,3,6.8095799999999995
2019,02,27,4,7.61759
2019,02,27,5,7.43087
2019,02,27,6,9.48851
2019,02,27,7,9.94224
2019,02,28,0,8.1289
2019,02,28,1,8.25456
2019,02,28,2,7.397060000000001
2019,02,28,3,6.483140000000001
2019,02,28,4,5.79453
2019,02,28,5,6.7458100000000005
2019,02,28,6,6.45163
2019,02,28,7,4.91723
2019,02,29,0,4.54621
2019,02,29,1,5.74292
2019,02,29,2,6.77925
2019,02,29,3,5.52317
2019,02,29,4,5.81118
2019,02,29,5,6.528149999999999
2019,02,29,6,5.94266
2019,02,29,7,6.24709
2019,02,30,0,6.39391
2019,02,30,1,6.35667
2019,02,30,2,5.6968000000000005
2019,02,30,3,5.17002
2019,02,30,4,5.55821
2019,02,30,5,6.41536
2019,02,30,6,6.30298
2019,02,30,7,7.1542200000000005
2019,02,31,0,7.69047
2019,02,31,1,7.72116
2019,02,31,2,7.050770000000001
2019,02,31,3,6.36484
2019,02,31,4,6.394520000000001
2019,02,31,5,6.45445
2019,02,31,6,6.20625
2019,02,31,7,6.8028699999999995
2019,02,1,0,7.5009
2019,02,1,1,8.13296
2019,02,1,2,9.64756
2019,02,1,3,10.9657
2019,02,1,4,11.8856
2019,02,1,5,12.7871
2019,02,1,6,13.0818
2019,02,1,7,14.1928
2019,02,2,0,19.8179
2019,02,2,1,16.453200000000002
2019,02,2,2,15.882299999999999
2019,02,2,3,14.907
2019,02,2,4,13.1664
2019,02,2,5,11.427100000000001
2019,02,2,6,9.85784
2019,02,2,7,9.628680000000001
2019,02,3,0,9.75072
2019,02,3,1,9.62238
2019,02,3,2,10.3947
2019,02,3,3,10.1395
2019,02,3,4,8.53484
2019,02,3,5,8.58473
2019,02,3,6,9.974290000000002
2019,02,3,7,11.4108
2019,02,4,0,12.3889
2019,02,4,1,12.332
2019,02,4,2,12.3396
2019,02,4,3,11.2844
2019,02,4,4,11.6848
2019,02,4,5,10.5572
2019,02,4,6,11.107
2019,02,4,7,11.9715
2019,02,5,0,12.3617
2019,02,5,1,12.734399999999999
2019,02,5,2,12.5807
2019,02,5,3,12.5732
2019,02,5,4,12.000399999999999
2019,02,5,5,11.058200000000001
2019,02,5,6,11.4566
2019,02,5,7,12.8124
2019,02,6,0,12.7143
2019,02,6,1,9.010969999999999
2019,02,6,2,6.281149999999999
2019,02,6,3,5.321479999999999
2019,02,6,4,5.87363
2019,02,6,5,8.11556
2019,02,6,6,10.8137
2019,02,6,7,13.466700000000001
2019,02,7,0,17.8908
2019,02,7,1,13.5166
2019,02,7,2,13.245899999999999
2019,02,7,3,12.829
2019,02,7,4,11.2101
2019,02,7,5,9.132200000000001
2019,02,7,6,9.716479999999999
2019,02,7,7,9.057139999999999
2019,02,8,0,9.45181
2019,02,8,1,10.3478
2019,02,8,2,11.3713
2019,02,8,3,11.835799999999999
2019,02,8,4,13.499
2019,02,8,5,12.9772
2019,02,8,6,13.0326
2019,02,8,7,13.839799999999999
2019,02,9,0,15.4997
2019,02,9,1,13.008
2019,02,9,2,10.857299999999999
2019,02,9,3,9.97885
2019,02,9,4,9.86675
2019,02,9,5,7.82781
2019,02,9,6,4.95454
2019,02,9,7,5.18483
2019,02,10,0,7.11741
2019,02,10,1,5.33686
2019,02,10,2,4.9810799999999995
2019,02,10,3,5.25663
2019,02,10,4,4.85316
2019,02,10,5,2.92403
2019,02,10,6,2.92429
2019,02,10,7,3.21407
2019,02,11,0,3.46413
2019,02,11,1,4.85414
2019,02,11,2,5.69609
2019,02,11,3,6.60661
2019,02,11,4,7.64571
2019,02,11,5,8.52599
2019,02,11,6,9.8919
2019,02,11,7,11.5244
2019,02,12,0,11.7868
2019,02,12,1,12.101
2019,02,12,2,8.90955
2019,02,12,3,7.5432
2019,02,12,4,7.0148
2019,02,12,5,6.84605
2019,02,12,6,6.26099
2019,02,12,7,6.539560000000001
2019,02,13,0,6.209899999999999
2019,02,13,1,5.71775
2019,02,13,2,6.05132
2019,02,13,3,6.18448
2019,02,13,4,5.91193
2019,02,13,5,5.3612
2019,02,13,6,5.554729999999999
2019,02,13,7,6.15493
2019,02,14,0,7.70227
2019,02,14,1,9.25109
2019,02,14,2,11.257200000000001
2019,02,14,3,10.9875
2019,02,14,4,8.80695
2019,02,14,5,7.242229999999999
2019,02,14,6,8.11431
2019,02,14,7,9.89741
2019,02,15,0,10.4021
2019,02,15,1,9.87248
2019,02,15,2,9.127799999999999
2019,02,15,3,12.107700000000001
2019,02,15,4,13.4796
2019,02,15,5,14.9284
2019,02,15,6,17.1854
2019,02,15,7,18.301
2019,02,16,0,15.8031
2019,02,16,1,13.368
2019,02,16,2,14.039100000000001
2019,02,16,3,14.958200000000001
2019,02,16,4,12.775799999999998
2019,02,16,5,10.9666
2019,02,16,6,9.367790000000001
2019,02,16,7,10.273700000000002
2019,02,17,0,8.31052
2019,02,17,1,5.69468
2019,02,17,2,6.16976
2019,02,17,3,6.52321
2019,02,17,4,6.57151
2019,02,17,5,5.9887
2019,02,17,6,8.248709999999999
2019,02,17,7,10.7228
2019,02,18,0,13.8625
2019,02,18,1,12.351899999999999
2019,02,18,2,11.476700000000001
2019,02,18,3,10.9657
2019,02,18,4,10.523
2019,02,18,5,10.1045
2019,02,18,6,9.74546
2019,02,18,7,9.39615
2019,02,19,0,9.99634
2019,02,19,1,9.75883
2019,02,19,2,9.1805
2019,02,19,3,8.53933
2019,02,19,4,8.279290000000001
2019,02,19,5,8.30698
2019,02,19,6,9.73708
2019,02,19,7,11.954799999999999
2019,02,20,0,13.502
2019,02,20,1,13.8569
2019,02,20,2,13.8991
2019,02,20,3,13.1486
2019,02,20,4,12.1364
2019,02,20,5,12.0603
2019,02,20,6,13.4376
2019,02,20,7,14.5496
2019,02,21,0,12.2259
2019,02,21,1,8.89869
2019,02,21,2,7.4556499999999994
2019,02,21,3,8.30833
2019,02,21,4,9.170770000000001
2019,02,21,5,8.66677
2019,02,21,6,9.15406
2019,02,21,7,10.307799999999999
2019,02,22,0,9.854989999999999
2019,02,22,1,8.62083
2019,02,22,2,8.01229
2019,02,22,3,11.2159
2019,02,22,4,14.9357
2019,02,22,5,11.2088
2019,02,22,6,11.0021
2019,02,22,7,11.6313
2019,02,23,0,11.577399999999999
2019,02,23,1,9.743229999999999
2019,02,23,2,7.69737
2019,02,23,3,7.2830200000000005
2019,02,23,4,8.00625
2019,02,23,5,8.578940000000001
2019,02,23,6,8.653780000000001
2019,02,23,7,9.3818
2019,02,24,0,9.887319999999999
2019,02,24,1,10.174299999999999
2019,02,24,2,11.3576
2019,02,24,3,12.509
2019,02,24,4,12.7042
2019,02,24,5,13.6663
2019,02,24,6,13.986
2019,02,24,7,13.778799999999999
2019,02,25,0,14.2709
2019,02,25,1,14.8126
2019,02,25,2,15.569700000000001
2019,02,25,3,14.781
2019,02,25,4,14.1083
2019,02,25,5,13.737
2019,02,25,6,14.0863
2019,02,25,7,14.8255
2019,02,26,0,16.7054
2019,02,26,1,17.1468
2019,02,26,2,16.1021
2019,02,26,3,13.770100000000001
2019,02,26,4,12.6592
2019,02,26,5,12.943200000000001
2019,02,26,6,11.376100000000001
2019,02,26,7,10.7594
2019,02,27,0,10.098799999999999
2019,02,27,1,9.65114
2019,02,27,2,8.99181
2019,02,27,3,10.249
2019,02,27,4,10.2568
2019,02,27,5,9.82264
2019,02,27,6,9.13429
2019,02,27,7,10.2188
2019,02,28,0,11.0037
2019,02,28,1,10.8555
2019,02,28,2,7.5433
2019,02,28,3,6.57296
2019,02,28,4,5.76298
2019,02,28,5,5.20343
2019,02,28,6,6.48463
2019,02,28,7,9.19003
2019,02,29,0,12.940100000000001
2019,02,29,1,10.4163
2019,02,29,2,10.4372
2019,02,29,3,11.332799999999999
2019,02,29,4,11.93
2019,02,29,5,12.141
2019,02,29,6,13.7684
2019,02,29,7,14.9681
2019,02,30,0,14.6835
2019,02,30,1,14.792
2019,02,30,2,13.2625
2019,02,30,3,12.8581
2019,02,30,4,12.2766
2019,02,30,5,11.497200000000001
2019,02,30,6,9.253290000000002
2019,02,30,7,7.8430100000000005
2019,02,1,0,6.855090000000001
2019,02,1,1,7.00995
2019,02,1,2,6.88983
2019,02,1,3,6.09884
2019,02,1,4,5.0454300000000005
2019,02,1,5,4.461930000000001
2019,02,1,6,4.751399999999999
2019,02,1,7,5.9829799999999995
2019,02,2,0,7.677779999999999
2019,02,2,1,7.88243
2019,02,2,2,7.94834
2019,02,2,3,8.27376
2019,02,2,4,8.1624
2019,02,2,5,8.51276
2019,02,2,6,7.59671
2019,02,2,7,8.34012
2019,02,3,0,9.21935
2019,02,3,1,9.94375
2019,02,3,2,9.705950000000001
2019,02,3,3,9.44828
2019,02,3,4,9.32325
2019,02,3,5,9.821969999999999
2019,02,3,6,11.4203
2019,02,3,7,13.510299999999999
2019,02,4,0,14.1967
2019,02,4,1,13.4821
2019,02,4,2,13.126700000000001
2019,02,4,3,12.2675
2019,02,4,4,10.868799999999998
2019,02,4,5,10.2084
2019,02,4,6,10.539
2019,02,4,7,11.634799999999998
2019,02,5,0,11.983600000000001
2019,02,5,1,10.6014
2019,02,5,2,11.1341
2019,02,5,3,12.5468
2019,02,5,4,11.9237
2019,02,5,5,10.937700000000001
2019,02,5,6,9.637229999999999
2019,02,5,7,9.399719999999999
2019,02,6,0,10.431299999999998
2019,02,6,1,7.878970000000001
2019,02,6,2,8.553889999999999
2019,02,6,3,8.678790000000001
2019,02,6,4,8.87128
2019,02,6,5,9.03965
2019,02,6,6,9.38545
2019,02,6,7,10.1176
2019,02,7,0,10.2021
2019,02,7,1,10.8394
2019,02,7,2,13.015799999999999
2019,02,7,3,13.5626
2019,02,7,4,14.3007
2019,02,7,5,14.872399999999999
2019,02,7,6,15.2791
2019,02,7,7,14.4496
2019,02,8,0,14.5931
2019,02,8,1,14.6317
2019,02,8,2,12.783299999999999
2019,02,8,3,13.629700000000001
2019,02,8,4,14.393
2019,02,8,5,12.661
2019,02,8,6,11.9962
2019,02,8,7,16.0085
2019,02,9,0,14.835899999999999
2019,02,9,1,15.397
2019,02,9,2,15.121799999999999
2019,02,9,3,15.283299999999999
2019,02,9,4,14.338
2019,02,9,5,13.5172
2019,02,9,6,15.898700000000002
2019,02,9,7,18.697599999999998
2019,02,10,0,20.836599999999997
2019,02,10,1,19.447599999999998
2019,02,10,2,15.093
2019,02,10,3,13.514100000000001
2019,02,10,4,11.917
2019,02,10,5,12.0195
2019,02,10,6,13.125200000000001
2019,02,10,7,14.452200000000001
2019,02,11,0,14.739600000000001
2019,02,11,1,14.8711
2019,02,11,2,14.4598
2019,02,11,3,13.340200000000001
2019,02,11,4,13.0694
2019,02,11,5,12.226899999999999
2019,02,11,6,10.5488
2019,02,11,7,10.2079
2019,02,12,0,10.158100000000001
2019,02,12,1,10.175600000000001
2019,02,12,2,9.74776
2019,02,12,3,8.8015
2019,02,12,4,8.03648
2019,02,12,5,7.8310699999999995
2019,02,12,6,8.48185
2019,02,12,7,9.18665
2019,02,13,0,9.484639999999999
2019,02,13,1,9.22991
2019,02,13,2,9.85764
2019,02,13,3,10.711200000000002
2019,02,13,4,10.985899999999999
2019,02,13,5,11.133
2019,02,13,6,12.7335
2019,02,13,7,14.8314
2019,02,14,0,16.6368
2019,02,14,1,16.9314
2019,02,14,2,16.926
2019,02,14,3,17.2102
2019,02,14,4,16.520599999999998
2019,02,14,5,16.2869
2019,02,14,6,19.613799999999998
2019,02,14,7,22.8377
2019,02,15,0,21.3863
2019,02,15,1,19.5616
2019,02,15,2,17.6218
2019,02,15,3,16.7321
2019,02,15,4,15.9136
2019,02,15,5,12.5665
2019,02,15,6,12.3267
2019,02,15,7,14.539
2019,02,16,0,15.643
2019,02,16,1,15.9677
2019,02,16,2,16.0594
2019,02,16,3,16.634900000000002
2019,02,16,4,16.2672
2019,02,16,5,15.190100000000001
2019,02,16,6,9.71535
2019,02,16,7,6.43135
2019,02,17,0,7.47334
2019,02,17,1,8.15447
2019,02,17,2,7.63761
2019,02,17,3,7.89534
2019,02,17,4,7.891100000000001
2019,02,17,5,7.2092
2019,02,17,6,6.80712
2019,02,17,7,6.94574
2019,02,18,0,7.8827799999999995
2019,02,18,1,8.25458
2019,02,18,2,8.68201
2019,02,18,3,8.9839
2019,02,18,4,9.238809999999999
2019,02,18,5,10.05
2019,02,18,6,11.411
2019,02,18,7,11.8901
2019,02,19,0,10.9456
2019,02,19,1,12.7723
2019,02,19,2,13.4011
2019,02,19,3,12.303
2019,02,19,4,11.931299999999998
2019,02,19,5,7.2574499999999995
2019,02,19,6,7.00605
2019,02,19,7,7.307810000000001
2019,02,20,0,6.41497
2019,02,20,1,6.99267
2019,02,20,2,7.2515
2019,02,20,3,7.84967
2019,02,20,4,8.35508
2019,02,20,5,6.67774
2019,02,20,6,6.21305
2019,02,20,7,7.53494
2019,02,21,0,8.653360000000001
2019,02,21,1,9.294030000000001
2019,02,21,2,8.56211
2019,02,21,3,6.74497
2019,02,21,4,6.605569999999999
2019,02,21,5,5.82661
2019,02,21,6,7.31751
2019,02,21,7,8.57854
2019,02,22,0,9.24606
2019,02,22,1,10.8293
2019,02,22,2,10.998299999999999
2019,02,22,3,11.3617
2019,02,22,4,11.183399999999999
2019,02,22,5,9.65812
2019,02,22,6,8.57254
2019,02,22,7,10.315100000000001
2019,02,23,0,10.8561
2019,02,23,1,12.0963
2019,02,23,2,13.1112
2019,02,23,3,13.4223
2019,02,23,4,13.505600000000001
2019,02,23,5,14.119200000000001
2019,02,23,6,13.8399
2019,02,23,7,14.421
2019,02,24,0,15.8934
2019,02,24,1,16.9013
2019,02,24,2,16.612299999999998
2019,02,24,3,14.9264
2019,02,24,4,13.8072
2019,02,24,5,12.7608
2019,02,24,6,12.171
2019,02,24,7,12.6139
2019,02,25,0,13.4483
2019,02,25,1,15.994
2019,02,25,2,18.6417
2019,02,25,3,19.0017
2019,02,25,4,17.0748
2019,02,25,5,14.0415
2019,02,25,6,12.219899999999999
2019,02,25,7,12.522
2019,02,26,0,11.4945
2019,02,26,1,10.2042
2019,02,26,2,10.245899999999999
2019,02,26,3,9.50957
2019,02,26,4,9.55464
2019,02,26,5,10.5848
2019,02,26,6,9.770520000000001
2019,02,26,7,9.72381
2019,02,27,0,9.44407
2019,02,27,1,9.086200000000002
2019,02,27,2,11.234
2019,02,27,3,12.0432
2019,02,27,4,12.076600000000001
2019,02,27,5,11.116100000000001
2019,02,27,6,10.8251
2019,02,27,7,11.999
2019,02,28,0,12.5792
2019,02,28,1,13.4828
2019,02,28,2,13.1311
2019,02,28,3,14.0219
2019,02,28,4,14.955
2019,02,28,5,15.3742
2019,02,28,6,16.017
2019,02,28,7,15.8627
2019,02,29,0,15.542200000000001
2019,02,29,1,16.424799999999998
2019,02,29,2,15.4205
2019,02,29,3,15.313799999999999
2019,02,29,4,15.970799999999999
2019,02,29,5,17.2494
2019,02,29,6,18.2001
2019,02,29,7,19.0988
2019,02,30,0,20.4346
2019,02,30,1,20.791700000000002
2019,02,30,2,18.7769
2019,02,30,3,16.6554
2019,02,30,4,14.4491
2019,02,30,5,12.654
2019,02,30,6,12.3934
2019,02,30,7,14.1971
2019,02,31,0,14.152700000000001
2019,02,31,1,12.545399999999999
2019,02,31,2,14.3074
2019,02,31,3,14.1631
2019,02,31,4,14.311
2019,02,31,5,14.1609
2019,02,31,6,15.2085
2019,02,31,7,16.2022
2019,02,1,0,17.1848
2019,02,1,1,17.802
2019,02,1,2,17.7709
2019,02,1,3,18.468799999999998
2019,02,1,4,17.0453
2019,02,1,5,16.7194
2019,02,1,6,16.343799999999998
2019,02,1,7,16.2034
2019,02,2,0,17.8577
2019,02,2,1,18.9462
2019,02,2,2,18.376099999999997
2019,02,2,3,18.480900000000002
2019,02,2,4,17.9859
2019,02,2,5,17.0054
2019,02,2,6,16.9279
2019,02,2,7,17.0578
2019,02,3,0,18.639599999999998
2019,02,3,1,19.3558
2019,02,3,2,18.2269
2019,02,3,3,16.599700000000002
2019,02,3,4,15.293299999999999
2019,02,3,5,14.603399999999999
2019,02,3,6,14.999
2019,02,3,7,15.3572
2019,02,4,0,16.6555
2019,02,4,1,14.6068
2019,02,4,2,15.4294
2019,02,4,3,15.8056
2019,02,4,4,15.0155
2019,02,4,5,22.5608
2019,02,4,6,15.783700000000001
2019,02,4,7,16.3286
2019,02,5,0,18.451900000000002
2019,02,5,1,16.975
2019,02,5,2,16.2484
2019,02,5,3,17.3472
2019,02,5,4,18.4438
2019,02,5,5,18.2044
2019,02,5,6,17.6588
2019,02,5,7,18.1673
2019,02,6,0,20.5835
2019,02,6,1,23.1233
2019,02,6,2,24.6225
2019,02,6,3,23.9625
2019,02,6,4,21.116400000000002
2019,02,6,5,19.9505
2019,02,6,6,19.5095
2019,02,6,7,19.4962
2019,02,7,0,17.2077
2019,02,7,1,13.1415
2019,02,7,2,6.743060000000001
2019,02,7,3,5.49809
2019,02,7,4,8.5921
2019,02,7,5,12.4394
2019,02,7,6,14.066
2019,02,7,7,13.437100000000001
2019,02,8,0,10.194799999999999
2019,02,8,1,7.36845
2019,02,8,2,6.68146
2019,02,8,3,6.38488
2019,02,8,4,6.480729999999999
2019,02,8,5,6.58159
2019,02,8,6,6.04225
2019,02,8,7,6.27209
2019,02,9,0,7.11613
2019,02,9,1,6.98137
2019,02,9,2,6.34108
2019,02,9,3,10.9786
2019,02,9,4,7.95515
2019,02,9,5,8.21467
2019,02,9,6,8.2101
2019,02,9,7,8.551870000000001
2019,02,10,0,8.64738
2019,02,10,1,8.07501
2019,02,10,2,8.78528
2019,02,10,3,10.129
2019,02,10,4,10.1552
2019,02,10,5,9.9245
2019,02,10,6,10.466899999999999
2019,02,10,7,11.2466
2019,02,11,0,12.5976
2019,02,11,1,13.757
2019,02,11,2,14.973700000000001
2019,02,11,3,15.2305
2019,02,11,4,12.6159
2019,02,11,5,11.164100000000001
2019,02,11,6,11.1662
2019,02,11,7,13.0804
2019,02,12,0,16.5551
2019,02,12,1,21.5913
2019,02,12,2,20.4555
2019,02,12,3,21.5549
2019,02,12,4,20.5615
2019,02,12,5,18.7862
2019,02,12,6,16.7194
2019,02,12,7,16.769
2019,02,13,0,18.517599999999998
2019,02,13,1,19.218799999999998
2019,02,13,2,18.608
2019,02,13,3,16.4803
2019,02,13,4,15.1531
2019,02,13,5,15.5529
2019,02,13,6,16.1545
2019,02,13,7,17.1762
2019,02,14,0,19.0853
2019,02,14,1,19.343400000000003
2019,02,14,2,22.9483
2019,02,14,3,22.097900000000003
2019,02,14,4,27.555
2019,02,14,5,21.1105
2019,02,14,6,19.203799999999998
2019,02,14,7,19.5582
2019,02,15,0,19.8672
2019,02,15,1,17.4912
2019,02,15,2,16.3309
2019,02,15,3,17.298599999999997
2019,02,15,4,17.774099999999997
2019,02,15,5,17.872700000000002
2019,02,15,6,17.7355
2019,02,15,7,19.2819
2019,02,16,0,20.3233
2019,02,16,1,19.4835
2019,02,16,2,19.5288
2019,02,16,3,20.8412
2019,02,16,4,18.7456
2019,02,16,5,16.0605
2019,02,16,6,15.5142
2019,02,16,7,16.1061
2019,02,17,0,15.9161
2019,02,17,1,14.9926
2019,02,17,2,16.6028
2019,02,17,3,17.853
2019,02,17,4,23.048099999999998
2019,02,17,5,24.066599999999998
2019,02,17,6,21.8657
2019,02,17,7,22.0358
2019,02,18,0,22.0033
2019,02,18,1,21.749
2019,02,18,2,22.5247
2019,02,18,3,21.3764
2019,02,18,4,18.980700000000002
2019,02,18,5,17.301599999999997
2019,02,18,6,17.134700000000002
2019,02,18,7,17.4298
2019,02,19,0,17.7449
2019,02,19,1,14.257
2019,02,19,2,12.6976
2019,02,19,3,12.0991
2019,02,19,4,10.6856
2019,02,19,5,10.2784
2019,02,19,6,10.7584
2019,02,19,7,12.5586
2019,02,20,0,17.088
2019,02,20,1,21.2588
2019,02,20,2,19.569200000000002
2019,02,20,3,16.7003
2019,02,20,4,12.1115
2019,02,20,5,10.6428
2019,02,20,6,8.75526
2019,02,20,7,9.88718
2019,02,21,0,12.4184
2019,02,21,1,12.7177
2019,02,21,2,11.1198
2019,02,21,3,10.5875
2019,02,21,4,9.05245
2019,02,21,5,8.22874
2019,02,21,6,8.729299999999999
2019,02,21,7,13.001
2019,02,22,0,13.4054
2019,02,22,1,10.441799999999999
2019,02,22,2,8.94979
2019,02,22,3,9.4553
2019,02,22,4,9.03191
2019,02,22,5,7.4645
2019,02,22,6,6.41537
2019,02,22,7,11.255
2019,02,23,0,7.6293999999999995
2019,02,23,1,8.09704
2019,02,23,2,7.2091899999999995
2019,02,23,3,7.33014
2019,02,23,4,8.27239
2019,02,23,5,8.95344
2019,02,23,6,9.63715
2019,02,23,7,12.0605
2019,02,24,0,15.2886
2019,02,24,1,17.093799999999998
2019,02,24,2,16.741
2019,02,24,3,14.2917
2019,02,24,4,13.391
2019,02,24,5,12.7374
2019,02,24,6,20.7618
2019,02,24,7,16.9203
2019,02,25,0,16.3935
2019,02,25,1,13.696399999999999
2019,02,25,2,10.058
2019,02,25,3,8.72053
2019,02,25,4,8.74181
2019,02,25,5,8.46097
2019,02,25,6,9.45299
2019,02,25,7,12.0091
2019,02,26,0,11.5975
2019,02,26,1,8.28687
2019,02,26,2,6.90589
2019,02,26,3,7.236479999999999
2019,02,26,4,7.27373
2019,02,26,5,7.7903400000000005
2019,02,26,6,9.43144
2019,02,26,7,10.8162
2019,02,27,0,10.7914
2019,02,27,1,10.3288
2019,02,27,2,10.0722
2019,02,27,3,10.7147
2019,02,27,4,10.959299999999999
2019,02,27,5,10.6528
2019,02,27,6,10.5849
2019,02,27,7,10.5903
2019,02,28,0,10.9396
2019,02,28,1,11.1279
2019,02,28,2,11.11
2019,02,28,3,10.498299999999999
2019,02,28,4,10.008899999999999
2019,02,28,5,10.3393
2019,02,28,6,9.11188
2019,02,28,7,8.06526
2019,02,29,0,7.439640000000001
2019,02,29,1,7.2682
2019,02,29,2,7.72304
2019,02,29,3,10.764700000000001
2019,02,29,4,11.4854
2019,02,29,5,9.87098
2019,02,29,6,8.80028
2019,02,29,7,8.5438
2019,02,30,0,7.60351
2019,02,30,1,7.02637
2019,02,30,2,6.70392
2019,02,30,3,6.65322
2019,02,30,4,8.20351
2019,02,30,5,8.470709999999999
2019,02,30,6,9.53744
2019,02,30,7,10.892700000000001
2019,02,1,0,11.1471
2019,02,1,1,10.2036
2019,02,1,2,8.91642
2019,02,1,3,8.522950000000002
2019,02,1,4,8.45642
2019,02,1,5,8.388879999999999
2019,02,1,6,8.54431
2019,02,1,7,9.40708
2019,02,2,0,10.2386
2019,02,2,1,9.66718
2019,02,2,2,8.928510000000001
2019,02,2,3,8.58706
2019,02,2,4,8.67434
2019,02,2,5,8.64408
2019,02,2,6,10.0472
2019,02,2,7,12.322899999999999
2019,02,3,0,12.697799999999999
2019,02,3,1,13.4579
2019,02,3,2,14.665700000000001
2019,02,3,3,15.4031
2019,02,3,4,13.9714
2019,02,3,5,12.629700000000001
2019,02,3,6,13.5009
2019,02,3,7,12.768600000000001
2019,02,4,0,11.8218
2019,02,4,1,9.9283
2019,02,4,2,10.368799999999998
2019,02,4,3,9.176969999999999
2019,02,4,4,8.221110000000001
2019,02,4,5,7.879569999999999
2019,02,4,6,8.56118
2019,02,4,7,9.26039
2019,02,5,0,10.14
2019,02,5,1,12.325700000000001
2019,02,5,2,10.5628
2019,02,5,3,9.71508
2019,02,5,4,9.79711
2019,02,5,5,9.84603
2019,02,5,6,10.3046
2019,02,5,7,11.213
2019,02,6,0,12.5673
2019,02,6,1,13.4307
2019,02,6,2,12.781600000000001
2019,02,6,3,12.0276
2019,02,6,4,11.2581
2019,02,6,5,9.727120000000001
2019,02,6,6,9.716299999999999
2019,02,6,7,11.1168
2019,02,7,0,12.303799999999999
2019,02,7,1,11.6175
2019,02,7,2,10.2829
2019,02,7,3,8.69174
2019,02,7,4,8.37192
2019,02,7,5,9.46854
2019,02,7,6,9.737110000000001
2019,02,7,7,11.3639
2019,02,8,0,12.695
2019,02,8,1,12.5663
2019,02,8,2,13.2744
2019,02,8,3,13.825
2019,02,8,4,12.835600000000001
2019,02,8,5,12.6744
2019,02,8,6,13.521600000000001
2019,02,8,7,14.9806
2019,02,9,0,16.1292
2019,02,9,1,16.1067
2019,02,9,2,16.221700000000002
2019,02,9,3,14.818299999999999
2019,02,9,4,22.0012
2019,02,9,5,14.839
2019,02,9,6,14.3602
2019,02,9,7,14.8334
2019,02,10,0,15.7534
2019,02,10,1,16.0808
2019,02,10,2,15.720600000000001
2019,02,10,3,14.354299999999999
2019,02,10,4,14.1127
2019,02,10,5,14.5549
2019,02,10,6,14.016399999999999
2019,02,10,7,14.9586
2019,02,11,0,14.3628
2019,02,11,1,12.6281
2019,02,11,2,11.4133
2019,02,11,3,11.5351
2019,02,11,4,12.1471
2019,02,11,5,12.2945
2019,02,11,6,12.720600000000001
2019,02,11,7,13.7981
2019,02,12,0,15.0189
2019,02,12,1,15.8977
2019,02,12,2,15.2318
2019,02,12,3,12.5674
2019,02,12,4,11.4121
2019,02,12,5,11.0725
2019,02,12,6,13.682
2019,02,12,7,15.8491
2019,02,13,0,17.7134
2019,02,13,1,17.859
2019,02,13,2,16.9031
2019,02,13,3,14.985299999999999
2019,02,13,4,12.6268
2019,02,13,5,10.5009
2019,02,13,6,9.060889999999999
2019,02,13,7,8.990530000000001
2019,02,14,0,9.68267
2019,02,14,1,10.5502
2019,02,14,2,10.3364
2019,02,14,3,8.19472
2019,02,14,4,8.35229
2019,02,14,5,9.79078
2019,02,14,6,9.51285
2019,02,14,7,9.57846
2019,02,15,0,8.93456
2019,02,15,1,8.61444
2019,02,15,2,8.224450000000001
2019,02,15,3,8.38336
2019,02,15,4,8.81456
2019,02,15,5,8.803780000000001
2019,02,15,6,8.62284
2019,02,15,7,10.9019
2019,02,16,0,10.7729
2019,02,16,1,10.6168
2019,02,16,2,10.53
2019,02,16,3,10.6205
2019,02,16,4,10.0044
2019,02,16,5,9.34037
2019,02,16,6,8.947899999999999
2019,02,16,7,8.963899999999999
2019,02,17,0,9.32282
2019,02,17,1,11.5752
2019,02,17,2,14.4339
2019,02,17,3,15.332600000000001
2019,02,17,4,15.1247
2019,02,17,5,16.0807
2019,02,17,6,17.505599999999998
2019,02,17,7,20.7054
2019,02,18,0,17.4881
2019,02,18,1,18.234299999999998
2019,02,18,2,19.126099999999997
2019,02,18,3,20.3332
2019,02,18,4,22.3981
2019,02,18,5,12.8712
2019,02,18,6,12.2476
2019,02,18,7,13.744
2019,02,19,0,13.8522
2019,02,19,1,13.8894
2019,02,19,2,13.5435
2019,02,19,3,11.8392
2019,02,19,4,11.7999
2019,02,19,5,11.3109
2019,02,19,6,11.7494
2019,02,19,7,13.601
2019,02,20,0,15.2008
2019,02,20,1,16.4146
2019,02,20,2,17.200200000000002
2019,02,20,3,16.5963
2019,02,20,4,15.578
2019,02,20,5,14.003200000000001
2019,02,20,6,12.157399999999999
2019,02,20,7,13.0067
2019,02,21,0,15.5278
2019,02,21,1,16.7559
2019,02,21,2,16.7701
2019,02,21,3,15.134799999999998
2019,02,21,4,14.3085
2019,02,21,5,15.3731
2019,02,21,6,16.2426
2019,02,21,7,16.614
2019,02,22,0,15.7715
2019,02,22,1,14.7414
2019,02,22,2,14.4424
2019,02,22,3,15.0655
2019,02,22,4,17.5879
2019,02,22,5,18.69
2019,02,22,6,18.7822
2019,02,22,7,20.1081
2019,02,23,0,24.2153
2019,02,23,1,25.144599999999997
2019,02,23,2,24.9172
2019,02,23,3,25.4678
2019,02,23,4,25.3496
2019,02,23,5,24.7235
2019,02,23,6,28.0899
2019,02,23,7,31.173599999999997
2019,02,24,0,29.926099999999998
2019,02,24,1,29.6073
2019,02,24,2,29.259
2019,02,24,3,30.8477
2019,02,24,4,33.333400000000005
2019,02,24,5,31.8312
2019,02,24,6,30.849
2019,02,24,7,31.6036
2019,02,25,0,40.1754
2019,02,25,1,35.843
2019,02,25,2,38.5316
2019,02,25,3,33.919
2019,02,25,4,31.46
2019,02,25,5,31.9982
2019,02,25,6,32.6784
2019,02,25,7,35.0607
2019,02,26,0,36.4542
2019,02,26,1,34.9051
2019,02,26,2,34.3359
2019,02,26,3,29.4589
2019,02,26,4,28.2256
2019,02,26,5,27.497
2019,02,26,6,26.7933
2019,02,26,7,26.4939
2019,02,27,0,25.5753
2019,02,27,1,24.8564
2019,02,27,2,23.9024
2019,02,27,3,23.2941
2019,02,27,4,20.9712
2019,02,27,5,18.9898
2019,02,27,6,18.7528
2019,02,27,7,18.5295
2019,02,28,0,18.331400000000002
2019,02,28,1,17.212400000000002
2019,02,28,2,16.7633
2019,02,28,3,18.6773
2019,02,28,4,20.1483
2019,02,28,5,19.5667
2019,02,28,6,19.0028
2019,02,28,7,17.8942
2019,02,29,0,15.7841
2019,02,29,1,13.3527
2019,02,29,2,11.3135
2019,02,29,3,10.075
2019,02,29,4,9.64523
2019,02,29,5,9.78626
2019,02,29,6,9.8832
2019,02,29,7,10.7153
2019,02,30,0,10.3548
2019,02,30,1,9.22046
2019,02,30,2,8.867370000000001
2019,02,30,3,9.051639999999999
2019,02,30,4,9.22427
2019,02,30,5,9.31124
2019,02,30,6,11.81
2019,02,30,7,14.8175
2019,02,31,0,14.9579
2019,02,31,1,13.5092
2019,02,31,2,12.781600000000001
2019,02,31,3,12.2241
2019,02,31,4,11.0573
2019,02,31,5,10.3386
2019,02,31,6,10.4888
2019,02,31,7,11.4611
2019,02,1,0,12.7025
2019,02,1,1,13.0042
2019,02,1,2,13.223799999999999
2019,02,1,3,13.2817
2019,02,1,4,12.9218
2019,02,1,5,12.4794
2019,02,1,6,11.2787
2019,02,1,7,9.32234
2019,02,2,0,8.46107
2019,02,2,1,7.12723
2019,02,2,2,5.962680000000001
2019,02,2,3,5.54484
2019,02,2,4,6.185989999999999
2019,02,2,5,6.13308
2019,02,2,6,5.77914
2019,02,2,7,5.64267
2019,02,3,0,6.441
2019,02,3,1,7.15
2019,02,3,2,7.46761
2019,02,3,3,6.89081
2019,02,3,4,10.975200000000001
2019,02,3,5,14.4601
2019,02,3,6,17.101
2019,02,3,7,16.7316
2019,02,4,0,13.399899999999999
2019,02,4,1,9.295770000000001
2019,02,4,2,8.29525
2019,02,4,3,10.045200000000001
2019,02,4,4,15.0849
2019,02,4,5,13.5008
2019,02,4,6,11.9499
2019,02,4,7,11.4717
2019,02,5,0,12.3814
2019,02,5,1,12.5641
2019,02,5,2,13.847100000000001
2019,02,5,3,15.9735
2019,02,5,4,15.7676
2019,02,5,5,14.9794
2019,02,5,6,17.171799999999998
2019,02,5,7,19.8037
2019,02,6,0,18.4133
2019,02,6,1,17.2814
2019,02,6,2,20.6603
2019,02,6,3,23.5963
2019,02,6,4,19.8059
2019,02,6,5,16.691200000000002
2019,02,6,6,18.265099999999997
2019,02,6,7,20.7027
2019,02,7,0,20.4466
2019,02,7,1,20.347
2019,02,7,2,19.3543
2019,02,7,3,17.9932
2019,02,7,4,18.5869
2019,02,7,5,19.701900000000002
2019,02,7,6,20.7215
2019,02,7,7,22.0736
2019,02,8,0,25.1159
2019,02,8,1,24.508
2019,02,8,2,23.793599999999998
2019,02,8,3,25.123
2019,02,8,4,23.4211
2019,02,8,5,21.479400000000002
2019,02,8,6,20.19
2019,02,8,7,20.6657
2019,02,9,0,20.2111
2019,02,9,1,16.893099999999997
2019,02,9,2,13.722299999999999
2019,02,9,3,13.241200000000001
2019,02,9,4,12.673200000000001
2019,02,9,5,12.508700000000001
2019,02,9,6,11.3627
2019,02,9,7,9.680209999999999
2019,02,10,0,7.2908100000000005
2019,02,10,1,8.3019
2019,02,10,2,9.23553
2019,02,10,3,10.684299999999999
2019,02,10,4,10.6712
2019,02,10,5,9.8423
2019,02,10,6,9.34819
2019,02,10,7,8.84145
2019,02,11,0,8.48516
2019,02,11,1,8.82818
2019,02,11,2,8.240459999999999
2019,02,11,3,9.864450000000001
2019,02,11,4,11.4467
2019,02,11,5,11.108600000000001
2019,02,11,6,10.311
2019,02,11,7,10.5014
2019,02,12,0,10.810799999999999
2019,02,12,1,11.298399999999999
2019,02,12,2,10.8676
2019,02,12,3,9.83703
2019,02,12,4,9.15725
2019,02,12,5,8.09925
2019,02,12,6,7.05988
2019,02,12,7,7.34475
2019,02,13,0,7.87048
2019,02,13,1,8.26145
2019,02,13,2,8.17097
2019,02,13,3,7.38638
2019,02,13,4,7.615060000000001
2019,02,13,5,8.02537
2019,02,13,6,8.19507
2019,02,13,7,8.828850000000001
2019,02,14,0,9.24102
2019,02,14,1,8.97385
2019,02,14,2,8.13836
2019,02,14,3,7.56792
2019,02,14,4,7.40145
2019,02,14,5,7.65951
2019,02,14,6,8.308959999999999
2019,02,14,7,9.09282
2019,02,15,0,9.43967
2019,02,15,1,9.59295
2019,02,15,2,8.99739
2019,02,15,3,8.53893
2019,02,15,4,8.56853
2019,02,15,5,8.1781
2019,02,15,6,7.84836
2019,02,15,7,8.66337
2019,02,16,0,7.9444
2019,02,16,1,9.50253
2019,02,16,2,10.892
2019,02,16,3,10.3329
2019,02,16,4,10.161700000000002
2019,02,16,5,10.8255
2019,02,16,6,10.7158
2019,02,16,7,12.5935
2019,02,17,0,12.6099
2019,02,17,1,12.7258
2019,02,17,2,12.457600000000001
2019,02,17,3,12.3005
2019,02,17,4,11.883899999999999
2019,02,17,5,12.4806
2019,02,17,6,13.161100000000001
2019,02,17,7,14.4137
2019,02,18,0,14.5793
2019,02,18,1,13.847100000000001
2019,02,18,2,12.7584
2019,02,18,3,12.1229
2019,02,18,4,11.0611
2019,02,18,5,8.999540000000001
2019,02,18,6,8.279020000000001
2019,02,18,7,9.04504
2019,02,19,0,10.56
2019,02,19,1,11.3176
2019,02,19,2,15.8861
2019,02,19,3,10.4777
2019,02,19,4,10.5399
2019,02,19,5,10.834100000000001
2019,02,19,6,10.8246
2019,02,19,7,12.210700000000001
2019,02,20,0,13.119
2019,02,20,1,12.687
2019,02,20,2,11.647200000000002
2019,02,20,3,9.89026
2019,02,20,4,8.7029
2019,02,20,5,8.97424
2019,02,20,6,9.52657
2019,02,20,7,10.284
2019,02,21,0,10.322
2019,02,21,1,9.601780000000002
2019,02,21,2,8.866610000000001
2019,02,21,3,8.23564
2019,02,21,4,8.23148
2019,02,21,5,8.6055
2019,02,21,6,8.796209999999999
2019,02,21,7,11.4724
2019,02,22,0,11.2306
2019,02,22,1,13.617700000000001
2019,02,22,2,14.6315
2019,02,22,3,12.548200000000001
2019,02,22,4,17.0379
2019,02,22,5,16.768900000000002
2019,02,22,6,16.9403
2019,02,22,7,18.0625
2019,02,23,0,17.795099999999998
2019,02,23,1,16.768
2019,02,23,2,16.7529
2019,02,23,3,18.6088
2019,02,23,4,19.5107
2019,02,23,5,19.701400000000003
2019,02,23,6,19.460099999999997
2019,02,23,7,20.181900000000002
2019,02,24,0,18.3695
2019,02,24,1,16.055600000000002
2019,02,24,2,17.1226
2019,02,24,3,18.666400000000003
2019,02,24,4,18.004900000000003
2019,02,24,5,16.2735
2019,02,24,6,15.2591
2019,02,24,7,14.2657
2019,02,25,0,13.0776
2019,02,25,1,14.0039
2019,02,25,2,17.656200000000002
2019,02,25,3,16.0612
2019,02,25,4,15.4759
2019,02,25,5,15.8431
2019,02,25,6,13.9238
2019,02,25,7,14.132100000000001
2019,02,26,0,14.2165
2019,02,26,1,13.973
2019,02,26,2,13.350100000000001
2019,02,26,3,12.8575
2019,02,26,4,12.2885
2019,02,26,5,11.6857
2019,02,26,6,12.2508
2019,02,26,7,13.9695
2019,02,27,0,13.7518
2019,02,27,1,13.1827
2019,02,27,2,13.9817
2019,02,27,3,15.1105
2019,02,27,4,21.1995
2019,02,27,5,17.676
2019,02,27,6,18.1395
2019,02,27,7,19.202599999999997
2019,02,28,0,20.520400000000002
2019,02,28,1,21.3789
2019,02,28,2,21.4346
2019,02,28,3,22.0194
2019,02,28,4,22.7808
2019,02,28,5,22.695400000000003
2019,02,28,6,19.5453
2019,02,28,7,16.9633
2019,02,29,0,16.7649
2019,02,29,1,14.3917
2019,02,29,2,14.2695
2019,02,29,3,14.8066
2019,02,29,4,15.1265
2019,02,29,5,13.6257
2019,02,29,6,13.7509
2019,02,29,7,14.6965
2019,02,30,0,13.992299999999998
2019,02,30,1,12.5979
2019,02,30,2,11.6038
2019,02,30,3,10.576600000000001
2019,02,30,4,10.918
2019,02,30,5,10.544799999999999
2019,02,30,6,9.30265
2019,02,30,7,8.549059999999999
2019,02,31,0,7.671609999999999
2019,02,31,1,7.53658
2019,02,31,2,8.03684
2019,02,31,3,8.69548
2019,02,31,4,8.70386
2019,02,31,5,8.38025
2019,02,31,6,7.63551
2019,02,31,7,7.78068
2019,02,1,0,8.01783
2019,02,1,1,8.31749
2019,02,1,2,7.63091
2019,02,1,3,7.409560000000001
2019,02,1,4,7.3757
2019,02,1,5,7.28845
2019,02,1,6,10.1899
2019,02,1,7,10.0717
2019,02,2,0,12.8635
2019,02,2,1,14.5839
2019,02,2,2,15.9026
2019,02,2,3,18.634400000000003
2019,02,2,4,22.355400000000003
2019,02,2,5,22.0141
2019,02,2,6,23.3418
2019,02,2,7,24.2112
2019,02,3,0,26.4045
2019,02,3,1,27.857400000000002
2019,02,3,2,26.547900000000002
2019,02,3,3,25.1843
2019,02,3,4,25.0415
2019,02,3,5,25.2446
2019,02,3,6,26.125700000000002
2019,02,3,7,26.8454
2019,02,4,0,26.5266
2019,02,4,1,25.4931
2019,02,4,2,26.726200000000002
2019,02,4,3,28.757
2019,02,4,4,28.7465
2019,02,4,5,27.332099999999997
2019,02,4,6,26.5102
2019,02,4,7,25.4913
2019,02,5,0,22.144299999999998
2019,02,5,1,19.9808
2019,02,5,2,20.0604
2019,02,5,3,24.3448
2019,02,5,4,20.046400000000002
2019,02,5,5,23.8212
2019,02,5,6,30.499
2019,02,5,7,28.985799999999998
2019,02,6,0,27.4585
2019,02,6,1,25.084400000000002
2019,02,6,2,25.2052
2019,02,6,3,25.9188
2019,02,6,4,24.3624
2019,02,6,5,21.9995
2019,02,6,6,21.629
2019,02,6,7,21.394
2019,02,7,0,22.8971
2019,02,7,1,23.758200000000002
2019,02,7,2,22.3865
2019,02,7,3,20.670099999999998
2019,02,7,4,19.0684
2019,02,7,5,17.7698
2019,02,7,6,18.4133
2019,02,7,7,19.718799999999998
2019,02,8,0,17.3383
2019,02,8,1,11.7527
2019,02,8,2,5.0224899999999995
2019,02,8,3,4.88903
2019,02,8,4,6.87472
2019,02,8,5,8.440010000000001
2019,02,8,6,5.9444799999999995
2019,02,8,7,7.50847
2019,02,9,0,7.018
2019,02,9,1,8.4903
2019,02,9,2,8.16282
2019,02,9,3,7.84445
2019,02,9,4,8.18404
2019,02,9,5,8.88631
2019,02,9,6,8.02633
2019,02,9,7,6.82106
2019,02,10,0,6.01229
2019,02,10,1,6.8255
2019,02,10,2,7.02613
2019,02,10,3,6.695939999999999
2019,02,10,4,5.8489700000000004
2019,02,10,5,5.973409999999999
2019,02,10,6,6.61119
2019,02,10,7,7.617850000000001
2019,02,11,0,7.26304
2019,02,11,1,6.4874
2019,02,11,2,7.19596
2019,02,11,3,6.99979
2019,02,11,4,7.608770000000001
2019,02,11,5,7.77168
2019,02,11,6,7.57187
2019,02,11,7,8.02582
2019,02,12,0,8.485
2019,02,12,1,8.50605
2019,02,12,2,8.0609
2019,02,12,3,8.10689
2019,02,12,4,9.08915
2019,02,12,5,9.764790000000001
2019,02,12,6,8.782110000000001
2019,02,12,7,8.42563
2019,02,13,0,7.99171
2019,02,13,1,7.5845
2019,02,13,2,7.51921
2019,02,13,3,7.476649999999999
2019,02,13,4,7.29723
2019,02,13,5,7.17049
2019,02,13,6,6.98434
2019,02,13,7,7.12958
2019,02,14,0,9.58157
2019,02,14,1,7.71088
2019,02,14,2,7.72177
2019,02,14,3,7.36609
2019,02,14,4,6.875
2019,02,14,5,6.64809
2019,02,14,6,6.53901
2019,02,14,7,7.10494
2019,02,15,0,9.86355
2019,02,15,1,9.32355
2019,02,15,2,8.865440000000001
2019,02,15,3,7.176399999999999
2019,02,15,4,6.03847
2019,02,15,5,6.90779
2019,02,15,6,8.13524
2019,02,15,7,12.0771
2019,02,16,0,12.4495
2019,02,16,1,12.5265
2019,02,16,2,10.421899999999999
2019,02,16,3,7.06115
2019,02,16,4,6.18586
2019,02,16,5,7.62042
2019,02,16,6,11.8479
2019,02,16,7,14.248
2019,02,17,0,11.0866
2019,02,17,1,10.4724
2019,02,17,2,10.4664
2019,02,17,3,10.6302
2019,02,17,4,9.68431
2019,02,17,5,8.79732
2019,02,17,6,9.07036
2019,02,17,7,9.1361
2019,02,18,0,9.09168
2019,02,18,1,10.0215
2019,02,18,2,7.2594899999999996
2019,02,18,3,7.58587
2019,02,18,4,7.59204
2019,02,18,5,6.898350000000001
2019,02,18,6,7.57106
2019,02,18,7,10.8508
2019,02,19,0,9.6476
2019,02,19,1,10.2614
2019,02,19,2,11.299700000000001
2019,02,19,3,11.8665
2019,02,19,4,9.95667
2019,02,19,5,8.863629999999999
2019,02,19,6,7.10179
2019,02,19,7,7.697850000000001
2019,02,20,0,8.457
2019,02,20,1,8.25252
2019,02,20,2,10.0374
2019,02,20,3,9.21959
2019,02,20,4,8.28201
2019,02,20,5,7.61781
2019,02,20,6,7.14181
2019,02,20,7,7.1618699999999995
2019,02,21,0,8.17877
2019,02,21,1,8.814860000000001
2019,02,21,2,8.59304
2019,02,21,3,8.761959999999998
2019,02,21,4,8.554590000000001
2019,02,21,5,8.61581
2019,02,21,6,8.47649
2019,02,21,7,8.19882
2019,02,22,0,8.11571
2019,02,22,1,8.07797
2019,02,22,2,7.9307799999999995
2019,02,22,3,7.914770000000001
2019,02,22,4,8.16585
2019,02,22,5,7.98627
2019,02,22,6,7.79774
2019,02,22,7,8.283520000000001
2019,02,23,0,10.5086
2019,02,23,1,8.79913
2019,02,23,2,11.6159
2019,02,23,3,15.2927
2019,02,23,4,13.694799999999999
2019,02,23,5,11.9994
2019,02,23,6,12.2432
2019,02,23,7,13.2856
2019,02,24,0,12.4761
2019,02,24,1,12.2595
2019,02,24,2,12.1913
2019,02,24,3,12.945
2019,02,24,4,13.1925
2019,02,24,5,13.548200000000001
2019,02,24,6,12.8658
2019,02,24,7,12.0518
2019,02,25,0,12.479
2019,02,25,1,14.1121
2019,02,25,2,16.9979
2019,02,25,3,17.9207
2019,02,25,4,18.4659
2019,02,25,5,18.6222
2019,02,25,6,18.296599999999998
2019,02,25,7,18.459
2019,02,26,0,18.5121
2019,02,26,1,18.2823
2019,02,26,2,18.1109
2019,02,26,3,17.8232
2019,02,26,4,19.3562
2019,02,26,5,20.6837
2019,02,26,6,19.402900000000002
2019,02,26,7,17.7063
2019,02,27,0,17.3155
2019,02,27,1,18.9787
2019,02,27,2,17.8979
2019,02,27,3,16.481900000000003
2019,02,27,4,15.1599
2019,02,27,5,15.5405
2019,02,27,6,14.5086
2019,02,27,7,13.7682
2019,02,28,0,13.276
2019,02,28,1,11.4125
2019,02,28,2,7.83294
2019,02,28,3,9.30651
2019,02,28,4,9.50173
2019,02,28,5,9.341299999999999
2019,02,28,6,5.90278
2019,02,28,7,4.6145
2019,02,29,0,5.11025
2019,02,29,1,4.983350000000001
2019,02,29,2,5.68764
2019,02,29,3,6.14038
2019,02,29,4,5.599609999999999
2019,02,29,5,4.86101
2019,02,29,6,4.52166
2019,02,29,7,7.109520000000001
2019,02,30,0,5.57766
2019,02,30,1,4.589300000000001
2019,02,30,2,3.8969099999999997
2019,02,30,3,4.02997
2019,02,30,4,4.56471
2019,02,30,5,5.06604
2019,02,30,6,4.3711400000000005
2019,02,30,7,3.86464
2019,02,1,0,3.70722
2019,02,1,1,4.49848
2019,02,1,2,5.17704
2019,02,1,3,5.12623
2019,02,1,4,5.3227
2019,02,1,5,5.5743
2019,02,1,6,5.30899
2019,02,1,7,5.02006
2019,02,2,0,4.64234
2019,02,2,1,4.81323
2019,02,2,2,4.798430000000001
2019,02,2,3,4.43999
2019,02,2,4,4.65987
2019,02,2,5,4.79659
2019,02,2,6,4.57282
2019,02,2,7,4.576020000000001
2019,02,3,0,4.67654
2019,02,3,1,4.756279999999999
2019,02,3,2,4.6794899999999995
2019,02,3,3,4.36404
2019,02,3,4,4.1478
2019,02,3,5,4.06411
2019,02,3,6,4.242649999999999
2019,02,3,7,4.62871
2019,02,4,0,4.41218
2019,02,4,1,4.49933
2019,02,4,2,3.6823699999999997
2019,02,4,3,2.28275
2019,02,4,4,2.0786700000000002
2019,02,4,5,2.06536
2019,02,4,6,3.2164800000000002
2019,02,4,7,3.5043699999999998
2019,02,5,0,3.99262
2019,02,5,1,4.22115
2019,02,5,2,5.24234
2019,02,5,3,6.26733
2019,02,5,4,6.2930600000000005
2019,02,5,5,6.37368
2019,02,5,6,6.458939999999999
2019,02,5,7,5.33596
2019,02,6,0,5.59527
2019,02,6,1,5.91592
2019,02,6,2,8.07279
2019,02,6,3,7.28646
2019,02,6,4,8.07465
2019,02,6,5,7.902430000000001
2019,02,6,6,8.32569
2019,02,6,7,8.73348
2019,02,7,0,9.247950000000001
2019,02,7,1,9.82259
2019,02,7,2,9.608600000000001
2019,02,7,3,9.67378
2019,02,7,4,9.57192
2019,02,7,5,8.351809999999999
2019,02,7,6,7.94609
2019,02,7,7,8.845870000000001
2019,02,8,0,8.85663
2019,02,8,1,9.03084
2019,02,8,2,9.18069
2019,02,8,3,8.807690000000001
2019,02,8,4,7.9628000000000005
2019,02,8,5,7.4315299999999995
2019,02,8,6,7.113770000000001
2019,02,8,7,7.8070699999999995
2019,02,9,0,8.4831
2019,02,9,1,7.5302
2019,02,9,2,5.910279999999999
2019,02,9,3,5.32099
2019,02,9,4,5.27993
2019,02,9,5,4.623069999999999
2019,02,9,6,4.56562
2019,02,9,7,4.33185
2019,02,10,0,4.97708
2019,02,10,1,4.62317
2019,02,10,2,2.7377399999999996
2019,02,10,3,2.08099
2019,02,10,4,1.74356
2019,02,10,5,1.40584
2019,02,10,6,1.68767
2019,02,10,7,1.66278
2019,02,11,0,1.76804
2019,02,11,1,2.0385999999999997
2019,02,11,2,1.6726800000000002
2019,02,11,3,2.4797399999999996
2019,02,11,4,2.13201
2019,02,11,5,2.4183499999999998
2019,02,11,6,2.53848
2019,02,11,7,2.47094
2019,02,12,0,2.6311
2019,02,12,1,2.76431
2019,02,12,2,2.86923
2019,02,12,3,2.86938
2019,02,12,4,2.70073
2019,02,12,5,2.5405300000000004
2019,02,12,6,2.5747199999999997
2019,02,12,7,2.49559
2019,02,13,0,2.36602
2019,02,13,1,2.30342
2019,02,13,2,2.49905
2019,02,13,3,2.80182
2019,02,13,4,2.93976
2019,02,13,5,2.75963
2019,02,13,6,2.78959
2019,02,13,7,3.1557
2019,02,14,0,3.86489
2019,02,14,1,4.4377200000000006
2019,02,14,2,4.55889
2019,02,14,3,4.49905
2019,02,14,4,4.43754
2019,02,14,5,4.39909
2019,02,14,6,4.06177
2019,02,14,7,3.72579
2019,02,15,0,3.4144699999999997
2019,02,15,1,3.2123000000000004
2019,02,15,2,3.42255
2019,02,15,3,3.79994
2019,02,15,4,4.19709
2019,02,15,5,4.530600000000001
2019,02,15,6,4.45963
2019,02,15,7,4.15479
2019,02,16,0,3.98959
2019,02,16,1,3.8693299999999997
2019,02,16,2,4.09938
2019,02,16,3,4.02592
2019,02,16,4,4.44059
2019,02,16,5,5.09932
2019,02,16,6,5.698810000000001
2019,02,16,7,6.63399
2019,02,17,0,7.96354
2019,02,17,1,8.517629999999999
2019,02,17,2,9.08242
2019,02,17,3,10.3201
2019,02,17,4,10.790299999999998
2019,02,17,5,8.69735
2019,02,17,6,7.70812
2019,02,17,7,8.191510000000001
2019,02,18,0,7.51896
2019,02,18,1,7.63621
2019,02,18,2,5.96408
2019,02,18,3,4.6196
2019,02,18,4,5.26747
2019,02,18,5,5.85574
2019,02,18,6,7.26748
2019,02,18,7,7.12838
2019,02,19,0,6.65459
2019,02,19,1,5.14453
2019,02,19,2,5.31491
2019,02,19,3,6.2383299999999995
2019,02,19,4,5.91164
2019,02,19,5,6.35367
2019,02,19,6,7.99153
2019,02,19,7,9.7475
2019,02,20,0,8.69593
2019,02,20,1,11.7305
2019,02,20,2,11.7161
2019,02,20,3,11.3046
2019,02,20,4,12.238100000000001
2019,02,20,5,10.742299999999998
2019,02,20,6,8.61611
2019,02,20,7,9.30194
2019,02,21,0,10.4895
2019,02,21,1,10.853
2019,02,21,2,11.1692
2019,02,21,3,12.4365
2019,02,21,4,13.0051
2019,02,21,5,9.9224
2019,02,21,6,9.66025
2019,02,21,7,9.11223
2019,02,22,0,7.87314
2019,02,22,1,7.61124
2019,02,22,2,6.992229999999999
2019,02,22,3,6.63603
2019,02,22,4,6.309810000000001
2019,02,22,5,6.088760000000001
2019,02,22,6,6.63705
2019,02,22,7,6.569529999999999
2019,02,23,0,6.712020000000001
2019,02,23,1,6.97488
2019,02,23,2,7.73015
2019,02,23,3,8.30115
2019,02,23,4,9.558620000000001
2019,02,23,5,11.5095
2019,02,23,6,11.4413
2019,02,23,7,10.8336
2019,02,24,0,10.5551
2019,02,24,1,9.18649
2019,02,24,2,5.00936
2019,02,24,3,5.40146
2019,02,24,4,5.133850000000001
2019,02,24,5,4.25678
2019,02,24,6,5.7532700000000006
2019,02,24,7,5.9949200000000005
2019,02,25,0,6.75667
2019,02,25,1,7.19658
2019,02,25,2,7.19993
2019,02,25,3,7.0884
2019,02,25,4,7.12761
2019,02,25,5,6.84102
2019,02,25,6,6.88068
2019,02,25,7,7.27767
2019,02,26,0,7.32496
2019,02,26,1,7.19307
2019,02,26,2,6.807300000000001
2019,02,26,3,6.65623
2019,02,26,4,6.072430000000001
2019,02,26,5,5.26249
2019,02,26,6,4.9714
2019,02,26,7,4.914560000000001
2019,02,27,0,5.39223
2019,02,27,1,5.28151
2019,02,27,2,5.22576
2019,02,27,3,5.16284
2019,02,27,4,5.2939799999999995
2019,02,27,5,5.15186
2019,02,27,6,5.556970000000001
2019,02,27,7,5.86158
2019,02,28,0,4.1925
2019,02,28,1,1.92855
2019,02,28,2,2.2956399999999997
2019,02,28,3,3.32857
2019,02,28,4,3.20389
2019,02,28,5,3.29852
2019,02,28,6,3.50861
2019,02,28,7,3.23082
2019,02,29,0,3.82026
2019,02,29,1,4.45633
2019,02,29,2,5.11109
2019,02,29,3,5.65123
2019,02,29,4,6.217569999999999
2019,02,29,5,5.134729999999999
2019,02,29,6,4.49218
2019,02,29,7,4.25383
2019,02,30,0,2.58902
2019,02,30,1,1.4550699999999999
2019,02,30,2,1.2882799999999999
2019,02,30,3,1.22186
2019,02,30,4,1.01901
2019,02,30,5,0.909182
2019,02,30,6,1.4875
2019,02,30,7,1.73111
2019,02,31,0,1.8536700000000002
2019,02,31,1,1.9987300000000001
2019,02,31,2,2.17687
2019,02,31,3,2.28808
2019,02,31,4,2.23765
2019,02,31,5,2.06983
2019,02,31,6,2.01437
2019,02,31,7,2.0413900000000003
2019,02,1,0,2.10004
2019,02,1,1,2.05209
2019,02,1,2,2.18888
2019,02,1,3,3.51733
2019,02,1,4,2.55778
2019,02,1,5,2.70139
2019,02,1,6,2.89948
2019,02,1,7,3.34492
2019,02,2,0,4.04563
2019,02,2,1,5.00803
2019,02,2,2,5.94477
2019,02,2,3,6.5568800000000005
2019,02,2,4,6.5612200000000005
2019,02,2,5,6.33343
2019,02,2,6,6.54624
2019,02,2,7,6.50227
2019,02,3,0,6.45012
2019,02,3,1,6.22679
2019,02,3,2,6.12706
2019,02,3,3,6.1177600000000005
2019,02,3,4,6.0590399999999995
2019,02,3,5,5.77009
2019,02,3,6,5.1200600000000005
2019,02,3,7,4.785819999999999
2019,02,4,0,4.79157
2019,02,4,1,4.71795
2019,02,4,2,4.85984
2019,02,4,3,5.2452700000000005
2019,02,4,4,5.8700600000000005
2019,02,4,5,6.2912799999999995
2019,02,4,6,6.41204
2019,02,4,7,6.5721099999999995
2019,02,5,0,6.32062
2019,02,5,1,5.83675
2019,02,5,2,5.8076300000000005
2019,02,5,3,6.74539
2019,02,5,4,7.92881
2019,02,5,5,8.35026
2019,02,5,6,7.77236
2019,02,5,7,7.47095
2019,02,6,0,7.3185
2019,02,6,1,7.3846300000000005
2019,02,6,2,7.375229999999999
2019,02,6,3,7.70889
2019,02,6,4,8.10881
2019,02,6,5,8.65335
2019,02,6,6,8.56163
2019,02,6,7,8.09197
2019,02,7,0,7.714930000000001
2019,02,7,1,7.39269
2019,02,7,2,6.85241
2019,02,7,3,6.2825
2019,02,7,4,5.82369
2019,02,7,5,5.54504
2019,02,7,6,5.45385
2019,02,7,7,5.08529
2019,02,8,0,5.12718
2019,02,8,1,5.09186
2019,02,8,2,4.98491
2019,02,8,3,4.78686
2019,02,8,4,4.7267
2019,02,8,5,4.70625
2019,02,8,6,4.66266
2019,02,8,7,4.44029
2019,02,9,0,4.1616
2019,02,9,1,3.8386
2019,02,9,2,3.76782
2019,02,9,3,3.67038
2019,02,9,4,3.58443
2019,02,9,5,3.6381300000000003
2019,02,9,6,3.57513
2019,02,9,7,3.07702
2019,02,10,0,2.9513499999999997
2019,02,10,1,3.03559
2019,02,10,2,3.02275
2019,02,10,3,2.98133
2019,02,10,4,3.29205
2019,02,10,5,4.05631
2019,02,10,6,5.22187
2019,02,10,7,6.6741
2019,02,11,0,7.549939999999999
2019,02,11,1,8.56559
2019,02,11,2,7.8246400000000005
2019,02,11,3,7.882029999999999
2019,02,11,4,8.708120000000001
2019,02,11,5,9.88481
2019,02,11,6,11.4078
2019,02,11,7,12.5907
2019,02,12,0,13.1395
2019,02,12,1,13.5674
2019,02,12,2,12.8969
2019,02,12,3,12.399899999999999
2019,02,12,4,11.6637
2019,02,12,5,10.934299999999999
2019,02,12,6,10.548
2019,02,12,7,10.0445
2019,02,13,0,9.978639999999999
2019,02,13,1,9.47139
2019,02,13,2,9.85073
2019,02,13,3,10.006
2019,02,13,4,9.38627
2019,02,13,5,9.33413
2019,02,13,6,9.99663
2019,02,13,7,11.1411
2019,02,14,0,12.863100000000001
2019,02,14,1,10.8451
2019,02,14,2,10.8132
2019,02,14,3,10.523
2019,02,14,4,10.5975
2019,02,14,5,10.187299999999999
2019,02,14,6,9.35002
2019,02,14,7,9.711049999999998
2019,02,15,0,10.6943
2019,02,15,1,11.2847
2019,02,15,2,11.3664
2019,02,15,3,10.1746
2019,02,15,4,9.57334
2019,02,15,5,10.027299999999999
2019,02,15,6,11.4557
2019,02,15,7,12.4949
2019,02,16,0,12.1402
2019,02,16,1,11.0581
2019,02,16,2,9.86983
2019,02,16,3,8.80735
2019,02,16,4,7.86534
2019,02,16,5,7.82638
2019,02,16,6,8.728489999999999
2019,02,16,7,8.74747
2019,02,17,0,8.231959999999999
2019,02,17,1,7.5643199999999995
2019,02,17,2,7.37605
2019,02,17,3,7.87884
2019,02,17,4,8.28076
2019,02,17,5,8.51323
2019,02,17,6,8.98757
2019,02,17,7,8.65751
2019,02,18,0,8.15761
2019,02,18,1,7.54246
2019,02,18,2,7.6135399999999995
2019,02,18,3,7.67285
2019,02,18,4,7.55997
2019,02,18,5,7.073270000000001
2019,02,18,6,7.126399999999999
2019,02,18,7,7.02337
2019,02,19,0,7.3068100000000005
2019,02,19,1,7.46979
2019,02,19,2,7.15637
2019,02,19,3,6.505109999999999
2019,02,19,4,5.992859999999999
2019,02,19,5,6.5337
2019,02,19,6,8.60047
2019,02,19,7,10.4333
2019,02,20,0,11.3904
2019,02,20,1,9.6673
2019,02,20,2,7.48475
2019,02,20,3,10.105799999999999
2019,02,20,4,12.8717
2019,02,20,5,12.225200000000001
2019,02,20,6,11.4345
2019,02,20,7,11.4511
2019,02,21,0,11.994299999999999
2019,02,21,1,13.077200000000001
2019,02,21,2,12.6051
2019,02,21,3,11.4421
2019,02,21,4,10.6242
2019,02,21,5,10.433399999999999
2019,02,21,6,10.020100000000001
2019,02,21,7,10.5677
2019,02,22,0,10.4966
2019,02,22,1,10.918700000000001
2019,02,22,2,10.8194
2019,02,22,3,10.499799999999999
2019,02,22,4,10.2156
2019,02,22,5,10.152
2019,02,22,6,9.793610000000001
2019,02,22,7,9.42567
2019,02,23,0,9.464649999999999
2019,02,23,1,9.057450000000001
2019,02,23,2,8.37533
2019,02,23,3,7.874560000000001
2019,02,23,4,7.57736
2019,02,23,5,7.23176
2019,02,23,6,7.427560000000001
2019,02,23,7,6.48957
2019,02,24,0,6.08959
2019,02,24,1,5.42303
2019,02,24,2,4.576350000000001
2019,02,24,3,3.85453
2019,02,24,4,2.8832199999999997
2019,02,24,5,2.2324699999999997
2019,02,24,6,2.23823
2019,02,24,7,3.46531
2019,02,25,0,4.03084
2019,02,25,1,4.24289
2019,02,25,2,3.85065
2019,02,25,3,4.78676
2019,02,25,4,5.02359
2019,02,25,5,4.43279
2019,02,25,6,3.6693800000000003
2019,02,25,7,4.3811599999999995
2019,02,26,0,4.5598
2019,02,26,1,4.515890000000001
2019,02,26,2,4.27822
2019,02,26,3,4.31172
2019,02,26,4,4.20224
2019,02,26,5,4.17372
2019,02,26,6,4.49137
2019,02,26,7,6.5430600000000005
2019,02,27,0,8.50525
2019,02,27,1,9.11155
2019,02,27,2,7.6463
2019,02,27,3,7.87049
2019,02,27,4,8.11435
2019,02,27,5,6.976979999999999
2019,02,27,6,6.36994
2019,02,27,7,6.309810000000001
2019,02,28,0,5.44987
2019,02,28,1,4.86554
2019,02,28,2,4.35145
2019,02,28,3,3.6649000000000003
2019,02,28,4,3.72199
2019,02,28,5,6.30447
2019,02,28,6,7.91167
2019,02,28,7,8.5496
2019,02,29,0,8.24311
2019,02,29,1,8.048689999999999
2019,02,29,2,7.77927
2019,02,29,3,6.78496
2019,02,29,4,6.10562
2019,02,29,5,6.55963
2019,02,29,6,5.39074
2019,02,29,7,4.4247700000000005
2019,02,30,0,4.06656
2019,02,30,1,3.72905
2019,02,30,2,3.5273000000000003
2019,02,30,3,3.91958
2019,02,30,4,4.681220000000001
2019,02,30,5,5.671069999999999
2019,02,30,6,7.38013
2019,02,30,7,8.17099
2019,02,1,0,10.0246
2019,02,1,1,10.857
2019,02,1,2,11.0749
2019,02,1,3,11.1793
2019,02,1,4,12.9541
2019,02,1,5,13.2229
2019,02,1,6,13.1682
2019,02,1,7,12.8553
2019,02,2,0,11.196399999999999
2019,02,2,1,10.0635
2019,02,2,2,10.3073
2019,02,2,3,9.69426
2019,02,2,4,10.0455
2019,02,2,5,10.2373
2019,02,2,6,9.4731
2019,02,2,7,9.42436
2019,02,3,0,9.35756
2019,02,3,1,9.06915
2019,02,3,2,9.34891
2019,02,3,3,9.89967
2019,02,3,4,10.398200000000001
2019,02,3,5,11.7537
2019,02,3,6,12.614799999999999
2019,02,3,7,13.2102
2019,02,4,0,12.8696
2019,02,4,1,12.2241
2019,02,4,2,10.922
2019,02,4,3,12.606
2019,02,4,4,13.2132
2019,02,4,5,14.8004
2019,02,4,6,14.769200000000001
2019,02,4,7,14.1362
2019,02,5,0,10.9528
2019,02,5,1,10.6898
2019,02,5,2,10.516399999999999
2019,02,5,3,10.441600000000001
2019,02,5,4,9.7821
2019,02,5,5,9.63073
2019,02,5,6,10.264
2019,02,5,7,10.7776
2019,02,6,0,11.5293
2019,02,6,1,11.454
2019,02,6,2,10.9284
2019,02,6,3,10.8278
2019,02,6,4,10.0199
2019,02,6,5,9.05966
2019,02,6,6,8.67808
2019,02,6,7,8.87567
2019,02,7,0,9.06652
2019,02,7,1,7.856
2019,02,7,2,9.197040000000001
2019,02,7,3,10.3282
2019,02,7,4,11.1388
2019,02,7,5,11.560799999999999
2019,02,7,6,11.6759
2019,02,7,7,11.266200000000001
2019,02,8,0,12.1812
2019,02,8,1,11.4069
2019,02,8,2,10.2645
2019,02,8,3,9.593
2019,02,8,4,10.1714
2019,02,8,5,10.2328
2019,02,8,6,9.9877
2019,02,8,7,10.0259
2019,02,9,0,10.916799999999999
2019,02,9,1,9.681799999999999
2019,02,9,2,9.13493
2019,02,9,3,8.51471
2019,02,9,4,7.15113
2019,02,9,5,5.706899999999999
2019,02,9,6,5.17208
2019,02,9,7,5.931979999999999
2019,02,10,0,6.25169
2019,02,10,1,5.56915
2019,02,10,2,3.59375
2019,02,10,3,2.50297
2019,02,10,4,2.46123
2019,02,10,5,2.86632
2019,02,10,6,3.51175
2019,02,10,7,3.9886500000000003
2019,02,11,0,4.43701
2019,02,11,1,5.61014
2019,02,11,2,6.71175
2019,02,11,3,7.19719
2019,02,11,4,8.38354
2019,02,11,5,6.94633
2019,02,11,6,7.099399999999999
2019,02,11,7,10.2771
2019,02,12,0,13.881
2019,02,12,1,15.1524
2019,02,12,2,16.644599999999997
2019,02,12,3,16.7312
2019,02,12,4,14.5974
2019,02,12,5,14.2006
2019,02,12,6,14.8911
2019,02,12,7,14.5008
2019,02,13,0,15.0269
2019,02,13,1,14.258
2019,02,13,2,13.7973
2019,02,13,3,13.2736
2019,02,13,4,13.0063
2019,02,13,5,13.8537
2019,02,13,6,14.759799999999998
2019,02,13,7,15.1042
2019,02,14,0,13.999600000000001
2019,02,14,1,14.5628
2019,02,14,2,13.073
2019,02,14,3,11.433200000000001
2019,02,14,4,7.818
2019,02,14,5,7.14113
2019,02,14,6,7.48062
2019,02,14,7,6.15162
2019,02,15,0,5.16069
2019,02,15,1,4.72977
2019,02,15,2,4.58235
2019,02,15,3,4.89313
2019,02,15,4,4.67308
2019,02,15,5,3.90116
2019,02,15,6,3.6878699999999998
2019,02,15,7,3.42818
2019,02,16,0,3.72709
2019,02,16,1,4.07728
2019,02,16,2,3.93106
2019,02,16,3,3.6052
2019,02,16,4,2.99212
2019,02,16,5,2.00685
2019,02,16,6,2.85038
2019,02,16,7,2.0628699999999998
2019,02,17,0,1.93205
2019,02,17,1,1.94955
2019,02,17,2,1.88371
2019,02,17,3,1.85307
2019,02,17,4,1.77857
2019,02,17,5,1.74425
2019,02,17,6,1.8272
2019,02,17,7,2.3962600000000003
2019,02,18,0,3.99928
2019,02,18,1,3.62002
2019,02,18,2,3.02112
2019,02,18,3,2.3167600000000004
2019,02,18,4,2.6752
2019,02,18,5,4.34003
2019,02,18,6,5.54041
2019,02,18,7,5.7081599999999995
2019,02,19,0,6.09019
2019,02,19,1,5.9697700000000005
2019,02,19,2,5.99877
2019,02,19,3,6.39767
2019,02,19,4,6.8
2019,02,19,5,7.52547
2019,02,19,6,8.12982
2019,02,19,7,8.4045
2019,02,20,0,8.71905
2019,02,20,1,8.07652
2019,02,20,2,7.46279
2019,02,20,3,7.38892
2019,02,20,4,6.75805
2019,02,20,5,5.9160200000000005
2019,02,20,6,5.4341099999999996
2019,02,20,7,5.582319999999999
2019,02,21,0,5.72339
2019,02,21,1,5.21954
2019,02,21,2,4.60562
2019,02,21,3,4.36587
2019,02,21,4,4.3693800000000005
2019,02,21,5,4.28399
2019,02,21,6,4.22062
2019,02,21,7,4.61908
2019,02,22,0,4.51354
2019,02,22,1,4.186859999999999
2019,02,22,2,4.22222
2019,02,22,3,3.8539499999999998
2019,02,22,4,4.83154
2019,02,22,5,4.26297
2019,02,22,6,4.58569
2019,02,22,7,6.2443599999999995
2019,02,23,0,9.19958
2019,02,23,1,11.5024
2019,02,23,2,11.2524
2019,02,23,3,12.369299999999999
2019,02,23,4,12.413
2019,02,23,5,11.7725
2019,02,23,6,11.9758
2019,02,23,7,11.3424
2019,02,24,0,10.226799999999999
2019,02,24,1,9.70392
2019,02,24,2,8.679649999999999
2019,02,24,3,7.68121
2019,02,24,4,6.581770000000001
2019,02,24,5,5.29129
2019,02,24,6,5.61705
2019,02,24,7,5.39602
2019,02,25,0,5.4320900000000005
2019,02,25,1,6.1588400000000005
2019,02,25,2,7.0134
2019,02,25,3,7.70036
2019,02,25,4,7.19606
2019,02,25,5,5.97518
2019,02,25,6,5.60033
2019,02,25,7,5.11584
2019,02,26,0,5.26018
2019,02,26,1,6.37009
2019,02,26,2,7.76668
2019,02,26,3,8.08637
2019,02,26,4,8.12561
2019,02,26,5,8.34417
2019,02,26,6,8.33825
2019,02,26,7,7.98583
2019,02,27,0,7.70797
2019,02,27,1,7.29798
2019,02,27,2,6.8308599999999995
2019,02,27,3,6.225
2019,02,27,4,5.5528
2019,02,27,5,4.75621
2019,02,27,6,4.27898
2019,02,27,7,3.8247199999999997
2019,02,28,0,3.41786
2019,02,28,1,2.81603
2019,02,28,2,2.71882
2019,02,28,3,3.55961
2019,02,28,4,3.91104
2019,02,28,5,4.5136899999999995
2019,02,28,6,5.53445
2019,02,28,7,7.24802
2019,02,29,0,8.400139999999999
2019,02,29,1,9.31785
2019,02,29,2,9.38443
2019,02,29,3,9.32061
2019,02,29,4,9.577069999999999
2019,02,29,5,9.86068
2019,02,29,6,10.426
2019,02,29,7,10.3888
2019,02,30,0,10.128200000000001
2019,02,30,1,10.3811
2019,02,30,2,10.5075
2019,02,30,3,10.2393
2019,02,30,4,10.1616
2019,02,30,5,9.566790000000001
2019,02,30,6,9.37068
2019,02,30,7,9.33435
2019,02,31,0,9.03776
2019,02,31,1,8.620190000000001
2019,02,31,2,8.22174
2019,02,31,3,7.74345
2019,02,31,4,6.63227
2019,02,31,5,3.69951
2019,02,31,6,3.44855
2019,02,31,7,5.19383
2020,02,1,0,7.08908
2020,02,1,1,7.58174
2020,02,1,2,6.70209
2020,02,1,3,8.704649999999999
2020,02,1,4,9.40481
2020,02,1,5,7.95788
2020,02,1,6,9.12932
2020,02,1,7,11.468
