####################################################################################################
# Month: 05May                                                                                     #
# Station: /n/holylfs05/LABS/bhi/Lab/doeleman_lab/freemanmd/am_output/SUF                          #
# Columns are: year    month   day     segment         Pbase (mbar)                                #
####################################################################################################
year,month,day,segment,Pbase
2009,05,1,0,726.0772
2009,05,1,1,725.22598
2009,05,1,2,723.93357
2009,05,1,3,722.27848
2009,05,1,4,721.62048
2009,05,1,5,721.47974
2009,05,1,6,721.18665
2009,05,1,7,721.04073
2009,05,2,0,721.40137
2009,05,2,1,722.07153
2009,05,2,2,722.24528
2009,05,2,3,722.384
2009,05,2,4,722.32044
2009,05,2,5,722.13928
2009,05,2,6,722.19039
2009,05,2,7,722.44174
2009,05,3,0,723.14599
2009,05,3,1,723.54439
2009,05,3,2,723.69467
2009,05,3,3,724.27377
2009,05,3,4,725.0619
2009,05,3,5,725.10249
2009,05,3,6,725.54601
2009,05,3,7,726.41476
2009,05,4,0,727.05892
2009,05,4,1,726.99938
2009,05,4,2,726.69596
2009,05,4,3,726.44167
2009,05,4,4,726.18751
2009,05,4,5,725.22435
2009,05,4,6,724.308
2009,05,4,7,724.0114
2009,05,5,0,723.76209
2009,05,5,1,723.49083
2009,05,5,2,723.52078
2009,05,5,3,723.68747
2009,05,5,4,724.09633
2009,05,5,5,724.53323
2009,05,5,6,725.21338
2009,05,5,7,725.68069
2009,05,6,0,726.0018
2009,05,6,1,726.05197
2009,05,6,2,726.37398
2009,05,6,3,726.6762
2009,05,6,4,726.93935
2009,05,6,5,727.02692
2009,05,6,6,727.23814
2009,05,6,7,727.44329
2009,05,7,0,727.74494
2009,05,7,1,727.869
2009,05,7,2,727.62104
2009,05,7,3,727.21091
2009,05,7,4,727.08532
2009,05,7,5,726.85368
2009,05,7,6,726.7633
2009,05,7,7,726.41349
2009,05,8,0,725.58779
2009,05,8,1,724.42707
2009,05,8,2,723.71844
2009,05,8,3,723.14997
2009,05,8,4,722.38647
2009,05,8,5,721.70548
2009,05,8,6,721.45773
2009,05,8,7,720.88582
2009,05,9,0,720.09613
2009,05,9,1,719.47067
2009,05,9,2,719.67469
2009,05,9,3,719.99877
2009,05,9,4,720.17329
2009,05,9,5,720.49265
2009,05,9,6,721.57134
2009,05,9,7,722.46776
2009,05,10,0,722.85358
2009,05,10,1,722.58249
2009,05,10,2,723.06156
2009,05,10,3,723.43843
2009,05,10,4,723.70067
2009,05,10,5,723.50999
2009,05,10,6,723.00035
2009,05,10,7,722.77231
2009,05,11,0,722.31347
2009,05,11,1,721.04502
2009,05,11,2,720.3688
2009,05,11,3,719.85418
2009,05,11,4,719.11388
2009,05,11,5,718.23908
2009,05,11,6,717.71082
2009,05,11,7,717.44963
2009,05,12,0,717.05363
2009,05,12,1,716.6699
2009,05,12,2,716.61751
2009,05,12,3,716.79894
2009,05,12,4,716.81566
2009,05,12,5,716.78016
2009,05,12,6,717.08406
2009,05,12,7,717.47254
2009,05,13,0,718.1068
2009,05,13,1,718.58551
2009,05,13,2,719.19678
2009,05,13,3,719.55041
2009,05,13,4,719.50386
2009,05,13,5,718.88246
2009,05,13,6,718.84438
2009,05,13,7,718.98998
2009,05,14,0,718.86408
2009,05,14,1,718.3175
2009,05,14,2,718.31386
2009,05,14,3,718.38701
2009,05,14,4,718.17117
2009,05,14,5,717.94716
2009,05,14,6,718.99192
2009,05,14,7,719.63567
2009,05,15,0,719.43421
2009,05,15,1,719.05808
2009,05,15,2,719.36483
2009,05,15,3,719.4974
2009,05,15,4,719.30058
2009,05,15,5,719.42514
2009,05,15,6,720.00144
2009,05,15,7,720.18382
2009,05,16,0,720.65742
2009,05,16,1,720.65053
2009,05,16,2,720.53294
2009,05,16,3,720.47007
2009,05,16,4,720.43645
2009,05,16,5,720.0466
2009,05,16,6,719.73615
2009,05,16,7,719.47362
2009,05,17,0,718.98468
2009,05,17,1,718.14677
2009,05,17,2,717.42187
2009,05,17,3,716.57612
2009,05,17,4,716.01675
2009,05,17,5,715.36094
2009,05,17,6,714.55294
2009,05,17,7,713.74519
2009,05,18,0,712.88851
2009,05,18,1,712.23246
2009,05,18,2,712.19859
2009,05,18,3,712.32857
2009,05,18,4,712.649
2009,05,18,5,712.39069
2009,05,18,6,712.30363
2009,05,18,7,712.42931
2009,05,19,0,712.71991
2009,05,19,1,713.01925
2009,05,19,2,713.08065
2009,05,19,3,713.6862
2009,05,19,4,714.33441
2009,05,19,5,714.67592
2009,05,19,6,715.83308
2009,05,19,7,717.02253
2009,05,20,0,717.73618
2009,05,20,1,718.08942
2009,05,20,2,719.06845
2009,05,20,3,720.00248
2009,05,20,4,720.96811
2009,05,20,5,721.18757
2009,05,20,6,721.62983
2009,05,20,7,721.92039
2009,05,21,0,722.10437
2009,05,21,1,721.82293
2009,05,21,2,720.87092
2009,05,21,3,719.66547
2009,05,21,4,718.51572
2009,05,21,5,717.50758
2009,05,21,6,716.53964
2009,05,21,7,715.93977
2009,05,22,0,715.50269
2009,05,22,1,714.91329
2009,05,22,2,715.42054
2009,05,22,3,716.55283
2009,05,22,4,717.22123
2009,05,22,5,717.7245
2009,05,22,6,719.01282
2009,05,22,7,720.56847
2009,05,23,0,721.61908
2009,05,23,1,722.16581
2009,05,23,2,722.72939
2009,05,23,3,723.21715
2009,05,23,4,722.95569
2009,05,23,5,722.37325
2009,05,23,6,722.16379
2009,05,23,7,721.92701
2009,05,24,0,720.74277
2009,05,24,1,718.98699
2009,05,24,2,717.91433
2009,05,24,3,717.1468
2009,05,24,4,716.36637
2009,05,24,5,716.02122
2009,05,24,6,715.99031
2009,05,24,7,716.16687
2009,05,25,0,715.90861
2009,05,25,1,715.71532
2009,05,25,2,715.83552
2009,05,25,3,715.89872
2009,05,25,4,716.14548
2009,05,25,5,716.59866
2009,05,25,6,716.46634
2009,05,25,7,716.41177
2009,05,26,0,716.73442
2009,05,26,1,717.03076
2009,05,26,2,717.31088
2009,05,26,3,717.71841
2009,05,26,4,718.10521
2009,05,26,5,718.49634
2009,05,26,6,719.09484
2009,05,26,7,719.59393
2009,05,27,0,719.50016
2009,05,27,1,719.151
2009,05,27,2,719.35054
2009,05,27,3,719.60323
2009,05,27,4,719.67009
2009,05,27,5,719.13864
2009,05,27,6,718.84009
2009,05,27,7,718.90704
2009,05,28,0,718.05469
2009,05,28,1,716.83639
2009,05,28,2,716.40507
2009,05,28,3,716.0976
2009,05,28,4,715.6729
2009,05,28,5,715.68187
2009,05,28,6,715.50194
2009,05,28,7,715.78577
2009,05,29,0,716.72906
2009,05,29,1,716.55518
2009,05,29,2,715.94909
2009,05,29,3,714.72722
2009,05,29,4,713.30662
2009,05,29,5,712.55466
2009,05,29,6,712.97166
2009,05,29,7,713.83511
2009,05,30,0,715.06569
2009,05,30,1,716.46638
2009,05,30,2,718.6617
2009,05,30,3,721.14608
2009,05,30,4,722.13437
2009,05,30,5,721.95385
2009,05,30,6,721.61523
2009,05,30,7,720.98881
2009,05,31,0,720.23559
2009,05,31,1,719.73983
2009,05,31,2,719.98376
2009,05,31,3,720.40058
2009,05,31,4,720.78666
2009,05,31,5,721.32336
2009,05,31,6,721.72754
2009,05,31,7,721.96467
2009,05,1,0,722.32629
2009,05,1,1,722.31729
2009,05,1,2,722.2356
2009,05,1,3,721.78716
2009,05,1,4,721.84036
2009,05,1,5,722.12779
2009,05,1,6,723.19781
2009,05,1,7,724.5002
2009,05,2,0,726.06704
2009,05,2,1,727.46644
2009,05,2,2,728.53216
2009,05,2,3,729.68015
2009,05,2,4,730.61643
2009,05,2,5,730.97952
2009,05,2,6,730.93816
2009,05,2,7,730.60676
2009,05,3,0,730.28392
2009,05,3,1,729.15676
2009,05,3,2,728.43623
2009,05,3,3,727.66259
2009,05,3,4,726.54232
2009,05,3,5,725.62926
2009,05,3,6,724.12866
2009,05,3,7,723.10199
2009,05,4,0,722.86408
2009,05,4,1,722.30482
2009,05,4,2,721.79801
2009,05,4,3,721.56802
2009,05,4,4,721.48072
2009,05,4,5,721.04877
2009,05,4,6,720.6685
2009,05,4,7,720.38192
2009,05,5,0,720.07957
2009,05,5,1,719.49698
2009,05,5,2,719.1776
2009,05,5,3,718.48323
2009,05,5,4,717.49191
2009,05,5,5,717.08339
2009,05,5,6,716.42689
2009,05,5,7,715.30812
2009,05,6,0,714.06794
2009,05,6,1,713.09626
2009,05,6,2,713.1599
2009,05,6,3,713.19763
2009,05,6,4,713.68126
2009,05,6,5,714.15516
2009,05,6,6,714.68143
2009,05,6,7,715.14769
2009,05,7,0,715.43913
2009,05,7,1,715.68511
2009,05,7,2,715.99326
2009,05,7,3,716.20833
2009,05,7,4,716.5549
2009,05,7,5,716.98401
2009,05,7,6,717.35607
2009,05,7,7,718.01794
2009,05,8,0,718.56295
2009,05,8,1,718.82787
2009,05,8,2,719.29479
2009,05,8,3,719.2628
2009,05,8,4,719.13212
2009,05,8,5,718.92327
2009,05,8,6,719.15838
2009,05,8,7,719.33036
2009,05,9,0,719.43782
2009,05,9,1,719.35817
2009,05,9,2,719.18383
2009,05,9,3,719.00145
2009,05,9,4,718.92782
2009,05,9,5,718.84292
2009,05,9,6,718.82866
2009,05,9,7,718.68196
2009,05,10,0,718.81541
2009,05,10,1,718.77357
2009,05,10,2,718.46199
2009,05,10,3,718.25216
2009,05,10,4,718.32815
2009,05,10,5,718.68731
2009,05,10,6,718.78943
2009,05,10,7,718.51402
2009,05,11,0,718.66339
2009,05,11,1,718.67643
2009,05,11,2,718.28692
2009,05,11,3,717.9261
2009,05,11,4,717.92859
2009,05,11,5,717.66713
2009,05,11,6,717.93935
2009,05,11,7,718.47655
2009,05,12,0,718.69819
2009,05,12,1,718.55533
2009,05,12,2,719.14631
2009,05,12,3,719.77512
2009,05,12,4,719.7762
2009,05,12,5,719.84531
2009,05,12,6,720.75625
2009,05,12,7,721.54779
2009,05,13,0,721.69102
2009,05,13,1,721.01402
2009,05,13,2,720.88821
2009,05,13,3,720.92006
2009,05,13,4,720.4887
2009,05,13,5,719.57311
2009,05,13,6,719.28477
2009,05,13,7,719.24904
2009,05,14,0,719.08447
2009,05,14,1,718.31373
2009,05,14,2,717.93738
2009,05,14,3,717.71866
2009,05,14,4,716.46552
2009,05,14,5,715.14031
2009,05,14,6,714.72618
2009,05,14,7,714.53209
2009,05,15,0,713.83945
2009,05,15,1,713.24079
2009,05,15,2,712.68929
2009,05,15,3,712.50292
2009,05,15,4,712.7157
2009,05,15,5,713.01485
2009,05,15,6,713.13082
2009,05,15,7,713.20191
2009,05,16,0,713.37151
2009,05,16,1,713.39398
2009,05,16,2,713.49274
2009,05,16,3,713.76515
2009,05,16,4,713.70385
2009,05,16,5,713.71183
2009,05,16,6,714.19268
2009,05,16,7,714.4878
2009,05,17,0,714.45182
2009,05,17,1,714.33556
2009,05,17,2,714.50791
2009,05,17,3,714.69131
2009,05,17,4,714.74287
2009,05,17,5,715.15795
2009,05,17,6,715.57599
2009,05,17,7,715.90331
2009,05,18,0,715.63181
2009,05,18,1,715.092
2009,05,18,2,715.09707
2009,05,18,3,715.67878
2009,05,18,4,716.15497
2009,05,18,5,716.61547
2009,05,18,6,717.37608
2009,05,18,7,718.50584
2009,05,19,0,719.26488
2009,05,19,1,719.57798
2009,05,19,2,720.43063
2009,05,19,3,721.11122
2009,05,19,4,722.109
2009,05,19,5,722.98363
2009,05,19,6,723.4902
2009,05,19,7,723.87467
2009,05,20,0,723.5033
2009,05,20,1,722.7935
2009,05,20,2,722.68383
2009,05,20,3,722.26202
2009,05,20,4,721.29766
2009,05,20,5,719.70913
2009,05,20,6,718.60759
2009,05,20,7,718.01424
2009,05,21,0,717.26008
2009,05,21,1,716.32152
2009,05,21,2,715.43848
2009,05,21,3,714.45673
2009,05,21,4,713.17343
2009,05,21,5,712.19486
2009,05,21,6,711.11908
2009,05,21,7,710.84771
2009,05,22,0,711.94332
2009,05,22,1,712.97962
2009,05,22,2,714.73995
2009,05,22,3,716.75375
2009,05,22,4,717.84712
2009,05,22,5,718.74105
2009,05,22,6,720.5166
2009,05,22,7,722.34078
2009,05,23,0,723.04804
2009,05,23,1,722.67536
2009,05,23,2,722.63368
2009,05,23,3,722.27021
2009,05,23,4,721.4156
2009,05,23,5,719.96515
2009,05,23,6,718.45047
2009,05,23,7,716.72051
2009,05,24,0,714.70814
2009,05,24,1,712.24145
2009,05,24,2,710.53294
2009,05,24,3,709.19425
2009,05,24,4,708.1825
2009,05,24,5,707.02589
2009,05,24,6,706.23531
2009,05,24,7,705.97256
2009,05,25,0,705.85906
2009,05,25,1,705.7641
2009,05,25,2,706.75518
2009,05,25,3,707.69119
2009,05,25,4,708.96347
2009,05,25,5,710.27242
2009,05,25,6,711.56505
2009,05,25,7,713.14453
2009,05,26,0,713.73723
2009,05,26,1,713.51753
2009,05,26,2,714.57473
2009,05,26,3,715.41165
2009,05,26,4,715.58854
2009,05,26,5,715.83659
2009,05,26,6,715.78884
2009,05,26,7,715.44751
2009,05,27,0,714.93159
2009,05,27,1,714.41852
2009,05,27,2,714.07478
2009,05,27,3,713.31521
2009,05,27,4,712.92676
2009,05,27,5,712.62032
2009,05,27,6,711.86162
2009,05,27,7,711.15356
2009,05,28,0,710.88515
2009,05,28,1,710.91189
2009,05,28,2,710.9819
2009,05,28,3,711.08053
2009,05,28,4,711.72032
2009,05,28,5,712.38849
2009,05,28,6,712.93365
2009,05,28,7,713.69923
2009,05,1,0,714.71578
2009,05,1,1,715.35371
2009,05,1,2,715.77144
2009,05,1,3,715.90022
2009,05,1,4,715.90694
2009,05,1,5,715.67419
2009,05,1,6,715.24124
2009,05,1,7,714.89392
2009,05,2,0,714.3594
2009,05,2,1,713.54939
2009,05,2,2,712.99398
2009,05,2,3,712.74993
2009,05,2,4,712.56277
2009,05,2,5,712.4394
2009,05,2,6,712.42967
2009,05,2,7,712.80967
2009,05,3,0,713.30456
2009,05,3,1,713.68941
2009,05,3,2,714.21976
2009,05,3,3,714.65002
2009,05,3,4,714.92198
2009,05,3,5,714.85732
2009,05,3,6,714.89038
2009,05,3,7,715.07026
2009,05,4,0,714.68273
2009,05,4,1,714.29681
2009,05,4,2,714.47796
2009,05,4,3,714.32227
2009,05,4,4,714.2025
2009,05,4,5,714.00525
2009,05,4,6,713.88446
2009,05,4,7,713.55982
2009,05,5,0,712.59138
2009,05,5,1,710.93152
2009,05,5,2,710.54955
2009,05,5,3,711.05348
2009,05,5,4,711.86987
2009,05,5,5,712.41084
2009,05,5,6,712.54247
2009,05,5,7,712.94658
2009,05,6,0,713.45652
2009,05,6,1,713.63108
2009,05,6,2,713.93383
2009,05,6,3,714.40055
2009,05,6,4,715.12674
2009,05,6,5,715.93693
2009,05,6,6,716.55296
2009,05,6,7,717.34978
2009,05,7,0,717.86116
2009,05,7,1,718.11244
2009,05,7,2,719.21462
2009,05,7,3,720.5732
2009,05,7,4,721.24531
2009,05,7,5,721.49276
2009,05,7,6,721.66582
2009,05,7,7,721.56334
2009,05,8,0,721.24591
2009,05,8,1,720.45647
2009,05,8,2,719.77831
2009,05,8,3,718.93359
2009,05,8,4,718.53363
2009,05,8,5,717.86101
2009,05,8,6,717.30611
2009,05,8,7,716.93221
2009,05,9,0,715.8405
2009,05,9,1,714.42656
2009,05,9,2,713.90882
2009,05,9,3,713.62299
2009,05,9,4,712.75061
2009,05,9,5,711.6011
2009,05,9,6,710.59856
2009,05,9,7,709.97179
2009,05,10,0,709.51134
2009,05,10,1,709.15994
2009,05,10,2,708.87724
2009,05,10,3,708.60994
2009,05,10,4,709.59697
2009,05,10,5,711.01155
2009,05,10,6,711.93377
2009,05,10,7,712.0943
2009,05,11,0,712.11103
2009,05,11,1,711.80837
2009,05,11,2,711.36859
2009,05,11,3,711.00353
2009,05,11,4,710.4003
2009,05,11,5,709.57027
2009,05,11,6,709.55743
2009,05,11,7,709.61581
2009,05,12,0,709.40303
2009,05,12,1,709.12545
2009,05,12,2,708.7222
2009,05,12,3,708.74382
2009,05,12,4,708.29718
2009,05,12,5,707.59034
2009,05,12,6,707.26349
2009,05,12,7,707.0148
2009,05,13,0,706.89837
2009,05,13,1,706.57318
2009,05,13,2,706.10112
2009,05,13,3,705.63399
2009,05,13,4,705.72015
2009,05,13,5,705.56022
2009,05,13,6,705.68042
2009,05,13,7,706.02831
2009,05,14,0,706.94596
2009,05,14,1,707.49065
2009,05,14,2,707.78189
2009,05,14,3,708.23536
2009,05,14,4,708.91877
2009,05,14,5,709.19251
2009,05,14,6,709.20084
2009,05,14,7,709.21634
2009,05,15,0,709.20544
2009,05,15,1,708.79305
2009,05,15,2,708.39636
2009,05,15,3,707.80675
2009,05,15,4,706.99387
2009,05,15,5,706.02271
2009,05,15,6,705.5543
2009,05,15,7,705.30719
2009,05,16,0,704.60935
2009,05,16,1,704.25851
2009,05,16,2,704.26324
2009,05,16,3,704.50392
2009,05,16,4,703.70478
2009,05,16,5,702.47253
2009,05,16,6,702.0633
2009,05,16,7,702.01795
2009,05,17,0,702.55668
2009,05,17,1,703.26243
2009,05,17,2,704.94479
2009,05,17,3,706.30107
2009,05,17,4,707.18337
2009,05,17,5,707.97624
2009,05,17,6,708.91458
2009,05,17,7,709.85454
2009,05,18,0,710.87444
2009,05,18,1,711.40856
2009,05,18,2,712.43464
2009,05,18,3,713.99388
2009,05,18,4,715.57842
2009,05,18,5,717.44789
2009,05,18,6,719.6588
2009,05,18,7,721.5038
2009,05,19,0,722.86138
2009,05,19,1,723.82268
2009,05,19,2,725.02901
2009,05,19,3,726.00698
2009,05,19,4,727.02131
2009,05,19,5,727.61984
2009,05,19,6,727.66887
2009,05,19,7,727.66176
2009,05,20,0,727.81405
2009,05,20,1,727.48228
2009,05,20,2,727.33254
2009,05,20,3,727.11064
2009,05,20,4,726.73022
2009,05,20,5,725.83501
2009,05,20,6,723.87843
2009,05,20,7,722.15682
2009,05,21,0,720.5038
2009,05,21,1,719.02875
2009,05,21,2,718.08209
2009,05,21,3,717.55365
2009,05,21,4,716.8716
2009,05,21,5,716.35935
2009,05,21,6,716.76258
2009,05,21,7,717.17438
2009,05,22,0,717.20096
2009,05,22,1,717.12467
2009,05,22,2,717.44362
2009,05,22,3,717.97236
2009,05,22,4,718.7687
2009,05,22,5,719.68891
2009,05,22,6,720.39358
2009,05,22,7,721.06834
2009,05,23,0,721.58017
2009,05,23,1,721.48136
2009,05,23,2,721.96071
2009,05,23,3,722.57788
2009,05,23,4,723.42641
2009,05,23,5,723.8596
2009,05,23,6,723.9554
2009,05,23,7,724.05838
2009,05,24,0,723.89918
2009,05,24,1,723.61718
2009,05,24,2,723.37798
2009,05,24,3,722.94929
2009,05,24,4,722.69118
2009,05,24,5,722.22261
2009,05,24,6,722.00235
2009,05,24,7,722.02577
2009,05,25,0,721.86176
2009,05,25,1,721.66007
2009,05,25,2,721.81652
2009,05,25,3,721.88508
2009,05,25,4,722.14763
2009,05,25,5,722.30834
2009,05,25,6,722.35296
2009,05,25,7,722.41127
2009,05,26,0,722.57105
2009,05,26,1,722.2269
2009,05,26,2,722.06444
2009,05,26,3,721.90513
2009,05,26,4,721.34481
2009,05,26,5,721.06104
2009,05,26,6,720.72699
2009,05,26,7,720.20208
2009,05,27,0,719.36099
2009,05,27,1,718.66382
2009,05,27,2,718.73176
2009,05,27,3,719.02948
2009,05,27,4,719.15114
2009,05,27,5,719.08922
2009,05,27,6,719.06859
2009,05,27,7,719.32008
2009,05,28,0,719.16682
2009,05,28,1,718.74434
2009,05,28,2,718.93199
2009,05,28,3,719.32946
2009,05,28,4,719.40425
2009,05,28,5,719.46558
2009,05,28,6,719.72047
2009,05,28,7,719.79114
2009,05,29,0,719.37153
2009,05,29,1,718.80108
2009,05,29,2,718.105
2009,05,29,3,717.38342
2009,05,29,4,716.80237
2009,05,29,5,716.0307
2009,05,29,6,715.51612
2009,05,29,7,715.20247
2009,05,30,0,714.63505
2009,05,30,1,714.00814
2009,05,30,2,713.73454
2009,05,30,3,713.81832
2009,05,30,4,713.58513
2009,05,30,5,713.29876
2009,05,30,6,713.07067
2009,05,30,7,712.91649
2009,05,31,0,712.67552
2009,05,31,1,712.48461
2009,05,31,2,713.11704
2009,05,31,3,713.59779
2009,05,31,4,713.812
2009,05,31,5,713.89693
2009,05,31,6,713.94222
2009,05,31,7,714.22099
2009,05,1,0,714.06934
2009,05,1,1,713.91787
2009,05,1,2,713.90718
2009,05,1,3,714.03771
2009,05,1,4,714.30761
2009,05,1,5,714.27627
2009,05,1,6,714.18826
2009,05,1,7,714.51978
2009,05,2,0,714.24025
2009,05,2,1,713.89379
2009,05,2,2,713.9122
2009,05,2,3,713.68732
2009,05,2,4,713.72133
2009,05,2,5,714.05944
2009,05,2,6,714.11357
2009,05,2,7,714.00375
2009,05,3,0,714.28228
2009,05,3,1,713.97528
2009,05,3,2,714.08434
2009,05,3,3,714.15655
2009,05,3,4,713.84083
2009,05,3,5,713.32585
2009,05,3,6,713.65593
2009,05,3,7,714.17955
2009,05,4,0,714.84858
2009,05,4,1,715.56203
2009,05,4,2,715.78737
2009,05,4,3,715.71658
2009,05,4,4,715.93238
2009,05,4,5,715.98165
2009,05,4,6,716.48422
2009,05,4,7,717.25828
2009,05,5,0,718.27552
2009,05,5,1,718.51572
2009,05,5,2,718.46708
2009,05,5,3,718.97498
2009,05,5,4,719.15054
2009,05,5,5,719.20457
2009,05,5,6,718.94761
2009,05,5,7,718.15901
2009,05,6,0,717.42212
2009,05,6,1,717.19733
2009,05,6,2,717.41781
2009,05,6,3,717.32759
2009,05,6,4,716.86457
2009,05,6,5,716.4244
2009,05,6,6,716.41367
2009,05,6,7,716.45365
2009,05,7,0,715.51213
2009,05,7,1,714.30071
2009,05,7,2,714.09688
2009,05,7,3,714.00841
2009,05,7,4,713.76788
2009,05,7,5,713.65353
2009,05,7,6,713.61426
2009,05,7,7,713.68337
2009,05,8,0,713.45819
2009,05,8,1,713.15554
2009,05,8,2,713.71902
2009,05,8,3,714.05672
2009,05,8,4,714.06217
2009,05,8,5,714.20424
2009,05,8,6,714.25015
2009,05,8,7,714.33948
2009,05,9,0,714.70642
2009,05,9,1,715.23631
2009,05,9,2,715.51239
2009,05,9,3,715.72488
2009,05,9,4,715.44468
2009,05,9,5,715.29536
2009,05,9,6,715.14066
2009,05,9,7,714.41299
2009,05,10,0,714.46164
2009,05,10,1,714.33551
2009,05,10,2,713.48543
2009,05,10,3,712.09768
2009,05,10,4,710.84646
2009,05,10,5,709.88255
2009,05,10,6,708.94956
2009,05,10,7,708.26491
2009,05,11,0,708.71696
2009,05,11,1,709.38356
2009,05,11,2,709.72397
2009,05,11,3,709.94593
2009,05,11,4,710.40667
2009,05,11,5,710.94713
2009,05,11,6,711.62177
2009,05,11,7,712.59668
2009,05,12,0,713.77679
2009,05,12,1,714.88532
2009,05,12,2,716.41557
2009,05,12,3,718.3066
2009,05,12,4,719.69228
2009,05,12,5,721.09052
2009,05,12,6,722.19518
2009,05,12,7,723.06524
2009,05,13,0,724.31688
2009,05,13,1,725.04833
2009,05,13,2,725.90984
2009,05,13,3,726.39299
2009,05,13,4,726.7444
2009,05,13,5,726.82779
2009,05,13,6,726.79202
2009,05,13,7,726.32512
2009,05,14,0,725.40353
2009,05,14,1,724.59294
2009,05,14,2,723.72347
2009,05,14,3,722.68516
2009,05,14,4,721.61312
2009,05,14,5,720.31187
2009,05,14,6,718.90361
2009,05,14,7,717.76299
2009,05,15,0,717.08248
2009,05,15,1,716.39511
2009,05,15,2,715.83154
2009,05,15,3,715.35788
2009,05,15,4,715.15846
2009,05,15,5,715.13125
2009,05,15,6,715.31545
2009,05,15,7,715.91136
2009,05,16,0,715.87256
2009,05,16,1,715.45576
2009,05,16,2,716.0559
2009,05,16,3,716.66063
2009,05,16,4,716.87402
2009,05,16,5,717.29425
2009,05,16,6,717.54281
2009,05,16,7,717.45472
2009,05,17,0,717.34899
2009,05,17,1,716.92166
2009,05,17,2,716.8712
2009,05,17,3,716.89828
2009,05,17,4,716.44699
2009,05,17,5,716.17847
2009,05,17,6,715.73785
2009,05,17,7,715.43014
2009,05,18,0,715.06105
2009,05,18,1,714.59961
2009,05,18,2,714.6206
2009,05,18,3,714.89713
2009,05,18,4,715.57234
2009,05,18,5,716.30854
2009,05,18,6,717.30685
2009,05,18,7,718.29636
2009,05,19,0,719.35827
2009,05,19,1,720.27586
2009,05,19,2,721.35373
2009,05,19,3,722.72406
2009,05,19,4,723.84375
2009,05,19,5,724.78733
2009,05,19,6,725.55009
2009,05,19,7,725.9261
2009,05,20,0,726.30787
2009,05,20,1,726.49116
2009,05,20,2,726.2165
2009,05,20,3,725.8624
2009,05,20,4,725.87694
2009,05,20,5,725.86065
2009,05,20,6,725.18391
2009,05,20,7,724.52141
2009,05,21,0,723.46032
2009,05,21,1,721.82207
2009,05,21,2,719.56513
2009,05,21,3,717.89226
2009,05,21,4,717.76164
2009,05,21,5,717.74327
2009,05,21,6,717.85265
2009,05,21,7,718.21206
2009,05,22,0,718.28669
2009,05,22,1,717.82624
2009,05,22,2,718.38811
2009,05,22,3,718.87682
2009,05,22,4,718.39114
2009,05,22,5,717.98074
2009,05,22,6,717.94016
2009,05,22,7,718.49195
2009,05,23,0,718.70475
2009,05,23,1,718.68419
2009,05,23,2,719.35147
2009,05,23,3,719.84883
2009,05,23,4,720.02606
2009,05,23,5,720.07034
2009,05,23,6,720.10791
2009,05,23,7,720.44132
2009,05,24,0,721.10385
2009,05,24,1,721.53024
2009,05,24,2,722.3199
2009,05,24,3,722.95005
2009,05,24,4,723.1778
2009,05,24,5,723.1713
2009,05,24,6,723.01436
2009,05,24,7,722.94241
2009,05,25,0,722.72181
2009,05,25,1,722.49272
2009,05,25,2,722.03952
2009,05,25,3,721.55706
2009,05,25,4,721.44249
2009,05,25,5,720.97586
2009,05,25,6,720.43688
2009,05,25,7,720.23511
2009,05,26,0,719.76697
2009,05,26,1,719.05893
2009,05,26,2,718.29706
2009,05,26,3,717.47719
2009,05,26,4,716.73787
2009,05,26,5,716.3281
2009,05,26,6,715.81598
2009,05,26,7,715.26429
2009,05,27,0,715.03426
2009,05,27,1,715.10731
2009,05,27,2,715.12701
2009,05,27,3,715.62631
2009,05,27,4,716.90904
2009,05,27,5,717.86514
2009,05,27,6,718.76046
2009,05,27,7,719.53815
2009,05,28,0,720.15345
2009,05,28,1,720.51869
2009,05,28,2,720.95143
2009,05,28,3,721.28688
2009,05,28,4,722.04965
2009,05,28,5,722.35105
2009,05,28,6,722.25806
2009,05,28,7,722.74704
2009,05,29,0,722.96935
2009,05,29,1,722.62813
2009,05,29,2,722.53222
2009,05,29,3,721.87978
2009,05,29,4,720.4776
2009,05,29,5,721.2847
2009,05,29,6,723.88002
2009,05,29,7,726.482
2009,05,30,0,728.89135
2009,05,30,1,729.9212
2009,05,30,2,729.49018
2009,05,30,3,728.80405
2009,05,30,4,728.36784
2009,05,30,5,727.59474
2009,05,30,6,727.24585
2009,05,30,7,727.72176
2009,05,1,0,727.95025
2009,05,1,1,727.32242
2009,05,1,2,727.44477
2009,05,1,3,728.7796
2009,05,1,4,729.12928
2009,05,1,5,729.43075
2009,05,1,6,729.1954
2009,05,1,7,728.81275
2009,05,2,0,728.37249
2009,05,2,1,727.44343
2009,05,2,2,727.05737
2009,05,2,3,727.10127
2009,05,2,4,726.63159
2009,05,2,5,726.27978
2009,05,2,6,725.80346
2009,05,2,7,725.79604
2009,05,3,0,725.16132
2009,05,3,1,724.2136
2009,05,3,2,724.40398
2009,05,3,3,724.7082
2009,05,3,4,724.50879
2009,05,3,5,724.4521
2009,05,3,6,724.32366
2009,05,3,7,724.3755
2009,05,4,0,723.96726
2009,05,4,1,722.80151
2009,05,4,2,722.56709
2009,05,4,3,722.67658
2009,05,4,4,722.63959
2009,05,4,5,722.55662
2009,05,4,6,722.65592
2009,05,4,7,722.77077
2009,05,5,0,723.12834
2009,05,5,1,723.16309
2009,05,5,2,723.96868
2009,05,5,3,724.95751
2009,05,5,4,724.92714
2009,05,5,5,725.12918
2009,05,5,6,725.68992
2009,05,5,7,726.13761
2009,05,6,0,726.23166
2009,05,6,1,726.19767
2009,05,6,2,726.65426
2009,05,6,3,727.09056
2009,05,6,4,727.17789
2009,05,6,5,727.27448
2009,05,6,6,727.60252
2009,05,6,7,727.58005
2009,05,7,0,727.23776
2009,05,7,1,726.23195
2009,05,7,2,725.8628
2009,05,7,3,725.26172
2009,05,7,4,723.8483
2009,05,7,5,722.38633
2009,05,7,6,721.09628
2009,05,7,7,719.33547
2009,05,8,0,716.77167
2009,05,8,1,714.24536
2009,05,8,2,713.02867
2009,05,8,3,712.37867
2009,05,8,4,711.5548
2009,05,8,5,711.13814
2009,05,8,6,711.43705
2009,05,8,7,712.06294
2009,05,9,0,712.78262
2009,05,9,1,712.98636
2009,05,9,2,714.12583
2009,05,9,3,716.01321
2009,05,9,4,717.64227
2009,05,9,5,717.98927
2009,05,9,6,718.22467
2009,05,9,7,718.61722
2009,05,10,0,718.66709
2009,05,10,1,717.19174
2009,05,10,2,717.8259
2009,05,10,3,718.67152
2009,05,10,4,719.20923
2009,05,10,5,719.51633
2009,05,10,6,719.60134
2009,05,10,7,719.66961
2009,05,11,0,719.12559
2009,05,11,1,717.7109
2009,05,11,2,716.67109
2009,05,11,3,715.55466
2009,05,11,4,714.20528
2009,05,11,5,712.99851
2009,05,11,6,712.0477
2009,05,11,7,711.33943
2009,05,12,0,710.5949
2009,05,12,1,710.11184
2009,05,12,2,709.74717
2009,05,12,3,709.24026
2009,05,12,4,709.39406
2009,05,12,5,709.35679
2009,05,12,6,709.71418
2009,05,12,7,709.8474
2009,05,13,0,709.89722
2009,05,13,1,709.76765
2009,05,13,2,709.50536
2009,05,13,3,709.22452
2009,05,13,4,708.72608
2009,05,13,5,708.44132
2009,05,13,6,708.72025
2009,05,13,7,709.39392
2009,05,14,0,710.25643
2009,05,14,1,710.81241
2009,05,14,2,711.89087
2009,05,14,3,712.99458
2009,05,14,4,713.22256
2009,05,14,5,713.67342
2009,05,14,6,714.53224
2009,05,14,7,715.06576
2009,05,15,0,716.30512
2009,05,15,1,717.07043
2009,05,15,2,717.9631
2009,05,15,3,719.29208
2009,05,15,4,720.25321
2009,05,15,5,721.21347
2009,05,15,6,722.36165
2009,05,15,7,723.23988
2009,05,16,0,724.13722
2009,05,16,1,724.61947
2009,05,16,2,725.00993
2009,05,16,3,725.14659
2009,05,16,4,724.59434
2009,05,16,5,723.44922
2009,05,16,6,723.16645
2009,05,16,7,722.97169
2009,05,17,0,722.27678
2009,05,17,1,721.72915
2009,05,17,2,721.91719
2009,05,17,3,722.59893
2009,05,17,4,722.12458
2009,05,17,5,721.3718
2009,05,17,6,720.98788
2009,05,17,7,720.86368
2009,05,18,0,721.22583
2009,05,18,1,720.75664
2009,05,18,2,720.45452
2009,05,18,3,720.73058
2009,05,18,4,719.90609
2009,05,18,5,719.46252
2009,05,18,6,718.71736
2009,05,18,7,717.68442
2009,05,19,0,716.73367
2009,05,19,1,715.29551
2009,05,19,2,713.7944
2009,05,19,3,712.30664
2009,05,19,4,710.75937
2009,05,19,5,709.37492
2009,05,19,6,708.66738
2009,05,19,7,707.62544
2009,05,20,0,706.8844
2009,05,20,1,706.99517
2009,05,20,2,707.1193
2009,05,20,3,707.61902
2009,05,20,4,709.12753
2009,05,20,5,710.83172
2009,05,20,6,711.87291
2009,05,20,7,712.97303
2009,05,21,0,714.38027
2009,05,21,1,715.38539
2009,05,21,2,716.41038
2009,05,21,3,717.16438
2009,05,21,4,717.55814
2009,05,21,5,717.8273
2009,05,21,6,717.0948
2009,05,21,7,715.28671
2009,05,22,0,713.46254
2009,05,22,1,711.45913
2009,05,22,2,710.38578
2009,05,22,3,709.94895
2009,05,22,4,709.22514
2009,05,22,5,708.6577
2009,05,22,6,708.55645
2009,05,22,7,709.17696
2009,05,23,0,710.05397
2009,05,23,1,711.22572
2009,05,23,2,712.6593
2009,05,23,3,714.69854
2009,05,23,4,716.84079
2009,05,23,5,719.33699
2009,05,23,6,720.61298
2009,05,23,7,721.64138
2009,05,24,0,722.9703
2009,05,24,1,724.23758
2009,05,24,2,725.78864
2009,05,24,3,726.96757
2009,05,24,4,728.49286
2009,05,24,5,730.06216
2009,05,24,6,731.62446
2009,05,24,7,732.47339
2009,05,25,0,731.76502
2009,05,25,1,729.97677
2009,05,25,2,729.04926
2009,05,25,3,727.83294
2009,05,25,4,726.03468
2009,05,25,5,723.75222
2009,05,25,6,720.32737
2009,05,25,7,717.3809
2009,05,26,0,715.84624
2009,05,26,1,716.14016
2009,05,26,2,717.17979
2009,05,26,3,719.00746
2009,05,26,4,721.77399
2009,05,26,5,724.22896
2009,05,26,6,726.02988
2009,05,26,7,727.55107
2009,05,27,0,730.24945
2009,05,27,1,732.47421
2009,05,27,2,733.06408
2009,05,27,3,732.73551
2009,05,27,4,732.18877
2009,05,27,5,729.68553
2009,05,27,6,726.1136
2009,05,27,7,721.55897
2009,05,28,0,717.43515
2009,05,28,1,716.95194
2009,05,28,2,718.48132
2009,05,28,3,720.15956
2009,05,28,4,721.69322
2009,05,28,5,721.91258
2009,05,28,6,721.48184
2009,05,28,7,721.71616
2009,05,29,0,722.64354
2009,05,29,1,723.10271
2009,05,29,2,724.02501
2009,05,29,3,725.37231
2009,05,29,4,726.82907
2009,05,29,5,727.69414
2009,05,29,6,727.77683
2009,05,29,7,727.68426
2009,05,30,0,727.52581
2009,05,30,1,726.71905
2009,05,30,2,726.16831
2009,05,30,3,726.03379
2009,05,30,4,726.13782
2009,05,30,5,726.57152
2009,05,30,6,726.76689
2009,05,30,7,727.47818
2009,05,31,0,728.80953
2009,05,31,1,729.3763
2009,05,31,2,729.51526
2009,05,31,3,729.2503
2009,05,31,4,728.24686
2009,05,31,5,727.74098
2009,05,31,6,727.85074
2009,05,31,7,727.95504
2009,05,1,0,727.73251
2009,05,1,1,726.68698
2009,05,1,2,726.00683
2009,05,1,3,725.68646
2009,05,1,4,725.47607
2009,05,1,5,725.22684
2009,05,1,6,724.60376
2009,05,1,7,724.10092
2009,05,2,0,724.1314
2009,05,2,1,723.79475
2009,05,2,2,723.78102
2009,05,2,3,723.69088
2009,05,2,4,723.24895
2009,05,2,5,722.51807
2009,05,2,6,722.00548
2009,05,2,7,722.22602
2009,05,3,0,722.4169
2009,05,3,1,722.32491
2009,05,3,2,722.59987
2009,05,3,3,722.71535
2009,05,3,4,722.94813
2009,05,3,5,723.05201
2009,05,3,6,723.497
2009,05,3,7,723.62243
2009,05,4,0,723.09749
2009,05,4,1,722.48515
2009,05,4,2,722.37873
2009,05,4,3,722.29695
2009,05,4,4,721.66112
2009,05,4,5,720.98741
2009,05,4,6,720.90373
2009,05,4,7,720.65112
2009,05,5,0,720.01082
2009,05,5,1,718.86193
2009,05,5,2,717.33002
2009,05,5,3,715.76439
2009,05,5,4,714.24011
2009,05,5,5,712.9201
2009,05,5,6,711.91076
2009,05,5,7,710.95632
2009,05,6,0,709.95957
2009,05,6,1,709.75404
2009,05,6,2,709.56641
2009,05,6,3,709.08847
2009,05,6,4,708.93492
2009,05,6,5,708.87302
2009,05,6,6,708.83892
2009,05,6,7,708.83762
2009,05,7,0,708.45314
2009,05,7,1,708.26799
2009,05,7,2,708.48046
2009,05,7,3,708.81252
2009,05,7,4,709.35693
2009,05,7,5,709.96648
2009,05,7,6,710.31044
2009,05,7,7,710.8534
2009,05,8,0,710.78025
2009,05,8,1,710.33438
2009,05,8,2,710.66174
2009,05,8,3,711.0831
2009,05,8,4,711.0413
2009,05,8,5,710.80998
2009,05,8,6,710.56281
2009,05,8,7,710.77683
2009,05,9,0,710.25302
2009,05,9,1,709.63885
2009,05,9,2,709.763
2009,05,9,3,709.82721
2009,05,9,4,709.81183
2009,05,9,5,709.76406
2009,05,9,6,709.87767
2009,05,9,7,709.92417
2009,05,10,0,708.91827
2009,05,10,1,707.95708
2009,05,10,2,707.3679
2009,05,10,3,707.22492
2009,05,10,4,707.54369
2009,05,10,5,707.36256
2009,05,10,6,707.32167
2009,05,10,7,707.92438
2009,05,11,0,708.45501
2009,05,11,1,708.97225
2009,05,11,2,709.86703
2009,05,11,3,711.20173
2009,05,11,4,712.15064
2009,05,11,5,713.30227
2009,05,11,6,713.44202
2009,05,11,7,712.56583
2009,05,12,0,712.0492
2009,05,12,1,712.18274
2009,05,12,2,712.72896
2009,05,12,3,713.34628
2009,05,12,4,713.95107
2009,05,12,5,714.59373
2009,05,12,6,714.969
2009,05,12,7,715.64335
2009,05,13,0,716.69092
2009,05,13,1,717.06569
2009,05,13,2,716.72365
2009,05,13,3,716.78219
2009,05,13,4,716.66866
2009,05,13,5,716.05687
2009,05,13,6,715.41924
2009,05,13,7,714.81694
2009,05,14,0,714.50912
2009,05,14,1,714.2285
2009,05,14,2,714.07867
2009,05,14,3,713.98174
2009,05,14,4,714.03542
2009,05,14,5,714.06293
2009,05,14,6,714.51451
2009,05,14,7,715.13629
2009,05,15,0,714.91044
2009,05,15,1,714.9232
2009,05,15,2,717.1837
2009,05,15,3,718.87014
2009,05,15,4,720.29191
2009,05,15,5,721.84314
2009,05,15,6,723.91599
2009,05,15,7,725.08338
2009,05,16,0,725.63229
2009,05,16,1,725.32108
2009,05,16,2,724.52034
2009,05,16,3,722.62463
2009,05,16,4,719.82732
2009,05,16,5,717.62424
2009,05,16,6,715.51738
2009,05,16,7,713.64718
2009,05,17,0,712.3607
2009,05,17,1,711.96322
2009,05,17,2,712.0747
2009,05,17,3,713.77892
2009,05,17,4,715.20668
2009,05,17,5,715.56614
2009,05,17,6,716.19069
2009,05,17,7,717.23315
2009,05,18,0,718.54197
2009,05,18,1,720.06606
2009,05,18,2,722.52594
2009,05,18,3,724.85563
2009,05,18,4,726.35828
2009,05,18,5,727.26913
2009,05,18,6,727.28355
2009,05,18,7,727.30595
2009,05,19,0,727.66888
2009,05,19,1,727.46986
2009,05,19,2,727.26431
2009,05,19,3,726.31364
2009,05,19,4,724.18695
2009,05,19,5,720.91944
2009,05,19,6,719.14655
2009,05,19,7,719.08455
2009,05,20,0,718.68045
2009,05,20,1,717.86154
2009,05,20,2,717.4869
2009,05,20,3,717.63088
2009,05,20,4,717.98656
2009,05,20,5,718.87539
2009,05,20,6,719.42597
2009,05,20,7,719.67663
2009,05,21,0,719.34669
2009,05,21,1,718.27643
2009,05,21,2,718.07742
2009,05,21,3,718.52707
2009,05,21,4,718.32187
2009,05,21,5,717.91954
2009,05,21,6,718.19132
2009,05,21,7,718.60236
2009,05,22,0,719.42142
2009,05,22,1,720.11633
2009,05,22,2,720.75567
2009,05,22,3,721.51616
2009,05,22,4,722.09557
2009,05,22,5,722.85369
2009,05,22,6,724.25707
2009,05,22,7,725.43249
2009,05,23,0,725.54924
2009,05,23,1,725.27974
2009,05,23,2,726.60088
2009,05,23,3,728.07283
2009,05,23,4,728.83201
2009,05,23,5,729.34495
2009,05,23,6,729.71537
2009,05,23,7,729.62147
2009,05,24,0,729.4764
2009,05,24,1,729.04044
2009,05,24,2,728.76017
2009,05,24,3,728.47149
2009,05,24,4,728.01378
2009,05,24,5,727.59934
2009,05,24,6,727.85621
2009,05,24,7,728.55703
2009,05,25,0,729.45014
2009,05,25,1,730.44092
2009,05,25,2,730.93597
2009,05,25,3,731.03866
2009,05,25,4,731.38068
2009,05,25,5,731.54627
2009,05,25,6,731.38362
2009,05,25,7,730.6555
2009,05,26,0,729.46176
2009,05,26,1,728.35926
2009,05,26,2,727.41148
2009,05,26,3,725.80061
2009,05,26,4,723.11081
2009,05,26,5,720.53376
2009,05,26,6,719.51498
2009,05,26,7,718.46748
2009,05,27,0,718.59322
2009,05,27,1,719.14898
2009,05,27,2,720.02864
2009,05,27,3,721.12775
2009,05,27,4,722.36109
2009,05,27,5,723.32213
2009,05,27,6,725.48394
2009,05,27,7,728.12194
2009,05,28,0,731.10975
2009,05,28,1,733.97093
2009,05,28,2,736.28966
2009,05,28,3,738.20994
2009,05,28,4,739.28763
2009,05,28,5,748.84228
2009,05,28,6,748.7128
2009,05,28,7,748.21144
2009,05,29,0,747.9784
2009,05,29,1,747.75004
2009,05,29,2,747.31251
2009,05,29,3,737.82557
2009,05,29,4,737.08172
2009,05,29,5,737.01024
2009,05,29,6,736.28551
2009,05,29,7,735.61956
2009,05,30,0,735.57242
2009,05,30,1,735.16663
2009,05,30,2,735.34376
2009,05,30,3,735.58067
2009,05,30,4,735.34067
2009,05,30,5,734.57765
2009,05,30,6,733.96577
2009,05,30,7,733.01434
2009,05,1,0,732.24268
2009,05,1,1,731.47004
2009,05,1,2,730.03698
2009,05,1,3,728.28336
2009,05,1,4,726.80903
2009,05,1,5,725.29615
2009,05,1,6,723.76233
2009,05,1,7,722.43294
2009,05,2,0,720.46461
2009,05,2,1,718.59216
2009,05,2,2,717.69921
2009,05,2,3,716.54523
2009,05,2,4,715.53815
2009,05,2,5,714.47159
2009,05,2,6,712.74017
2009,05,2,7,711.94908
2009,05,3,0,711.78461
2009,05,3,1,712.33774
2009,05,3,2,712.9127
2009,05,3,3,713.67685
2009,05,3,4,713.75722
2009,05,3,5,712.72801
2009,05,3,6,711.57826
2009,05,3,7,711.12028
2009,05,4,0,711.20581
2009,05,4,1,711.02048
2009,05,4,2,710.07073
2009,05,4,3,710.05051
2009,05,4,4,710.28862
2009,05,4,5,710.24985
2009,05,4,6,710.48946
2009,05,4,7,711.02096
2009,05,5,0,711.73435
2009,05,5,1,712.39407
2009,05,5,2,713.57918
2009,05,5,3,715.46449
2009,05,5,4,717.31084
2009,05,5,5,718.35582
2009,05,5,6,719.11181
2009,05,5,7,720.18526
2009,05,6,0,720.4302
2009,05,6,1,720.10449
2009,05,6,2,720.06003
2009,05,6,3,720.42496
2009,05,6,4,720.5186
2009,05,6,5,719.98776
2009,05,6,6,719.31089
2009,05,6,7,718.7843
2009,05,7,0,718.46448
2009,05,7,1,718.1473
2009,05,7,2,716.7712
2009,05,7,3,715.55555
2009,05,7,4,715.71643
2009,05,7,5,716.00908
2009,05,7,6,716.31905
2009,05,7,7,716.46976
2009,05,8,0,717.12762
2009,05,8,1,716.95275
2009,05,8,2,716.46135
2009,05,8,3,716.56529
2009,05,8,4,715.85537
2009,05,8,5,715.26268
2009,05,8,6,716.31845
2009,05,8,7,716.90579
2009,05,9,0,717.90397
2009,05,9,1,719.33762
2009,05,9,2,720.67552
2009,05,9,3,720.79723
2009,05,9,4,720.35398
2009,05,9,5,720.10072
2009,05,9,6,718.3712
2009,05,9,7,717.77
2009,05,10,0,718.91816
2009,05,10,1,719.52246
2009,05,10,2,719.84413
2009,05,10,3,720.3874
2009,05,10,4,719.46613
2009,05,10,5,717.33132
2009,05,10,6,716.46526
2009,05,10,7,716.06568
2009,05,11,0,715.9609
2009,05,11,1,715.17343
2009,05,11,2,715.42896
2009,05,11,3,716.90025
2009,05,11,4,717.65708
2009,05,11,5,717.87041
2009,05,11,6,717.91718
2009,05,11,7,718.62229
2009,05,12,0,720.28685
2009,05,12,1,721.56441
2009,05,12,2,723.15099
2009,05,12,3,724.59789
2009,05,12,4,724.92279
2009,05,12,5,724.41741
2009,05,12,6,723.67356
2009,05,12,7,722.3384
2009,05,13,0,721.75492
2009,05,13,1,721.28173
2009,05,13,2,720.93096
2009,05,13,3,721.15121
2009,05,13,4,721.01184
2009,05,13,5,720.93264
2009,05,13,6,721.47738
2009,05,13,7,721.80561
2009,05,14,0,722.26463
2009,05,14,1,722.54273
2009,05,14,2,723.0489
2009,05,14,3,723.21276
2009,05,14,4,723.18752
2009,05,14,5,723.35779
2009,05,14,6,723.32801
2009,05,14,7,722.94733
2009,05,15,0,722.58969
2009,05,15,1,722.05702
2009,05,15,2,721.41191
2009,05,15,3,720.71578
2009,05,15,4,720.34363
2009,05,15,5,719.78404
2009,05,15,6,718.78669
2009,05,15,7,717.5561
2009,05,16,0,716.83223
2009,05,16,1,716.06474
2009,05,16,2,715.01753
2009,05,16,3,713.81097
2009,05,16,4,712.55631
2009,05,16,5,711.32069
2009,05,16,6,710.71351
2009,05,16,7,710.43157
2009,05,17,0,709.87305
2009,05,17,1,709.27813
2009,05,17,2,709.13847
2009,05,17,3,709.02567
2009,05,17,4,709.15943
2009,05,17,5,709.1976
2009,05,17,6,709.58503
2009,05,17,7,709.91939
2009,05,18,0,710.23335
2009,05,18,1,710.04023
2009,05,18,2,709.6198
2009,05,18,3,708.56373
2009,05,18,4,707.09799
2009,05,18,5,706.3832
2009,05,18,6,705.84263
2009,05,18,7,705.34137
2009,05,19,0,705.07668
2009,05,19,1,705.36389
2009,05,19,2,705.88908
2009,05,19,3,706.2525
2009,05,19,4,706.12382
2009,05,19,5,706.15204
2009,05,19,6,706.41125
2009,05,19,7,707.01661
2009,05,20,0,707.99589
2009,05,20,1,709.14819
2009,05,20,2,710.60417
2009,05,20,3,712.47127
2009,05,20,4,713.46941
2009,05,20,5,713.53747
2009,05,20,6,714.2295
2009,05,20,7,715.11028
2009,05,21,0,715.23213
2009,05,21,1,715.3077
2009,05,21,2,715.92405
2009,05,21,3,716.36737
2009,05,21,4,716.27431
2009,05,21,5,715.78371
2009,05,21,6,715.42559
2009,05,21,7,715.31082
2009,05,22,0,715.08532
2009,05,22,1,715.22723
2009,05,22,2,715.38656
2009,05,22,3,715.34817
2009,05,22,4,715.73548
2009,05,22,5,716.14094
2009,05,22,6,716.09855
2009,05,22,7,715.95116
2009,05,23,0,715.84081
2009,05,23,1,715.6096
2009,05,23,2,715.27823
2009,05,23,3,714.45676
2009,05,23,4,712.63047
2009,05,23,5,710.91051
2009,05,23,6,709.61353
2009,05,23,7,709.16025
2009,05,24,0,709.53619
2009,05,24,1,710.2372
2009,05,24,2,709.89858
2009,05,24,3,709.33431
2009,05,24,4,709.59123
2009,05,24,5,710.00403
2009,05,24,6,710.8684
2009,05,24,7,711.60151
2009,05,25,0,712.56641
2009,05,25,1,713.62712
2009,05,25,2,714.55987
2009,05,25,3,714.81097
2009,05,25,4,714.62153
2009,05,25,5,714.52976
2009,05,25,6,714.62047
2009,05,25,7,714.87917
2009,05,26,0,714.92367
2009,05,26,1,714.71477
2009,05,26,2,714.44869
2009,05,26,3,714.05494
2009,05,26,4,713.89247
2009,05,26,5,714.30697
2009,05,26,6,714.63382
2009,05,26,7,715.1019
2009,05,27,0,715.6327
2009,05,27,1,715.53704
2009,05,27,2,715.84297
2009,05,27,3,716.02495
2009,05,27,4,716.0775
2009,05,27,5,716.30244
2009,05,27,6,716.4208
2009,05,27,7,716.80715
2009,05,28,0,717.26069
2009,05,28,1,717.47196
2009,05,28,2,717.57944
2009,05,28,3,717.41029
2009,05,28,4,717.91493
2009,05,28,5,717.98385
2009,05,28,6,717.38584
2009,05,28,7,716.81704
2009,05,29,0,716.18752
2009,05,29,1,715.82996
2009,05,29,2,715.47883
2009,05,29,3,715.58851
2009,05,29,4,715.6519
2009,05,29,5,716.09343
2009,05,29,6,716.25293
2009,05,29,7,716.42165
2009,05,30,0,716.56149
2009,05,30,1,716.39487
2009,05,30,2,716.5661
2009,05,30,3,717.092
2009,05,30,4,717.48257
2009,05,30,5,718.01405
2009,05,30,6,718.33893
2009,05,30,7,718.7675
2009,05,31,0,718.90911
2009,05,31,1,719.50555
2009,05,31,2,719.57521
2009,05,31,3,719.12834
2009,05,31,4,719.46501
2009,05,31,5,719.89298
2009,05,31,6,720.72362
2009,05,31,7,721.25424
2009,05,1,0,721.88352
2009,05,1,1,722.44239
2009,05,1,2,722.64637
2009,05,1,3,722.80631
2009,05,1,4,723.55477
2009,05,1,5,724.21871
2009,05,1,6,724.49314
2009,05,1,7,724.83488
2009,05,2,0,725.36817
2009,05,2,1,725.81194
2009,05,2,2,725.87247
2009,05,2,3,725.71296
2009,05,2,4,725.23906
2009,05,2,5,724.58387
2009,05,2,6,723.578
2009,05,2,7,722.70733
2009,05,3,0,722.2294
2009,05,3,1,721.54296
2009,05,3,2,721.03921
2009,05,3,3,721.00775
2009,05,3,4,720.92659
2009,05,3,5,721.13981
2009,05,3,6,721.84193
2009,05,3,7,722.36065
2009,05,4,0,722.85237
2009,05,4,1,723.05838
2009,05,4,2,723.52627
2009,05,4,3,724.18532
2009,05,4,4,724.79665
2009,05,4,5,725.0835
2009,05,4,6,723.64709
2009,05,4,7,722.61875
2009,05,5,0,722.07326
2009,05,5,1,720.86261
2009,05,5,2,719.19431
2009,05,5,3,718.0803
2009,05,5,4,717.0797
2009,05,5,5,716.37492
2009,05,5,6,716.06514
2009,05,5,7,716.40675
2009,05,6,0,716.85414
2009,05,6,1,716.63602
2009,05,6,2,715.43539
2009,05,6,3,713.94476
2009,05,6,4,712.42752
2009,05,6,5,711.11455
2009,05,6,6,709.48667
2009,05,6,7,707.96372
2009,05,7,0,707.99823
2009,05,7,1,708.39649
2009,05,7,2,707.4837
2009,05,7,3,706.68111
2009,05,7,4,706.33943
2009,05,7,5,706.35069
2009,05,7,6,705.5954
2009,05,7,7,705.04006
2009,05,8,0,704.50083
2009,05,8,1,704.27733
2009,05,8,2,704.78323
2009,05,8,3,705.48054
2009,05,8,4,705.99234
2009,05,8,5,706.13779
2009,05,8,6,706.70921
2009,05,8,7,707.66485
2009,05,9,0,707.62009
2009,05,9,1,707.08858
2009,05,9,2,706.78007
2009,05,9,3,706.05508
2009,05,9,4,705.47201
2009,05,9,5,705.05852
2009,05,9,6,704.23592
2009,05,9,7,703.53364
2009,05,10,0,703.20991
2009,05,10,1,702.85164
2009,05,10,2,702.37798
2009,05,10,3,702.40529
2009,05,10,4,702.73012
2009,05,10,5,703.38145
2009,05,10,6,704.5526
2009,05,10,7,705.8425
2009,05,11,0,707.17329
2009,05,11,1,708.06762
2009,05,11,2,709.04713
2009,05,11,3,710.89251
2009,05,11,4,712.93416
2009,05,11,5,715.05725
2009,05,11,6,716.81851
2009,05,11,7,718.40363
2009,05,12,0,719.47792
2009,05,12,1,720.25992
2009,05,12,2,721.08921
2009,05,12,3,722.17963
2009,05,12,4,723.21723
2009,05,12,5,723.97611
2009,05,12,6,725.26333
2009,05,12,7,726.16325
2009,05,13,0,726.58817
2009,05,13,1,727.20155
2009,05,13,2,727.55429
2009,05,13,3,727.99372
2009,05,13,4,728.24874
2009,05,13,5,728.14098
2009,05,13,6,727.76547
2009,05,13,7,727.34712
2009,05,14,0,726.92439
2009,05,14,1,726.95429
2009,05,14,2,726.67319
2009,05,14,3,725.40193
2009,05,14,4,723.83791
2009,05,14,5,723.01447
2009,05,14,6,723.04962
2009,05,14,7,723.11854
2009,05,15,0,723.30585
2009,05,15,1,724.02138
2009,05,15,2,725.36004
2009,05,15,3,726.27382
2009,05,15,4,726.30132
2009,05,15,5,726.25035
2009,05,15,6,725.57592
2009,05,15,7,724.97664
2009,05,16,0,723.89983
2009,05,16,1,722.46676
2009,05,16,2,721.8272
2009,05,16,3,721.58963
2009,05,16,4,721.64299
2009,05,16,5,721.71032
2009,05,16,6,721.10791
2009,05,16,7,720.82134
2009,05,17,0,720.64808
2009,05,17,1,720.53115
2009,05,17,2,720.99557
2009,05,17,3,721.30454
2009,05,17,4,721.03321
2009,05,17,5,720.5344
2009,05,17,6,720.09541
2009,05,17,7,719.83853
2009,05,18,0,718.88606
2009,05,18,1,717.50149
2009,05,18,2,716.73664
2009,05,18,3,715.76438
2009,05,18,4,714.53347
2009,05,18,5,713.25432
2009,05,18,6,711.4265
2009,05,18,7,709.82883
2009,05,19,0,708.165
2009,05,19,1,706.20987
2009,05,19,2,704.74756
2009,05,19,3,703.17696
2009,05,19,4,702.32526
2009,05,19,5,701.88766
2009,05,19,6,701.24802
2009,05,19,7,700.45484
2009,05,20,0,700.58598
2009,05,20,1,700.72352
2009,05,20,2,701.1488
2009,05,20,3,701.94227
2009,05,20,4,703.20896
2009,05,20,5,704.19894
2009,05,20,6,705.03566
2009,05,20,7,706.34126
2009,05,21,0,707.60102
2009,05,21,1,708.22298
2009,05,21,2,709.83005
2009,05,21,3,711.28095
2009,05,21,4,710.70328
2009,05,21,5,709.57006
2009,05,21,6,709.66191
2009,05,21,7,709.95763
2009,05,22,0,710.07558
2009,05,22,1,710.34056
2009,05,22,2,710.77962
2009,05,22,3,710.88454
2009,05,22,4,710.52931
2009,05,22,5,710.10942
2009,05,22,6,709.71748
2009,05,22,7,709.2648
2009,05,23,0,709.28506
2009,05,23,1,709.16928
2009,05,23,2,709.49482
2009,05,23,3,710.01497
2009,05,23,4,710.36625
2009,05,23,5,710.51144
2009,05,23,6,710.66372
2009,05,23,7,710.88154
2009,05,24,0,710.99254
2009,05,24,1,711.26693
2009,05,24,2,711.07318
2009,05,24,3,710.88392
2009,05,24,4,711.49697
2009,05,24,5,711.94562
2009,05,24,6,712.43985
2009,05,24,7,712.80513
2009,05,25,0,713.54221
2009,05,25,1,715.02756
2009,05,25,2,716.20399
2009,05,25,3,717.05716
2009,05,25,4,718.56361
2009,05,25,5,719.87775
2009,05,25,6,720.72639
2009,05,25,7,720.73369
2009,05,26,0,721.62881
2009,05,26,1,722.08658
2009,05,26,2,721.48795
2009,05,26,3,720.96224
2009,05,26,4,721.1219
2009,05,26,5,720.87816
2009,05,26,6,720.29363
2009,05,26,7,719.76567
2009,05,27,0,719.10736
2009,05,27,1,718.30421
2009,05,27,2,718.08562
2009,05,27,3,718.17763
2009,05,27,4,717.20502
2009,05,27,5,716.52008
2009,05,27,6,716.36661
2009,05,27,7,716.02542
2009,05,28,0,715.21602
2009,05,28,1,714.49259
2009,05,28,2,714.12426
2009,05,28,3,713.4311
2009,05,28,4,712.68601
2009,05,28,5,711.66396
2009,05,28,6,711.55758
2009,05,28,7,711.575
2009,05,29,0,711.19026
2009,05,29,1,710.84406
2009,05,29,2,711.46517
2009,05,29,3,711.59221
2009,05,29,4,711.04265
2009,05,29,5,711.29351
2009,05,29,6,711.42916
2009,05,29,7,711.57102
2009,05,30,0,712.47924
2009,05,30,1,713.32885
2009,05,30,2,714.01658
2009,05,30,3,714.67367
2009,05,30,4,714.6159
2009,05,30,5,714.70129
2009,05,30,6,714.96261
2009,05,30,7,715.03698
2009,05,31,0,714.81179
2009,05,31,1,714.81835
2009,05,31,2,715.12373
2009,05,31,3,714.91728
2009,05,31,4,714.62376
2009,05,31,5,714.36309
2009,05,31,6,714.66647
2009,05,31,7,714.90457
2009,05,1,0,714.40749
2009,05,1,1,714.036
2009,05,1,2,713.85933
2009,05,1,3,713.73182
2009,05,1,4,713.66676
2009,05,1,5,713.60165
2009,05,1,6,713.35291
2009,05,1,7,713.59913
2009,05,2,0,713.62055
2009,05,2,1,713.3728
2009,05,2,2,713.99017
2009,05,2,3,714.51758
2009,05,2,4,715.02564
2009,05,2,5,715.60677
2009,05,2,6,715.47108
2009,05,2,7,715.5774
2009,05,3,0,715.68771
2009,05,3,1,715.86595
2009,05,3,2,716.09112
2009,05,3,3,716.23257
2009,05,3,4,715.75246
2009,05,3,5,715.13529
2009,05,3,6,714.77447
2009,05,3,7,713.90901
2009,05,4,0,712.70723
2009,05,4,1,711.38429
2009,05,4,2,710.3936
2009,05,4,3,709.03028
2009,05,4,4,707.80258
2009,05,4,5,706.61211
2009,05,4,6,705.48817
2009,05,4,7,704.93015
2009,05,5,0,704.73007
2009,05,5,1,704.92368
2009,05,5,2,705.39093
2009,05,5,3,705.71484
2009,05,5,4,706.0245
2009,05,5,5,706.54681
2009,05,5,6,707.33741
2009,05,5,7,707.94291
2009,05,6,0,708.80656
2009,05,6,1,710.43457
2009,05,6,2,711.68294
2009,05,6,3,712.50595
2009,05,6,4,713.66438
2009,05,6,5,714.67241
2009,05,6,6,715.31501
2009,05,6,7,715.67067
2009,05,7,0,716.0264
2009,05,7,1,716.738
2009,05,7,2,716.39848
2009,05,7,3,715.4288
2009,05,7,4,715.20651
2009,05,7,5,714.64855
2009,05,7,6,713.96176
2009,05,7,7,712.98779
2009,05,8,0,712.24479
2009,05,8,1,711.00875
2009,05,8,2,710.52571
2009,05,8,3,709.58896
2009,05,8,4,708.32783
2009,05,8,5,707.65754
2009,05,8,6,706.60991
2009,05,8,7,705.31855
2009,05,9,0,705.12361
2009,05,9,1,705.77761
2009,05,9,2,706.08859
2009,05,9,3,705.93357
2009,05,9,4,705.98004
2009,05,9,5,706.69911
2009,05,9,6,707.03368
2009,05,9,7,707.14064
2009,05,10,0,707.19413
2009,05,10,1,707.35525
2009,05,10,2,707.85122
2009,05,10,3,708.50887
2009,05,10,4,708.8117
2009,05,10,5,709.02761
2009,05,10,6,708.83861
2009,05,10,7,708.55926
2009,05,11,0,708.27077
2009,05,11,1,709.38217
2009,05,11,2,710.97035
2009,05,11,3,712.98526
2009,05,11,4,715.38157
2009,05,11,5,717.74945
2009,05,11,6,719.60292
2009,05,11,7,721.28271
2009,05,12,0,722.77615
2009,05,12,1,723.59767
2009,05,12,2,723.64838
2009,05,12,3,721.25627
2009,05,12,4,719.73865
2009,05,12,5,719.40832
2009,05,12,6,719.24444
2009,05,12,7,719.24187
2009,05,13,0,718.43575
2009,05,13,1,717.3723
2009,05,13,2,717.08835
2009,05,13,3,716.427
2009,05,13,4,715.7244
2009,05,13,5,716.0449
2009,05,13,6,716.18809
2009,05,13,7,716.18051
2009,05,14,0,716.84005
2009,05,14,1,717.4256
2009,05,14,2,717.58355
2009,05,14,3,717.53205
2009,05,14,4,716.86692
2009,05,14,5,716.34359
2009,05,14,6,716.67911
2009,05,14,7,716.79826
2009,05,15,0,716.94176
2009,05,15,1,716.72033
2009,05,15,2,717.04675
2009,05,15,3,717.54438
2009,05,15,4,717.8623
2009,05,15,5,718.18659
2009,05,15,6,718.00734
2009,05,15,7,718.05102
2009,05,16,0,718.40007
2009,05,16,1,718.62974
2009,05,16,2,719.11621
2009,05,16,3,719.40633
2009,05,16,4,718.78402
2009,05,16,5,718.07529
2009,05,16,6,718.06348
2009,05,16,7,718.16176
2009,05,17,0,717.48913
2009,05,17,1,716.93861
2009,05,17,2,717.47133
2009,05,17,3,718.0801
2009,05,17,4,718.39116
2009,05,17,5,718.79587
2009,05,17,6,720.1614
2009,05,17,7,721.22366
2009,05,18,0,722.20697
2009,05,18,1,722.73566
2009,05,18,2,722.29846
2009,05,18,3,721.3166
2009,05,18,4,721.30164
2009,05,18,5,721.83069
2009,05,18,6,721.96777
2009,05,18,7,722.12093
2009,05,19,0,723.02528
2009,05,19,1,723.14775
2009,05,19,2,723.22124
2009,05,19,3,723.03451
2009,05,19,4,723.03206
2009,05,19,5,722.69679
2009,05,19,6,722.15934
2009,05,19,7,721.83864
2009,05,20,0,721.71877
2009,05,20,1,720.56801
2009,05,20,2,719.72055
2009,05,20,3,718.78694
2009,05,20,4,717.80287
2009,05,20,5,717.09344
2009,05,20,6,716.70291
2009,05,20,7,716.25132
2009,05,21,0,716.21173
2009,05,21,1,716.04297
2009,05,21,2,716.27601
2009,05,21,3,716.57324
2009,05,21,4,716.91653
2009,05,21,5,717.11423
2009,05,21,6,717.71461
2009,05,21,7,718.28334
2009,05,22,0,718.66977
2009,05,22,1,718.90847
2009,05,22,2,719.59556
2009,05,22,3,720.01743
2009,05,22,4,720.43286
2009,05,22,5,720.65662
2009,05,22,6,721.03538
2009,05,22,7,721.27634
2009,05,23,0,721.30609
2009,05,23,1,721.05805
2009,05,23,2,721.4509
2009,05,23,3,721.905
2009,05,23,4,721.79498
2009,05,23,5,721.60654
2009,05,23,6,722.20317
2009,05,23,7,722.58647
2009,05,24,0,723.2462
2009,05,24,1,723.209
2009,05,24,2,723.63557
2009,05,24,3,724.01161
2009,05,24,4,723.83497
2009,05,24,5,723.34375
2009,05,24,6,722.60775
2009,05,24,7,721.86985
2009,05,25,0,721.42593
2009,05,25,1,720.65293
2009,05,25,2,720.04312
2009,05,25,3,719.63019
2009,05,25,4,719.39645
2009,05,25,5,718.88863
2009,05,25,6,718.71822
2009,05,25,7,718.74346
2009,05,26,0,718.63687
2009,05,26,1,718.38595
2009,05,26,2,717.91767
2009,05,26,3,717.59888
2009,05,26,4,717.07977
2009,05,26,5,716.62333
2009,05,26,6,716.28704
2009,05,26,7,715.36564
2009,05,27,0,714.70676
2009,05,27,1,714.16433
2009,05,27,2,713.32523
2009,05,27,3,712.51249
2009,05,27,4,711.59788
2009,05,27,5,710.26338
2009,05,27,6,708.19806
2009,05,27,7,706.6403
2009,05,28,0,706.25189
2009,05,28,1,705.2044
2009,05,28,2,703.8973
2009,05,28,3,702.79446
2009,05,28,4,701.45516
2009,05,28,5,699.26377
2009,05,28,6,698.27286
2009,05,28,7,698.48961
2009,05,29,0,698.58178
2009,05,29,1,698.98982
2009,05,29,2,699.76492
2009,05,29,3,700.19591
2009,05,29,4,700.69016
2009,05,29,5,701.36417
2009,05,29,6,701.96154
2009,05,29,7,702.51619
2009,05,30,0,702.4692
2009,05,30,1,702.72487
2009,05,30,2,704.05369
2009,05,30,3,704.79352
2009,05,30,4,705.66928
2009,05,30,5,706.91554
2009,05,30,6,707.88764
2009,05,30,7,708.80152
2009,05,1,0,709.55648
2009,05,1,1,710.04961
2009,05,1,2,710.15041
2009,05,1,3,710.13468
2009,05,1,4,710.36532
2009,05,1,5,710.58055
2009,05,1,6,710.8101
2009,05,1,7,711.08558
2009,05,2,0,710.87077
2009,05,2,1,710.48239
2009,05,2,2,710.54194
2009,05,2,3,710.63237
2009,05,2,4,710.36183
2009,05,2,5,709.93409
2009,05,2,6,709.62584
2009,05,2,7,709.24726
2009,05,3,0,708.82113
2009,05,3,1,708.24859
2009,05,3,2,708.1563
2009,05,3,3,708.00019
2009,05,3,4,707.70322
2009,05,3,5,707.7976
2009,05,3,6,707.79821
2009,05,3,7,707.69565
2009,05,4,0,708.09982
2009,05,4,1,708.39944
2009,05,4,2,708.86881
2009,05,4,3,709.69526
2009,05,4,4,710.21213
2009,05,4,5,710.23013
2009,05,4,6,710.79598
2009,05,4,7,711.56904
2009,05,5,0,712.47858
2009,05,5,1,713.09295
2009,05,5,2,712.91773
2009,05,5,3,712.53064
2009,05,5,4,712.57802
2009,05,5,5,712.75898
2009,05,5,6,712.55794
2009,05,5,7,712.19499
2009,05,6,0,711.99072
2009,05,6,1,711.36858
2009,05,6,2,710.18149
2009,05,6,3,709.09635
2009,05,6,4,708.56784
2009,05,6,5,707.85326
2009,05,6,6,706.65847
2009,05,6,7,706.20498
2009,05,7,0,705.76535
2009,05,7,1,705.03031
2009,05,7,2,704.80805
2009,05,7,3,704.80561
2009,05,7,4,705.10739
2009,05,7,5,705.77653
2009,05,7,6,706.08089
2009,05,7,7,706.41229
2009,05,8,0,706.36347
2009,05,8,1,706.67768
2009,05,8,2,707.36224
2009,05,8,3,707.98575
2009,05,8,4,708.68792
2009,05,8,5,709.44096
2009,05,8,6,710.08029
2009,05,8,7,710.90524
2009,05,9,0,711.60812
2009,05,9,1,711.96317
2009,05,9,2,712.15542
2009,05,9,3,712.75348
2009,05,9,4,713.20552
2009,05,9,5,713.84267
2009,05,9,6,714.63383
2009,05,9,7,715.45391
2009,05,10,0,716.38017
2009,05,10,1,716.75815
2009,05,10,2,717.4807
2009,05,10,3,718.30806
2009,05,10,4,718.56512
2009,05,10,5,718.826
2009,05,10,6,719.30937
2009,05,10,7,719.67901
2009,05,11,0,719.70186
2009,05,11,1,719.35067
2009,05,11,2,719.67895
2009,05,11,3,719.4211
2009,05,11,4,719.32654
2009,05,11,5,719.99694
2009,05,11,6,720.73485
2009,05,11,7,721.21217
2009,05,12,0,721.20845
2009,05,12,1,720.7953
2009,05,12,2,720.74842
2009,05,12,3,720.66229
2009,05,12,4,720.05937
2009,05,12,5,719.56797
2009,05,12,6,719.60354
2009,05,12,7,719.28422
2009,05,13,0,718.88966
2009,05,13,1,718.60307
2009,05,13,2,718.03771
2009,05,13,3,716.63856
2009,05,13,4,715.64058
2009,05,13,5,714.95528
2009,05,13,6,714.94274
2009,05,13,7,714.64856
2009,05,14,0,713.67891
2009,05,14,1,712.98578
2009,05,14,2,712.70806
2009,05,14,3,712.13847
2009,05,14,4,711.88157
2009,05,14,5,711.35714
2009,05,14,6,710.53693
2009,05,14,7,709.77865
2009,05,15,0,709.49259
2009,05,15,1,708.11271
2009,05,15,2,705.94723
2009,05,15,3,704.35935
2009,05,15,4,704.0368
2009,05,15,5,704.01993
2009,05,15,6,704.91689
2009,05,15,7,706.21285
2009,05,16,0,707.16376
2009,05,16,1,707.56929
2009,05,16,2,708.88058
2009,05,16,3,710.77828
2009,05,16,4,711.7006
2009,05,16,5,711.62148
2009,05,16,6,712.11569
2009,05,16,7,713.00905
2009,05,17,0,713.51907
2009,05,17,1,713.25345
2009,05,17,2,713.50462
2009,05,17,3,714.4057
2009,05,17,4,714.43513
2009,05,17,5,714.04875
2009,05,17,6,714.79351
2009,05,17,7,715.66424
2009,05,18,0,715.84714
2009,05,18,1,715.27268
2009,05,18,2,714.66786
2009,05,18,3,714.38426
2009,05,18,4,714.6785
2009,05,18,5,714.62399
2009,05,18,6,713.93098
2009,05,18,7,712.88727
2009,05,19,0,712.09278
2009,05,19,1,711.66193
2009,05,19,2,711.71639
2009,05,19,3,712.22934
2009,05,19,4,712.38942
2009,05,19,5,712.14746
2009,05,19,6,712.18285
2009,05,19,7,712.9071
2009,05,20,0,714.51746
2009,05,20,1,715.41164
2009,05,20,2,716.30761
2009,05,20,3,717.21958
2009,05,20,4,718.00051
2009,05,20,5,718.31149
2009,05,20,6,718.57918
2009,05,20,7,718.35358
2009,05,21,0,717.38658
2009,05,21,1,715.65001
2009,05,21,2,714.66685
2009,05,21,3,714.41405
2009,05,21,4,713.6755
2009,05,21,5,712.69578
2009,05,21,6,713.15642
2009,05,21,7,713.9191
2009,05,22,0,713.50885
2009,05,22,1,712.47936
2009,05,22,2,712.99485
2009,05,22,3,713.67987
2009,05,22,4,712.27436
2009,05,22,5,710.59606
2009,05,22,6,710.89111
2009,05,22,7,711.96838
2009,05,23,0,712.81274
2009,05,23,1,713.14228
2009,05,23,2,713.76436
2009,05,23,3,713.88008
2009,05,23,4,713.28431
2009,05,23,5,712.68429
2009,05,23,6,713.2434
2009,05,23,7,714.23601
2009,05,24,0,713.30364
2009,05,24,1,712.37518
2009,05,24,2,713.17147
2009,05,24,3,714.30938
2009,05,24,4,715.28159
2009,05,24,5,715.72477
2009,05,24,6,716.20386
2009,05,24,7,716.84048
2009,05,25,0,717.7157
2009,05,25,1,717.8527
2009,05,25,2,717.48324
2009,05,25,3,717.11121
2009,05,25,4,716.51637
2009,05,25,5,715.99843
2009,05,25,6,715.33033
2009,05,25,7,714.84386
2009,05,26,0,714.23219
2009,05,26,1,713.00985
2009,05,26,2,712.49472
2009,05,26,3,711.55384
2009,05,26,4,709.02456
2009,05,26,5,707.6052
2009,05,26,6,706.95842
2009,05,26,7,706.40762
2009,05,27,0,705.44403
2009,05,27,1,704.76879
2009,05,27,2,705.35445
2009,05,27,3,706.28079
2009,05,27,4,706.35787
2009,05,27,5,707.04185
2009,05,27,6,708.75255
2009,05,27,7,710.84946
2009,05,28,0,711.87478
2009,05,28,1,711.9271
2009,05,28,2,712.65206
2009,05,28,3,713.34101
2009,05,28,4,713.11132
2009,05,28,5,712.38333
2009,05,28,6,713.73235
2009,05,28,7,715.49378
2009,05,29,0,714.94071
2009,05,29,1,714.00545
2009,05,29,2,714.00192
2009,05,29,3,714.17426
2009,05,29,4,714.09082
2009,05,29,5,713.88796
2009,05,29,6,713.83282
2009,05,29,7,713.72271
2009,05,30,0,712.80239
2009,05,30,1,712.17696
2009,05,30,2,712.3197
2009,05,30,3,712.62551
2009,05,30,4,713.11109
2009,05,30,5,713.51112
2009,05,30,6,713.62342
2009,05,30,7,713.53111
2009,05,31,0,712.01496
2009,05,31,1,709.47292
2009,05,31,2,707.37922
2009,05,31,3,706.19874
2009,05,31,4,705.30918
2009,05,31,5,704.91691
2009,05,31,6,705.59197
2009,05,31,7,706.50483
2009,05,1,0,707.2121
2009,05,1,1,707.86674
2009,05,1,2,708.89495
2009,05,1,3,710.48663
2009,05,1,4,712.20171
2009,05,1,5,713.15164
2009,05,1,6,714.36794
2009,05,1,7,716.06995
2009,05,2,0,716.32143
2009,05,2,1,716.48178
2009,05,2,2,718.09614
2009,05,2,3,719.25874
2009,05,2,4,719.27109
2009,05,2,5,719.12649
2009,05,2,6,720.02814
2009,05,2,7,721.36356
2009,05,3,0,721.73265
2009,05,3,1,721.80258
2009,05,3,2,721.64429
2009,05,3,3,721.28968
2009,05,3,4,720.55098
2009,05,3,5,719.3653
2009,05,3,6,718.44329
2009,05,3,7,717.61455
2009,05,4,0,716.45892
2009,05,4,1,714.79205
2009,05,4,2,713.73133
2009,05,4,3,713.10253
2009,05,4,4,712.31654
2009,05,4,5,711.94836
2009,05,4,6,712.38339
2009,05,4,7,712.89952
2009,05,5,0,713.04455
2009,05,5,1,713.52459
2009,05,5,2,714.5181
2009,05,5,3,715.70746
2009,05,5,4,716.99187
2009,05,5,5,718.08338
2009,05,5,6,719.02729
2009,05,5,7,719.59493
2009,05,6,0,719.44024
2009,05,6,1,719.17462
2009,05,6,2,719.06621
2009,05,6,3,718.7499
2009,05,6,4,718.43956
2009,05,6,5,718.27219
2009,05,6,6,718.82978
2009,05,6,7,719.80328
2009,05,7,0,720.55601
2009,05,7,1,720.90113
2009,05,7,2,721.93364
2009,05,7,3,722.61716
2009,05,7,4,722.72238
2009,05,7,5,723.38831
2009,05,7,6,723.51611
2009,05,7,7,723.59446
2009,05,8,0,724.54869
2009,05,8,1,724.99969
2009,05,8,2,725.14652
2009,05,8,3,725.77005
2009,05,8,4,725.92192
2009,05,8,5,726.1446
2009,05,8,6,726.94685
2009,05,8,7,727.53868
2009,05,9,0,727.49492
2009,05,9,1,726.98993
2009,05,9,2,727.01228
2009,05,9,3,727.04883
2009,05,9,4,727.46787
2009,05,9,5,727.61851
2009,05,9,6,727.53958
2009,05,9,7,728.07548
2009,05,10,0,728.66576
2009,05,10,1,729.21147
2009,05,10,2,729.78841
2009,05,10,3,730.22082
2009,05,10,4,730.46403
2009,05,10,5,730.32772
2009,05,10,6,730.6221
2009,05,10,7,731.48281
2009,05,11,0,732.53317
2009,05,11,1,732.38575
2009,05,11,2,732.4702
2009,05,11,3,733.30442
2009,05,11,4,733.37944
2009,05,11,5,733.3332
2009,05,11,6,734.0288
2009,05,11,7,734.77704
2009,05,12,0,734.64478
2009,05,12,1,734.11905
2009,05,12,2,735.03093
2009,05,12,3,735.81181
2009,05,12,4,735.94001
2009,05,12,5,735.7639
2009,05,12,6,736.11678
2009,05,12,7,736.15135
2009,05,13,0,736.01194
2009,05,13,1,735.70217
2009,05,13,2,735.85532
2009,05,13,3,736.57269
2009,05,13,4,736.27923
2009,05,13,5,735.44799
2009,05,13,6,735.44908
2009,05,13,7,735.2833
2009,05,14,0,735.60203
2009,05,14,1,736.22182
2009,05,14,2,743.77758
2009,05,14,3,736.09225
2009,05,14,4,734.78034
2009,05,14,5,734.15224
2009,05,14,6,732.71222
2009,05,14,7,730.68082
2009,05,15,0,728.85313
2009,05,15,1,727.15729
2009,05,15,2,726.64061
2009,05,15,3,726.0404
2009,05,15,4,725.90354
2009,05,15,5,726.1644
2009,05,15,6,725.56756
2009,05,15,7,724.72385
2009,05,16,0,724.39989
2009,05,16,1,723.64102
2009,05,16,2,723.39099
2009,05,16,3,722.6862
2009,05,16,4,722.01049
2009,05,16,5,721.82762
2009,05,16,6,721.06617
2009,05,16,7,720.20888
2009,05,17,0,719.62624
2009,05,17,1,719.74032
2009,05,17,2,720.80388
2009,05,17,3,721.85485
2009,05,17,4,722.97181
2009,05,17,5,724.46851
2009,05,17,6,725.95693
2009,05,17,7,727.18112
2009,05,18,0,727.9665
2009,05,18,1,728.13341
2009,05,18,2,728.91295
2009,05,18,3,729.64617
2009,05,18,4,729.89046
2009,05,18,5,730.02439
2009,05,18,6,729.89656
2009,05,18,7,729.49458
2009,05,19,0,729.16877
2009,05,19,1,728.1613
2009,05,19,2,727.21654
2009,05,19,3,726.08053
2009,05,19,4,725.29761
2009,05,19,5,723.83317
2009,05,19,6,722.0558
2009,05,19,7,720.58019
2009,05,20,0,719.06623
2009,05,20,1,717.90152
2009,05,20,2,717.90784
2009,05,20,3,718.09443
2009,05,20,4,718.04151
2009,05,20,5,718.14239
2009,05,20,6,718.45111
2009,05,20,7,718.71508
2009,05,21,0,719.34701
2009,05,21,1,719.50158
2009,05,21,2,719.60419
2009,05,21,3,719.15397
2009,05,21,4,718.60053
2009,05,21,5,717.90534
2009,05,21,6,716.72061
2009,05,21,7,716.17191
2009,05,22,0,715.21359
2009,05,22,1,713.96377
2009,05,22,2,713.72218
2009,05,22,3,713.36548
2009,05,22,4,712.93894
2009,05,22,5,713.03325
2009,05,22,6,713.43475
2009,05,22,7,713.84691
2009,05,23,0,714.77053
2009,05,23,1,715.44271
2009,05,23,2,716.04202
2009,05,23,3,716.57807
2009,05,23,4,717.6178
2009,05,23,5,718.02525
2009,05,23,6,718.50341
2009,05,23,7,719.34835
2009,05,24,0,719.95717
2009,05,24,1,719.98753
2009,05,24,2,720.44143
2009,05,24,3,720.86595
2009,05,24,4,721.1759
2009,05,24,5,720.92756
2009,05,24,6,720.6739
2009,05,24,7,720.33528
2009,05,25,0,719.8813
2009,05,25,1,719.12232
2009,05,25,2,718.8147
2009,05,25,3,718.28432
2009,05,25,4,717.89435
2009,05,25,5,717.7267
2009,05,25,6,717.37846
2009,05,25,7,717.31099
2009,05,26,0,717.26749
2009,05,26,1,717.24979
2009,05,26,2,717.7537
2009,05,26,3,718.38114
2009,05,26,4,719.1019
2009,05,26,5,719.50599
2009,05,26,6,720.17299
2009,05,26,7,720.94207
2009,05,27,0,721.57521
2009,05,27,1,721.94242
2009,05,27,2,722.74552
2009,05,27,3,723.44452
2009,05,27,4,723.36791
2009,05,27,5,723.13023
2009,05,27,6,723.00025
2009,05,27,7,722.8126
2009,05,28,0,722.89879
2009,05,28,1,722.79222
2009,05,28,2,722.5091
2009,05,28,3,722.25951
2009,05,28,4,722.16516
2009,05,28,5,721.87501
2009,05,28,6,721.91622
2009,05,28,7,721.99191
2009,05,29,0,721.98452
2009,05,29,1,721.94119
2009,05,29,2,722.42152
2009,05,29,3,723.1066
2009,05,29,4,723.30303
2009,05,29,5,723.45725
2009,05,29,6,723.85225
2009,05,29,7,724.30212
2009,05,30,0,724.69175
2009,05,30,1,724.95087
2009,05,30,2,725.03502
2009,05,30,3,724.87337
2009,05,30,4,724.78244
2009,05,30,5,724.5435
2009,05,30,6,724.3444
2009,05,30,7,724.27374
2009,05,1,0,724.04937
2009,05,1,1,723.79119
2009,05,1,2,723.36854
2009,05,1,3,722.93864
2009,05,1,4,722.78888
2009,05,1,5,722.3893
2009,05,1,6,722.7713
2009,05,1,7,722.74279
2009,05,2,0,722.13091
2009,05,2,1,721.67543
2009,05,2,2,721.4747
2009,05,2,3,720.98364
2009,05,2,4,720.58808
2009,05,2,5,720.34361
2009,05,2,6,720.33616
2009,05,2,7,720.40779
2009,05,3,0,719.96167
2009,05,3,1,719.30481
2009,05,3,2,719.55784
2009,05,3,3,719.94388
2009,05,3,4,720.22838
2009,05,3,5,719.95539
2009,05,3,6,719.86419
2009,05,3,7,719.96182
2009,05,4,0,719.46858
2009,05,4,1,719.02317
2009,05,4,2,719.05836
2009,05,4,3,718.96539
2009,05,4,4,719.29448
2009,05,4,5,719.57896
2009,05,4,6,720.20502
2009,05,4,7,720.3377
2009,05,5,0,720.28629
2009,05,5,1,720.04183
2009,05,5,2,720.50757
2009,05,5,3,720.84535
2009,05,5,4,720.94028
2009,05,5,5,721.30172
2009,05,5,6,722.49409
2009,05,5,7,723.78128
2009,05,6,0,724.74097
2009,05,6,1,725.19226
2009,05,6,2,725.66575
2009,05,6,3,726.15151
2009,05,6,4,726.40871
2009,05,6,5,726.01107
2009,05,6,6,725.45765
2009,05,6,7,725.02985
2009,05,7,0,724.33395
2009,05,7,1,723.59191
2009,05,7,2,723.09824
2009,05,7,3,722.74753
2009,05,7,4,722.10634
2009,05,7,5,721.49603
2009,05,7,6,721.78429
2009,05,7,7,722.23914
2009,05,8,0,722.10305
2009,05,8,1,722.1678
2009,05,8,2,722.04263
2009,05,8,3,721.52692
2009,05,8,4,721.52809
2009,05,8,5,721.32946
2009,05,8,6,721.74885
2009,05,8,7,722.45141
2009,05,9,0,722.49108
2009,05,9,1,722.35319
2009,05,9,2,722.20118
2009,05,9,3,721.91526
2009,05,9,4,722.07022
2009,05,9,5,722.09577
2009,05,9,6,721.74246
2009,05,9,7,721.7413
2009,05,10,0,721.70252
2009,05,10,1,721.04475
2009,05,10,2,720.6706
2009,05,10,3,720.88487
2009,05,10,4,720.56103
2009,05,10,5,719.79086
2009,05,10,6,719.33915
2009,05,10,7,719.19615
2009,05,11,0,718.60165
2009,05,11,1,717.74485
2009,05,11,2,717.08274
2009,05,11,3,716.66632
2009,05,11,4,716.69924
2009,05,11,5,716.90711
2009,05,11,6,717.5181
2009,05,11,7,718.51113
2009,05,12,0,719.30992
2009,05,12,1,719.43296
2009,05,12,2,720.01784
2009,05,12,3,720.86328
2009,05,12,4,721.44548
2009,05,12,5,721.54075
2009,05,12,6,722.37495
2009,05,12,7,723.39269
2009,05,13,0,723.21881
2009,05,13,1,722.46461
2009,05,13,2,722.52762
2009,05,13,3,722.98614
2009,05,13,4,722.65196
2009,05,13,5,721.85894
2009,05,13,6,722.16382
2009,05,13,7,722.55424
2009,05,14,0,722.05491
2009,05,14,1,721.70171
2009,05,14,2,721.68921
2009,05,14,3,721.51933
2009,05,14,4,721.42576
2009,05,14,5,721.36434
2009,05,14,6,721.08447
2009,05,14,7,720.9195
2009,05,15,0,721.12682
2009,05,15,1,721.27076
2009,05,15,2,721.69554
2009,05,15,3,722.32359
2009,05,15,4,722.87961
2009,05,15,5,723.53042
2009,05,15,6,723.86558
2009,05,15,7,724.03882
2009,05,16,0,724.15962
2009,05,16,1,724.10474
2009,05,16,2,723.85911
2009,05,16,3,723.55463
2009,05,16,4,723.34864
2009,05,16,5,722.76892
2009,05,16,6,722.61763
2009,05,16,7,722.26073
2009,05,17,0,721.42247
2009,05,17,1,720.32751
2009,05,17,2,719.68685
2009,05,17,3,719.0659
2009,05,17,4,718.21775
2009,05,17,5,717.17557
2009,05,17,6,716.37138
2009,05,17,7,715.79124
2009,05,18,0,715.15243
2009,05,18,1,714.46985
2009,05,18,2,714.17611
2009,05,18,3,713.91449
2009,05,18,4,713.42072
2009,05,18,5,712.91222
2009,05,18,6,712.89584
2009,05,18,7,713.06699
2009,05,19,0,712.91625
2009,05,19,1,712.7523
2009,05,19,2,712.54922
2009,05,19,3,712.35538
2009,05,19,4,712.73229
2009,05,19,5,712.93502
2009,05,19,6,712.90524
2009,05,19,7,713.21945
2009,05,20,0,713.42676
2009,05,20,1,713.59558
2009,05,20,2,714.01468
2009,05,20,3,714.37508
2009,05,20,4,714.79787
2009,05,20,5,715.06713
2009,05,20,6,715.13741
2009,05,20,7,715.42343
2009,05,21,0,715.46565
2009,05,21,1,715.69156
2009,05,21,2,715.68107
2009,05,21,3,715.74981
2009,05,21,4,715.73219
2009,05,21,5,715.73245
2009,05,21,6,716.02056
2009,05,21,7,716.44225
2009,05,22,0,716.50152
2009,05,22,1,716.38063
2009,05,22,2,716.42397
2009,05,22,3,716.50254
2009,05,22,4,716.3768
2009,05,22,5,716.44235
2009,05,22,6,716.33966
2009,05,22,7,716.3708
2009,05,23,0,716.22273
2009,05,23,1,716.03586
2009,05,23,2,715.92123
2009,05,23,3,715.85373
2009,05,23,4,716.21071
2009,05,23,5,716.54393
2009,05,23,6,716.81475
2009,05,23,7,717.36814
2009,05,24,0,718.18563
2009,05,24,1,718.71253
2009,05,24,2,719.5034
2009,05,24,3,720.14728
2009,05,24,4,720.614
2009,05,24,5,720.85884
2009,05,24,6,721.21862
2009,05,24,7,721.59452
2009,05,25,0,721.52021
2009,05,25,1,721.0939
2009,05,25,2,721.08715
2009,05,25,3,720.87413
2009,05,25,4,720.57136
2009,05,25,5,720.19938
2009,05,25,6,720.31879
2009,05,25,7,720.61259
2009,05,26,0,720.92217
2009,05,26,1,720.84396
2009,05,26,2,721.00795
2009,05,26,3,721.33373
2009,05,26,4,721.41079
2009,05,26,5,721.22576
2009,05,26,6,721.07695
2009,05,26,7,721.05851
2009,05,27,0,720.87028
2009,05,27,1,720.30997
2009,05,27,2,720.15436
2009,05,27,3,720.04537
2009,05,27,4,719.89101
2009,05,27,5,719.61685
2009,05,27,6,719.45406
2009,05,27,7,719.61021
2009,05,28,0,719.81759
2009,05,28,1,719.74683
2009,05,28,2,719.66543
2009,05,28,3,720.01532
2009,05,28,4,720.12825
2009,05,28,5,720.00588
2009,05,28,6,720.77999
2009,05,28,7,721.64945
2009,05,29,0,722.23189
2009,05,29,1,722.32616
2009,05,29,2,722.00471
2009,05,29,3,721.87196
2009,05,29,4,721.7852
2009,05,29,5,721.54574
2009,05,29,6,721.92771
2009,05,29,7,722.34158
2009,05,30,0,722.61421
2009,05,30,1,722.68704
2009,05,30,2,722.76115
2009,05,30,3,722.89698
2009,05,30,4,723.39752
2009,05,30,5,723.63783
2009,05,30,6,723.4405
2009,05,30,7,723.67161
2009,05,31,0,723.95573
2009,05,31,1,723.84586
2009,05,31,2,724.2445
2009,05,31,3,724.40932
2009,05,31,4,724.60925
2009,05,31,5,724.95488
2009,05,31,6,725.06275
2009,05,31,7,725.1971
2010,05,1,0,725.32286
2010,05,1,1,725.49352
2010,05,1,2,725.9999
2010,05,1,3,726.21938
2010,05,1,4,726.34755
2010,05,1,5,726.8381
2010,05,1,6,727.98462
2010,05,1,7,729.40834
2010,05,2,0,730.42197
2010,05,2,1,731.0517
2010,05,2,2,732.26086
2010,05,2,3,733.4676
2010,05,2,4,733.49907
2010,05,2,5,733.19987
2010,05,2,6,732.90983
2010,05,2,7,732.37056
2010,05,3,0,732.01908
2010,05,3,1,731.73948
2010,05,3,2,731.74535
2010,05,3,3,731.77896
2010,05,3,4,731.93413
2010,05,3,5,732.3449
2010,05,3,6,733.18069
2010,05,3,7,733.72589
2010,05,4,0,733.83196
2010,05,4,1,733.65128
2010,05,4,2,733.70143
2010,05,4,3,733.8885
2010,05,4,4,734.27796
2010,05,4,5,734.23981
2010,05,4,6,734.17167
2010,05,4,7,734.50693
2010,05,5,0,734.20339
2010,05,5,1,733.75717
2010,05,5,2,733.56633
2010,05,5,3,733.43142
2010,05,5,4,733.14278
2010,05,5,5,732.60692
2010,05,5,6,732.61108
2010,05,5,7,732.61284
2010,05,6,0,732.10677
2010,05,6,1,731.43007
2010,05,6,2,731.0775
2010,05,6,3,730.78045
2010,05,6,4,730.7476
2010,05,6,5,730.96283
2010,05,6,6,731.00289
2010,05,6,7,731.34336
2010,05,7,0,731.66007
2010,05,7,1,731.64677
2010,05,7,2,731.38138
2010,05,7,3,731.30455
2010,05,7,4,731.50504
2010,05,7,5,731.21829
2010,05,7,6,731.13632
2010,05,7,7,731.58311
2010,05,8,0,731.27978
2010,05,8,1,731.07296
2010,05,8,2,731.72548
2010,05,8,3,732.28943
2010,05,8,4,732.68183
2010,05,8,5,732.90607
2010,05,8,6,733.63508
2010,05,8,7,734.13252
2010,05,9,0,734.42856
2010,05,9,1,734.10315
2010,05,9,2,733.46451
2010,05,9,3,732.94726
2010,05,9,4,732.26923
2010,05,9,5,731.52204
2010,05,9,6,730.87258
2010,05,9,7,730.39102
2010,05,10,0,729.63615
2010,05,10,1,728.58665
2010,05,10,2,727.95669
2010,05,10,3,727.45929
2010,05,10,4,726.95703
2010,05,10,5,726.24989
2010,05,10,6,725.93878
2010,05,10,7,726.01203
2010,05,11,0,725.59277
2010,05,11,1,725.09112
2010,05,11,2,725.26239
2010,05,11,3,725.72487
2010,05,11,4,725.93944
2010,05,11,5,725.90426
2010,05,11,6,725.96422
2010,05,11,7,726.07191
2010,05,12,0,725.36601
2010,05,12,1,724.45408
2010,05,12,2,724.92431
2010,05,12,3,725.30595
2010,05,12,4,724.50862
2010,05,12,5,723.93409
2010,05,12,6,723.67607
2010,05,12,7,723.56053
2010,05,13,0,723.6867
2010,05,13,1,723.49274
2010,05,13,2,723.01982
2010,05,13,3,722.71179
2010,05,13,4,722.83466
2010,05,13,5,722.71066
2010,05,13,6,722.95183
2010,05,13,7,723.57711
2010,05,14,0,724.15338
2010,05,14,1,724.53082
2010,05,14,2,724.80731
2010,05,14,3,725.25174
2010,05,14,4,725.76613
2010,05,14,5,726.01331
2010,05,14,6,726.29607
2010,05,14,7,726.22755
2010,05,15,0,726.1472
2010,05,15,1,725.95353
2010,05,15,2,725.66922
2010,05,15,3,724.96047
2010,05,15,4,724.61855
2010,05,15,5,724.34628
2010,05,15,6,724.35284
2010,05,15,7,724.65589
2010,05,16,0,724.74899
2010,05,16,1,724.4202
2010,05,16,2,724.37476
2010,05,16,3,723.95017
2010,05,16,4,723.14677
2010,05,16,5,722.16897
2010,05,16,6,721.83548
2010,05,16,7,721.6986
2010,05,17,0,721.25353
2010,05,17,1,720.76861
2010,05,17,2,721.42429
2010,05,17,3,721.62616
2010,05,17,4,721.87951
2010,05,17,5,722.43919
2010,05,17,6,722.99797
2010,05,17,7,724.11809
2010,05,18,0,725.26082
2010,05,18,1,725.8731
2010,05,18,2,726.88594
2010,05,18,3,727.32849
2010,05,18,4,727.54815
2010,05,18,5,727.60948
2010,05,18,6,728.36944
2010,05,18,7,728.95428
2010,05,19,0,729.3572
2010,05,19,1,729.29062
2010,05,19,2,728.99495
2010,05,19,3,728.56268
2010,05,19,4,728.29064
2010,05,19,5,727.66971
2010,05,19,6,727.08189
2010,05,19,7,726.60744
2010,05,20,0,726.2071
2010,05,20,1,725.71494
2010,05,20,2,725.51757
2010,05,20,3,724.90143
2010,05,20,4,724.70586
2010,05,20,5,724.90984
2010,05,20,6,725.10286
2010,05,20,7,725.52658
2010,05,21,0,726.21151
2010,05,21,1,726.5249
2010,05,21,2,727.18673
2010,05,21,3,727.94072
2010,05,21,4,728.79363
2010,05,21,5,729.20912
2010,05,21,6,729.51566
2010,05,21,7,730.0449
2010,05,22,0,730.28264
2010,05,22,1,730.18837
2010,05,22,2,730.50298
2010,05,22,3,730.80184
2010,05,22,4,730.90255
2010,05,22,5,730.58547
2010,05,22,6,730.35224
2010,05,22,7,730.19076
2010,05,23,0,730.03741
2010,05,23,1,729.22581
2010,05,23,2,728.55789
2010,05,23,3,727.51712
2010,05,23,4,726.90066
2010,05,23,5,726.31692
2010,05,23,6,725.276
2010,05,23,7,724.53963
2010,05,24,0,723.75719
2010,05,24,1,722.94001
2010,05,24,2,722.98572
2010,05,24,3,723.23893
2010,05,24,4,723.96922
2010,05,24,5,724.75714
2010,05,24,6,725.6595
2010,05,24,7,726.57028
2010,05,25,0,727.71646
2010,05,25,1,728.3644
2010,05,25,2,728.47742
2010,05,25,3,728.46974
2010,05,25,4,728.56004
2010,05,25,5,728.13552
2010,05,25,6,727.80709
2010,05,25,7,727.34408
2010,05,26,0,726.75298
2010,05,26,1,725.84401
2010,05,26,2,725.05924
2010,05,26,3,724.58386
2010,05,26,4,724.28041
2010,05,26,5,724.20639
2010,05,26,6,724.05637
2010,05,26,7,724.33434
2010,05,27,0,724.7673
2010,05,27,1,725.06405
2010,05,27,2,725.52748
2010,05,27,3,725.94335
2010,05,27,4,726.43759
2010,05,27,5,726.98747
2010,05,27,6,727.20781
2010,05,27,7,727.51599
2010,05,28,0,727.81645
2010,05,28,1,727.83229
2010,05,28,2,728.08538
2010,05,28,3,728.36571
2010,05,28,4,728.78554
2010,05,28,5,728.98866
2010,05,28,6,729.04587
2010,05,28,7,729.04325
2010,05,29,0,728.79903
2010,05,29,1,728.05419
2010,05,29,2,727.41809
2010,05,29,3,726.92547
2010,05,29,4,726.66354
2010,05,29,5,726.22032
2010,05,29,6,726.11841
2010,05,29,7,726.17035
2010,05,30,0,725.51584
2010,05,30,1,724.84992
2010,05,30,2,724.76808
2010,05,30,3,724.64766
2010,05,30,4,724.18595
2010,05,30,5,723.71275
2010,05,30,6,723.23536
2010,05,30,7,723.14731
2010,05,31,0,722.71724
2010,05,31,1,722.45252
2010,05,31,2,722.48042
2010,05,31,3,722.55538
2010,05,31,4,722.23442
2010,05,31,5,722.073
2010,05,31,6,722.66825
2010,05,31,7,723.12255
2010,05,1,0,723.51379
2010,05,1,1,723.50704
2010,05,1,2,723.66434
2010,05,1,3,724.21684
2010,05,1,4,723.83689
2010,05,1,5,723.41467
2010,05,1,6,724.21558
2010,05,1,7,725.31801
2010,05,2,0,725.6791
2010,05,2,1,725.42792
2010,05,2,2,725.67334
2010,05,2,3,726.06453
2010,05,2,4,726.0021
2010,05,2,5,725.60511
2010,05,2,6,725.33288
2010,05,2,7,724.92655
2010,05,3,0,724.38524
2010,05,3,1,723.81641
2010,05,3,2,723.15486
2010,05,3,3,722.48171
2010,05,3,4,722.47236
2010,05,3,5,722.47379
2010,05,3,6,722.48669
2010,05,3,7,722.82966
2010,05,4,0,722.64726
2010,05,4,1,722.28554
2010,05,4,2,722.57821
2010,05,4,3,723.02277
2010,05,4,4,723.59803
2010,05,4,5,724.2409
2010,05,4,6,725.70941
2010,05,4,7,727.8077
2010,05,5,0,729.24591
2010,05,5,1,729.7447
2010,05,5,2,730.65948
2010,05,5,3,731.47851
2010,05,5,4,731.7148
2010,05,5,5,731.56511
2010,05,5,6,731.46456
2010,05,5,7,731.12726
2010,05,6,0,730.68512
2010,05,6,1,729.69054
2010,05,6,2,729.08325
2010,05,6,3,728.78738
2010,05,6,4,728.14314
2010,05,6,5,727.36549
2010,05,6,6,726.63718
2010,05,6,7,725.85325
2010,05,7,0,725.35456
2010,05,7,1,724.77955
2010,05,7,2,724.86031
2010,05,7,3,725.07659
2010,05,7,4,724.3707
2010,05,7,5,723.55385
2010,05,7,6,723.19601
2010,05,7,7,723.06579
2010,05,8,0,723.01876
2010,05,8,1,722.64158
2010,05,8,2,722.4303
2010,05,8,3,722.56233
2010,05,8,4,723.98728
2010,05,8,5,725.50683
2010,05,8,6,726.04103
2010,05,8,7,726.79525
2010,05,9,0,727.80598
2010,05,9,1,728.54857
2010,05,9,2,729.60952
2010,05,9,3,730.8782
2010,05,9,4,731.37799
2010,05,9,5,731.00329
2010,05,9,6,731.70989
2010,05,9,7,732.70536
2010,05,10,0,733.02033
2010,05,10,1,732.53947
2010,05,10,2,732.06091
2010,05,10,3,731.81113
2010,05,10,4,731.33888
2010,05,10,5,730.76981
2010,05,10,6,730.81188
2010,05,10,7,731.33133
2010,05,11,0,731.37906
2010,05,11,1,731.50828
2010,05,11,2,731.83242
2010,05,11,3,732.06438
2010,05,11,4,732.70605
2010,05,11,5,733.04393
2010,05,11,6,733.09117
2010,05,11,7,732.99511
2010,05,12,0,732.51438
2010,05,12,1,731.74208
2010,05,12,2,731.25338
2010,05,12,3,730.61425
2010,05,12,4,729.64539
2010,05,12,5,728.63228
2010,05,12,6,727.77428
2010,05,12,7,727.05234
2010,05,13,0,725.82606
2010,05,13,1,724.54963
2010,05,13,2,723.52833
2010,05,13,3,722.44415
2010,05,13,4,721.65893
2010,05,13,5,720.91775
2010,05,13,6,720.20071
2010,05,13,7,719.74551
2010,05,14,0,719.48248
2010,05,14,1,719.1844
2010,05,14,2,719.09354
2010,05,14,3,718.98164
2010,05,14,4,718.55156
2010,05,14,5,718.18758
2010,05,14,6,718.06303
2010,05,14,7,718.10617
2010,05,15,0,718.12746
2010,05,15,1,717.99758
2010,05,15,2,718.07281
2010,05,15,3,718.32471
2010,05,15,4,718.21711
2010,05,15,5,718.17748
2010,05,15,6,718.19169
2010,05,15,7,718.37768
2010,05,16,0,718.66423
2010,05,16,1,718.7047
2010,05,16,2,719.16029
2010,05,16,3,720.07656
2010,05,16,4,720.42223
2010,05,16,5,720.32933
2010,05,16,6,721.04042
2010,05,16,7,721.71423
2010,05,17,0,722.00494
2010,05,17,1,722.06052
2010,05,17,2,722.20691
2010,05,17,3,722.42704
2010,05,17,4,722.34647
2010,05,17,5,722.0104
2010,05,17,6,721.97243
2010,05,17,7,721.77351
2010,05,18,0,721.57293
2010,05,18,1,721.04369
2010,05,18,2,720.527
2010,05,18,3,720.0681
2010,05,18,4,719.74983
2010,05,18,5,719.31525
2010,05,18,6,719.37944
2010,05,18,7,719.65086
2010,05,19,0,719.58624
2010,05,19,1,719.59282
2010,05,19,2,720.27463
2010,05,19,3,721.13321
2010,05,19,4,720.76702
2010,05,19,5,720.12296
2010,05,19,6,720.3897
2010,05,19,7,720.82644
2010,05,20,0,721.24187
2010,05,20,1,720.97845
2010,05,20,2,721.32155
2010,05,20,3,721.93733
2010,05,20,4,722.41545
2010,05,20,5,722.61969
2010,05,20,6,722.169
2010,05,20,7,722.02562
2010,05,21,0,722.67218
2010,05,21,1,722.8109
2010,05,21,2,723.03078
2010,05,21,3,723.17263
2010,05,21,4,723.41458
2010,05,21,5,723.12456
2010,05,21,6,723.17878
2010,05,21,7,723.19055
2010,05,22,0,723.56649
2010,05,22,1,723.99056
2010,05,22,2,723.77317
2010,05,22,3,723.82451
2010,05,22,4,724.05338
2010,05,22,5,723.81404
2010,05,22,6,723.53038
2010,05,22,7,723.11219
2010,05,23,0,722.75563
2010,05,23,1,722.59948
2010,05,23,2,723.07849
2010,05,23,3,723.11906
2010,05,23,4,723.26498
2010,05,23,5,723.23873
2010,05,23,6,723.67028
2010,05,23,7,724.01426
2010,05,24,0,723.90717
2010,05,24,1,724.01565
2010,05,24,2,724.13352
2010,05,24,3,723.45873
2010,05,24,4,723.32787
2010,05,24,5,723.04624
2010,05,24,6,722.44202
2010,05,24,7,722.08383
2010,05,25,0,721.53422
2010,05,25,1,720.59337
2010,05,25,2,719.93773
2010,05,25,3,719.36882
2010,05,25,4,718.3342
2010,05,25,5,717.25644
2010,05,25,6,717.01116
2010,05,25,7,716.70973
2010,05,26,0,715.94099
2010,05,26,1,715.16845
2010,05,26,2,715.28431
2010,05,26,3,715.0203
2010,05,26,4,714.71738
2010,05,26,5,714.17968
2010,05,26,6,713.66401
2010,05,26,7,713.37256
2010,05,27,0,713.23533
2010,05,27,1,713.30358
2010,05,27,2,714.1176
2010,05,27,3,714.81597
2010,05,27,4,714.87735
2010,05,27,5,714.92107
2010,05,27,6,715.31425
2010,05,27,7,715.73705
2010,05,28,0,716.12757
2010,05,28,1,716.03568
2010,05,28,2,716.77135
2010,05,28,3,717.43973
2010,05,28,4,717.60242
2010,05,28,5,717.84125
2010,05,28,6,718.66173
2010,05,28,7,719.27117
2010,05,1,0,719.84782
2010,05,1,1,720.12744
2010,05,1,2,720.29189
2010,05,1,3,720.20988
2010,05,1,4,720.13173
2010,05,1,5,720.04018
2010,05,1,6,720.02461
2010,05,1,7,719.94169
2010,05,2,0,719.6893
2010,05,2,1,719.46979
2010,05,2,2,720.05091
2010,05,2,3,720.61643
2010,05,2,4,720.98953
2010,05,2,5,721.16508
2010,05,2,6,721.659
2010,05,2,7,722.26249
2010,05,3,0,722.19306
2010,05,3,1,722.17873
2010,05,3,2,722.62041
2010,05,3,3,722.98501
2010,05,3,4,722.79159
2010,05,3,5,722.6427
2010,05,3,6,723.59761
2010,05,3,7,724.09052
2010,05,4,0,723.52772
2010,05,4,1,723.04157
2010,05,4,2,723.05201
2010,05,4,3,722.66055
2010,05,4,4,722.01105
2010,05,4,5,721.18997
2010,05,4,6,720.53741
2010,05,4,7,719.81987
2010,05,5,0,718.58331
2010,05,5,1,717.02289
2010,05,5,2,716.43742
2010,05,5,3,715.76026
2010,05,5,4,714.70336
2010,05,5,5,713.65654
2010,05,5,6,712.7072
2010,05,5,7,711.87344
2010,05,6,0,710.71432
2010,05,6,1,709.72896
2010,05,6,2,709.0341
2010,05,6,3,708.26994
2010,05,6,4,707.82674
2010,05,6,5,707.18354
2010,05,6,6,706.91306
2010,05,6,7,706.88197
2010,05,7,0,706.64344
2010,05,7,1,706.48352
2010,05,7,2,706.71633
2010,05,7,3,707.09353
2010,05,7,4,707.47839
2010,05,7,5,707.5208
2010,05,7,6,707.94754
2010,05,7,7,708.70019
2010,05,8,0,709.42272
2010,05,8,1,709.89775
2010,05,8,2,710.81294
2010,05,8,3,711.7982
2010,05,8,4,712.98773
2010,05,8,5,713.70788
2010,05,8,6,714.88007
2010,05,8,7,715.94816
2010,05,9,0,716.562
2010,05,9,1,716.96862
2010,05,9,2,718.1397
2010,05,9,3,719.11248
2010,05,9,4,720.36675
2010,05,9,5,721.49587
2010,05,9,6,722.3177
2010,05,9,7,723.10697
2010,05,10,0,723.60677
2010,05,10,1,723.67875
2010,05,10,2,724.27184
2010,05,10,3,724.94718
2010,05,10,4,725.18638
2010,05,10,5,725.02158
2010,05,10,6,725.25341
2010,05,10,7,725.62093
2010,05,11,0,725.21834
2010,05,11,1,724.50533
2010,05,11,2,724.47611
2010,05,11,3,724.34944
2010,05,11,4,723.92398
2010,05,11,5,723.51075
2010,05,11,6,723.85568
2010,05,11,7,723.98801
2010,05,12,0,723.68922
2010,05,12,1,723.08228
2010,05,12,2,722.66517
2010,05,12,3,722.22455
2010,05,12,4,721.87574
2010,05,12,5,721.73055
2010,05,12,6,722.36369
2010,05,12,7,722.65574
2010,05,13,0,723.11479
2010,05,13,1,723.45674
2010,05,13,2,723.33954
2010,05,13,3,723.14315
2010,05,13,4,723.48961
2010,05,13,5,723.46913
2010,05,13,6,723.601
2010,05,13,7,723.52831
2010,05,14,0,723.26758
2010,05,14,1,722.95112
2010,05,14,2,723.05425
2010,05,14,3,722.94137
2010,05,14,4,722.86697
2010,05,14,5,722.52565
2010,05,14,6,722.54612
2010,05,14,7,722.55425
2010,05,15,0,722.07613
2010,05,15,1,721.73542
2010,05,15,2,721.25709
2010,05,15,3,720.9244
2010,05,15,4,721.06494
2010,05,15,5,720.97237
2010,05,15,6,721.09732
2010,05,15,7,721.48802
2010,05,16,0,721.79881
2010,05,16,1,721.86261
2010,05,16,2,722.44662
2010,05,16,3,723.08724
2010,05,16,4,723.52822
2010,05,16,5,723.99159
2010,05,16,6,724.66411
2010,05,16,7,725.58156
2010,05,17,0,726.71629
2010,05,17,1,727.31647
2010,05,17,2,728.29274
2010,05,17,3,729.22766
2010,05,17,4,729.48186
2010,05,17,5,729.37658
2010,05,17,6,729.36113
2010,05,17,7,729.52447
2010,05,18,0,729.15743
2010,05,18,1,728.30819
2010,05,18,2,727.80625
2010,05,18,3,727.18818
2010,05,18,4,725.84185
2010,05,18,5,724.42735
2010,05,18,6,723.82959
2010,05,18,7,723.60328
2010,05,19,0,723.3312
2010,05,19,1,723.08087
2010,05,19,2,724.00344
2010,05,19,3,724.13335
2010,05,19,4,723.51748
2010,05,19,5,723.77017
2010,05,19,6,723.927
2010,05,19,7,723.77658
2010,05,20,0,723.41144
2010,05,20,1,723.20959
2010,05,20,2,723.07449
2010,05,20,3,721.92816
2010,05,20,4,720.51723
2010,05,20,5,719.5479
2010,05,20,6,718.74348
2010,05,20,7,717.4013
2010,05,21,0,715.95114
2010,05,21,1,714.87251
2010,05,21,2,714.34971
2010,05,21,3,713.62361
2010,05,21,4,712.82881
2010,05,21,5,712.46701
2010,05,21,6,712.14413
2010,05,21,7,712.2791
2010,05,22,0,713.29778
2010,05,22,1,714.14849
2010,05,22,2,715.02556
2010,05,22,3,715.71479
2010,05,22,4,716.19369
2010,05,22,5,716.23804
2010,05,22,6,716.53586
2010,05,22,7,716.82587
2010,05,23,0,717.22754
2010,05,23,1,717.11611
2010,05,23,2,717.16958
2010,05,23,3,717.67978
2010,05,23,4,717.78883
2010,05,23,5,717.69438
2010,05,23,6,717.92035
2010,05,23,7,718.29078
2010,05,24,0,718.30533
2010,05,24,1,718.05537
2010,05,24,2,718.45804
2010,05,24,3,719.00718
2010,05,24,4,719.16334
2010,05,24,5,718.72857
2010,05,24,6,718.58394
2010,05,24,7,718.5742
2010,05,25,0,718.03046
2010,05,25,1,717.23849
2010,05,25,2,716.74952
2010,05,25,3,716.14384
2010,05,25,4,716.03068
2010,05,25,5,715.66529
2010,05,25,6,715.34418
2010,05,25,7,715.60338
2010,05,26,0,715.70166
2010,05,26,1,715.87172
2010,05,26,2,716.66273
2010,05,26,3,717.32209
2010,05,26,4,716.60716
2010,05,26,5,715.55102
2010,05,26,6,715.29438
2010,05,26,7,715.33446
2010,05,27,0,714.3795
2010,05,27,1,713.46757
2010,05,27,2,713.77889
2010,05,27,3,713.82873
2010,05,27,4,713.90949
2010,05,27,5,714.28836
2010,05,27,6,714.53054
2010,05,27,7,715.11702
2010,05,28,0,715.61979
2010,05,28,1,715.80589
2010,05,28,2,716.5314
2010,05,28,3,716.97856
2010,05,28,4,717.03488
2010,05,28,5,717.24208
2010,05,28,6,718.02976
2010,05,28,7,718.45587
2010,05,29,0,718.01133
2010,05,29,1,717.67374
2010,05,29,2,718.01072
2010,05,29,3,717.72543
2010,05,29,4,716.58261
2010,05,29,5,715.09761
2010,05,29,6,713.46598
2010,05,29,7,712.20981
2010,05,30,0,711.73297
2010,05,30,1,711.57874
2010,05,30,2,711.99639
2010,05,30,3,712.4312
2010,05,30,4,712.62514
2010,05,30,5,712.8629
2010,05,30,6,713.39441
2010,05,30,7,714.93565
2010,05,31,0,716.0714
2010,05,31,1,716.08791
2010,05,31,2,715.76902
2010,05,31,3,715.96062
2010,05,31,4,716.61836
2010,05,31,5,716.56808
2010,05,31,6,716.88626
2010,05,31,7,717.67933
2010,05,1,0,717.00853
2010,05,1,1,716.53304
2010,05,1,2,717.60889
2010,05,1,3,718.36986
2010,05,1,4,718.31241
2010,05,1,5,718.18356
2010,05,1,6,718.13817
2010,05,1,7,718.32618
2010,05,2,0,718.43667
2010,05,2,1,718.21776
2010,05,2,2,718.15891
2010,05,2,3,718.14695
2010,05,2,4,717.96819
2010,05,2,5,718.25012
2010,05,2,6,718.60717
2010,05,2,7,718.92834
2010,05,3,0,719.3129
2010,05,3,1,719.40324
2010,05,3,2,719.90734
2010,05,3,3,720.71908
2010,05,3,4,721.56243
2010,05,3,5,722.12092
2010,05,3,6,722.52967
2010,05,3,7,722.32151
2010,05,4,0,721.41017
2010,05,4,1,719.94532
2010,05,4,2,719.49707
2010,05,4,3,719.5675
2010,05,4,4,719.20095
2010,05,4,5,718.57918
2010,05,4,6,718.15082
2010,05,4,7,718.25453
2010,05,5,0,718.04857
2010,05,5,1,717.7984
2010,05,5,2,718.24898
2010,05,5,3,718.96029
2010,05,5,4,719.66319
2010,05,5,5,720.52259
2010,05,5,6,721.41489
2010,05,5,7,722.11717
2010,05,6,0,721.93131
2010,05,6,1,721.33198
2010,05,6,2,722.00188
2010,05,6,3,722.48921
2010,05,6,4,722.51851
2010,05,6,5,722.90744
2010,05,6,6,722.55003
2010,05,6,7,721.94996
2010,05,7,0,721.60468
2010,05,7,1,720.92712
2010,05,7,2,720.26658
2010,05,7,3,719.4009
2010,05,7,4,718.23549
2010,05,7,5,717.3619
2010,05,7,6,716.25322
2010,05,7,7,715.2057
2010,05,8,0,714.08656
2010,05,8,1,712.88679
2010,05,8,2,712.37202
2010,05,8,3,711.96721
2010,05,8,4,711.36995
2010,05,8,5,710.89287
2010,05,8,6,710.74891
2010,05,8,7,710.60452
2010,05,9,0,710.11125
2010,05,9,1,709.44858
2010,05,9,2,709.67816
2010,05,9,3,709.87679
2010,05,9,4,709.8752
2010,05,9,5,710.07841
2010,05,9,6,710.30814
2010,05,9,7,710.58952
2010,05,10,0,710.94954
2010,05,10,1,711.30366
2010,05,10,2,711.98503
2010,05,10,3,712.61831
2010,05,10,4,713.1205
2010,05,10,5,713.20578
2010,05,10,6,713.20617
2010,05,10,7,713.5056
2010,05,11,0,713.37701
2010,05,11,1,713.03696
2010,05,11,2,712.80931
2010,05,11,3,712.2999
2010,05,11,4,711.71584
2010,05,11,5,711.09703
2010,05,11,6,710.41574
2010,05,11,7,709.7406
2010,05,12,0,708.79765
2010,05,12,1,707.75348
2010,05,12,2,707.26154
2010,05,12,3,706.96125
2010,05,12,4,706.88467
2010,05,12,5,706.92351
2010,05,12,6,707.04675
2010,05,12,7,707.36904
2010,05,13,0,707.02973
2010,05,13,1,706.74442
2010,05,13,2,707.24008
2010,05,13,3,707.87811
2010,05,13,4,708.32618
2010,05,13,5,709.04867
2010,05,13,6,709.371
2010,05,13,7,709.8693
2010,05,14,0,709.79572
2010,05,14,1,709.71793
2010,05,14,2,710.07273
2010,05,14,3,710.33117
2010,05,14,4,710.59354
2010,05,14,5,711.26951
2010,05,14,6,711.63988
2010,05,14,7,712.15253
2010,05,15,0,712.08126
2010,05,15,1,711.97323
2010,05,15,2,712.19776
2010,05,15,3,712.32684
2010,05,15,4,712.29387
2010,05,15,5,712.19039
2010,05,15,6,711.87846
2010,05,15,7,711.59014
2010,05,16,0,711.07143
2010,05,16,1,710.62681
2010,05,16,2,711.08619
2010,05,16,3,711.80534
2010,05,16,4,712.59698
2010,05,16,5,713.47069
2010,05,16,6,714.1037
2010,05,16,7,715.05664
2010,05,17,0,715.30649
2010,05,17,1,715.26532
2010,05,17,2,715.813
2010,05,17,3,716.09386
2010,05,17,4,716.40163
2010,05,17,5,716.491
2010,05,17,6,716.16455
2010,05,17,7,715.97612
2010,05,18,0,715.36149
2010,05,18,1,714.50488
2010,05,18,2,714.21913
2010,05,18,3,714.11759
2010,05,18,4,713.97116
2010,05,18,5,713.85169
2010,05,18,6,713.85172
2010,05,18,7,714.19379
2010,05,19,0,714.15933
2010,05,19,1,714.07655
2010,05,19,2,714.24695
2010,05,19,3,714.33292
2010,05,19,4,714.62027
2010,05,19,5,714.29995
2010,05,19,6,713.29653
2010,05,19,7,712.49127
2010,05,20,0,711.88626
2010,05,20,1,710.98893
2010,05,20,2,710.66011
2010,05,20,3,710.68967
2010,05,20,4,711.06189
2010,05,20,5,711.52581
2010,05,20,6,712.21749
2010,05,20,7,713.39482
2010,05,21,0,714.42275
2010,05,21,1,715.25189
2010,05,21,2,716.38591
2010,05,21,3,717.50836
2010,05,21,4,718.42809
2010,05,21,5,718.94558
2010,05,21,6,719.36788
2010,05,21,7,719.74982
2010,05,22,0,719.49624
2010,05,22,1,718.90696
2010,05,22,2,718.82131
2010,05,22,3,719.00851
2010,05,22,4,718.19219
2010,05,22,5,717.33752
2010,05,22,6,716.78505
2010,05,22,7,716.08014
2010,05,23,0,715.64495
2010,05,23,1,714.90551
2010,05,23,2,714.54309
2010,05,23,3,714.46058
2010,05,23,4,714.46088
2010,05,23,5,714.02204
2010,05,23,6,713.63095
2010,05,23,7,713.72248
2010,05,24,0,713.24064
2010,05,24,1,712.64396
2010,05,24,2,713.17549
2010,05,24,3,713.75269
2010,05,24,4,714.40898
2010,05,24,5,714.75536
2010,05,24,6,714.91514
2010,05,24,7,715.11447
2010,05,25,0,715.1003
2010,05,25,1,715.43622
2010,05,25,2,715.61658
2010,05,25,3,715.45583
2010,05,25,4,715.2113
2010,05,25,5,715.16059
2010,05,25,6,715.14483
2010,05,25,7,715.02774
2010,05,26,0,714.99119
2010,05,26,1,715.26955
2010,05,26,2,715.86694
2010,05,26,3,716.47791
2010,05,26,4,716.74388
2010,05,26,5,716.70008
2010,05,26,6,716.36156
2010,05,26,7,715.59781
2010,05,27,0,715.23568
2010,05,27,1,714.5771
2010,05,27,2,714.00493
2010,05,27,3,713.30949
2010,05,27,4,712.52846
2010,05,27,5,711.8261
2010,05,27,6,711.54804
2010,05,27,7,712.08095
2010,05,28,0,712.99204
2010,05,28,1,713.8279
2010,05,28,2,714.94625
2010,05,28,3,716.17281
2010,05,28,4,717.75659
2010,05,28,5,718.68453
2010,05,28,6,719.2467
2010,05,28,7,719.7297
2010,05,29,0,720.69311
2010,05,29,1,721.19126
2010,05,29,2,720.64858
2010,05,29,3,719.62387
2010,05,29,4,719.25897
2010,05,29,5,719.08277
2010,05,29,6,719.47168
2010,05,29,7,719.62834
2010,05,30,0,719.34325
2010,05,30,1,718.69768
2010,05,30,2,718.1757
2010,05,30,3,717.61449
2010,05,30,4,716.77956
2010,05,30,5,716.04222
2010,05,30,6,715.62776
2010,05,30,7,715.74644
2010,05,1,0,715.58295
2010,05,1,1,716.04812
2010,05,1,2,717.81458
2010,05,1,3,718.90859
2010,05,1,4,719.49033
2010,05,1,5,720.26548
2010,05,1,6,720.22105
2010,05,1,7,718.65147
2010,05,2,0,716.68716
2010,05,2,1,715.89813
2010,05,2,2,716.97988
2010,05,2,3,719.2869
2010,05,2,4,720.3422
2010,05,2,5,720.13055
2010,05,2,6,718.71541
2010,05,2,7,716.74825
2010,05,3,0,714.90742
2010,05,3,1,713.62397
2010,05,3,2,712.97874
2010,05,3,3,712.77635
2010,05,3,4,713.53739
2010,05,3,5,714.73643
2010,05,3,6,715.52715
2010,05,3,7,716.93381
2010,05,4,0,718.02232
2010,05,4,1,719.25909
2010,05,4,2,721.40179
2010,05,4,3,722.85716
2010,05,4,4,724.48927
2010,05,4,5,725.69864
2010,05,4,6,726.3698
2010,05,4,7,727.14909
2010,05,5,0,727.73107
2010,05,5,1,727.60616
2010,05,5,2,727.74652
2010,05,5,3,728.32409
2010,05,5,4,728.77958
2010,05,5,5,728.82316
2010,05,5,6,729.09566
2010,05,5,7,729.46436
2010,05,6,0,729.40303
2010,05,6,1,729.27638
2010,05,6,2,729.38607
2010,05,6,3,729.77298
2010,05,6,4,730.32822
2010,05,6,5,730.79172
2010,05,6,6,730.74447
2010,05,6,7,730.82509
2010,05,7,0,731.56056
2010,05,7,1,731.56694
2010,05,7,2,731.30692
2010,05,7,3,731.05261
2010,05,7,4,731.37542
2010,05,7,5,731.31551
2010,05,7,6,730.40296
2010,05,7,7,729.29541
2010,05,8,0,728.86066
2010,05,8,1,728.48275
2010,05,8,2,728.35247
2010,05,8,3,728.2492
2010,05,8,4,727.43792
2010,05,8,5,726.44468
2010,05,8,6,725.98144
2010,05,8,7,725.73932
2010,05,9,0,724.50146
2010,05,9,1,722.41105
2010,05,9,2,720.41426
2010,05,9,3,718.91565
2010,05,9,4,718.75385
2010,05,9,5,719.38265
2010,05,9,6,719.73809
2010,05,9,7,719.54668
2010,05,10,0,719.66215
2010,05,10,1,719.78425
2010,05,10,2,720.67588
2010,05,10,3,720.85538
2010,05,10,4,719.7716
2010,05,10,5,718.98015
2010,05,10,6,719.0348
2010,05,10,7,719.13874
2010,05,11,0,718.89694
2010,05,11,1,718.23975
2010,05,11,2,717.70011
2010,05,11,3,717.28268
2010,05,11,4,717.58592
2010,05,11,5,717.89471
2010,05,11,6,718.39124
2010,05,11,7,718.57045
2010,05,12,0,717.77834
2010,05,12,1,716.6099
2010,05,12,2,716.16131
2010,05,12,3,716.17689
2010,05,12,4,715.89387
2010,05,12,5,715.35787
2010,05,12,6,715.74319
2010,05,12,7,716.00524
2010,05,13,0,715.66881
2010,05,13,1,715.4686
2010,05,13,2,715.73956
2010,05,13,3,715.89916
2010,05,13,4,715.71889
2010,05,13,5,715.36917
2010,05,13,6,715.08682
2010,05,13,7,715.13633
2010,05,14,0,715.06733
2010,05,14,1,714.99296
2010,05,14,2,715.0759
2010,05,14,3,715.43008
2010,05,14,4,715.70022
2010,05,14,5,715.67597
2010,05,14,6,715.12353
2010,05,14,7,714.77601
2010,05,15,0,714.21823
2010,05,15,1,713.78385
2010,05,15,2,713.40436
2010,05,15,3,713.1719
2010,05,15,4,712.78147
2010,05,15,5,712.26026
2010,05,15,6,711.21457
2010,05,15,7,709.69663
2010,05,16,0,708.13327
2010,05,16,1,706.84095
2010,05,16,2,705.69959
2010,05,16,3,704.36861
2010,05,16,4,702.78227
2010,05,16,5,701.28655
2010,05,16,6,700.10082
2010,05,16,7,699.97429
2010,05,17,0,699.77828
2010,05,17,1,699.88731
2010,05,17,2,700.62177
2010,05,17,3,701.25057
2010,05,17,4,702.02414
2010,05,17,5,703.50544
2010,05,17,6,704.95677
2010,05,17,7,706.76966
2010,05,18,0,708.45498
2010,05,18,1,709.73164
2010,05,18,2,710.02145
2010,05,18,3,710.4475
2010,05,18,4,711.17462
2010,05,18,5,711.50563
2010,05,18,6,711.74734
2010,05,18,7,712.00106
2010,05,19,0,712.53285
2010,05,19,1,712.54312
2010,05,19,2,712.36895
2010,05,19,3,712.28163
2010,05,19,4,711.92699
2010,05,19,5,711.38384
2010,05,19,6,711.31884
2010,05,19,7,711.11246
2010,05,20,0,709.70485
2010,05,20,1,707.86214
2010,05,20,2,707.16061
2010,05,20,3,706.47719
2010,05,20,4,705.92188
2010,05,20,5,705.95688
2010,05,20,6,705.47022
2010,05,20,7,705.54038
2010,05,21,0,705.56893
2010,05,21,1,705.82977
2010,05,21,2,706.89841
2010,05,21,3,707.73139
2010,05,21,4,709.43391
2010,05,21,5,710.70173
2010,05,21,6,711.51131
2010,05,21,7,712.97611
2010,05,22,0,713.44644
2010,05,22,1,713.35373
2010,05,22,2,714.4903
2010,05,22,3,715.3896
2010,05,22,4,716.69897
2010,05,22,5,717.41864
2010,05,22,6,717.60612
2010,05,22,7,717.44438
2010,05,23,0,717.32144
2010,05,23,1,716.72847
2010,05,23,2,716.33663
2010,05,23,3,716.19321
2010,05,23,4,716.18249
2010,05,23,5,716.14114
2010,05,23,6,714.67672
2010,05,23,7,713.84178
2010,05,24,0,713.27992
2010,05,24,1,712.46809
2010,05,24,2,711.73153
2010,05,24,3,710.9442
2010,05,24,4,710.85742
2010,05,24,5,710.70559
2010,05,24,6,710.75925
2010,05,24,7,710.99173
2010,05,25,0,710.88015
2010,05,25,1,710.82364
2010,05,25,2,712.01531
2010,05,25,3,713.11723
2010,05,25,4,713.99612
2010,05,25,5,714.83818
2010,05,25,6,714.85378
2010,05,25,7,715.21589
2010,05,26,0,715.47804
2010,05,26,1,715.36735
2010,05,26,2,715.43731
2010,05,26,3,714.8377
2010,05,26,4,713.38068
2010,05,26,5,712.31993
2010,05,26,6,712.16344
2010,05,26,7,711.90659
2010,05,27,0,711.42633
2010,05,27,1,711.19916
2010,05,27,2,711.72482
2010,05,27,3,712.20407
2010,05,27,4,713.74452
2010,05,27,5,714.39353
2010,05,27,6,714.36986
2010,05,27,7,714.08301
2010,05,28,0,714.84987
2010,05,28,1,716.51795
2010,05,28,2,717.3228
2010,05,28,3,718.31257
2010,05,28,4,719.21333
2010,05,28,5,719.80221
2010,05,28,6,720.72148
2010,05,28,7,721.54846
2010,05,29,0,722.39123
2010,05,29,1,723.00967
2010,05,29,2,722.82329
2010,05,29,3,722.17391
2010,05,29,4,721.27276
2010,05,29,5,720.65483
2010,05,29,6,720.33568
2010,05,29,7,719.29263
2010,05,30,0,717.85115
2010,05,30,1,716.41987
2010,05,30,2,716.01265
2010,05,30,3,715.70517
2010,05,30,4,714.91452
2010,05,30,5,713.85636
2010,05,30,6,712.76931
2010,05,30,7,711.66361
2010,05,31,0,710.67584
2010,05,31,1,709.71258
2010,05,31,2,709.30343
2010,05,31,3,709.1461
2010,05,31,4,709.16466
2010,05,31,5,709.49125
2010,05,31,6,709.86165
2010,05,31,7,710.27605
2010,05,1,0,710.87606
2010,05,1,1,711.73332
2010,05,1,2,712.35898
2010,05,1,3,712.90633
2010,05,1,4,713.24815
2010,05,1,5,713.77197
2010,05,1,6,714.08805
2010,05,1,7,713.78766
2010,05,2,0,713.98424
2010,05,2,1,713.76199
2010,05,2,2,713.2093
2010,05,2,3,713.13697
2010,05,2,4,713.23104
2010,05,2,5,713.30549
2010,05,2,6,712.94113
2010,05,2,7,712.79105
2010,05,3,0,713.1842
2010,05,3,1,713.27747
2010,05,3,2,713.34708
2010,05,3,3,713.67338
2010,05,3,4,713.91186
2010,05,3,5,714.13887
2010,05,3,6,713.68678
2010,05,3,7,712.99119
2010,05,4,0,713.15849
2010,05,4,1,713.2584
2010,05,4,2,713.12314
2010,05,4,3,713.51456
2010,05,4,4,714.56272
2010,05,4,5,715.34182
2010,05,4,6,715.16826
2010,05,4,7,715.53865
2010,05,5,0,715.89567
2010,05,5,1,716.16884
2010,05,5,2,717.11641
2010,05,5,3,717.762
2010,05,5,4,718.60385
2010,05,5,5,719.34416
2010,05,5,6,720.23199
2010,05,5,7,720.86178
2010,05,6,0,720.58403
2010,05,6,1,719.84851
2010,05,6,2,718.87669
2010,05,6,3,717.0737
2010,05,6,4,714.64265
2010,05,6,5,712.38129
2010,05,6,6,710.08647
2010,05,6,7,710.50352
2010,05,7,0,710.30862
2010,05,7,1,709.78371
2010,05,7,2,709.68288
2010,05,7,3,709.34366
2010,05,7,4,709.15345
2010,05,7,5,709.09113
2010,05,7,6,708.70779
2010,05,7,7,708.53875
2010,05,8,0,709.15596
2010,05,8,1,709.65801
2010,05,8,2,710.19513
2010,05,8,3,711.23721
2010,05,8,4,711.88405
2010,05,8,5,712.31322
2010,05,8,6,713.52874
2010,05,8,7,714.38283
2010,05,9,0,714.50073
2010,05,9,1,714.82105
2010,05,9,2,715.58901
2010,05,9,3,716.42844
2010,05,9,4,717.27989
2010,05,9,5,717.36596
2010,05,9,6,716.52537
2010,05,9,7,715.57037
2010,05,10,0,713.36308
2010,05,10,1,711.23779
2010,05,10,2,709.91437
2010,05,10,3,708.5058
2010,05,10,4,706.77428
2010,05,10,5,705.97489
2010,05,10,6,705.09076
2010,05,10,7,704.77893
2010,05,11,0,704.82207
2010,05,11,1,704.90087
2010,05,11,2,705.63481
2010,05,11,3,706.65256
2010,05,11,4,707.66967
2010,05,11,5,708.82063
2010,05,11,6,710.2852
2010,05,11,7,711.40615
2010,05,12,0,711.90915
2010,05,12,1,712.46225
2010,05,12,2,713.5801
2010,05,12,3,714.24183
2010,05,12,4,714.44543
2010,05,12,5,714.73532
2010,05,12,6,714.7562
2010,05,12,7,714.53373
2010,05,13,0,714.49192
2010,05,13,1,714.16609
2010,05,13,2,714.02056
2010,05,13,3,713.86716
2010,05,13,4,713.27832
2010,05,13,5,712.51056
2010,05,13,6,711.68683
2010,05,13,7,710.9855
2010,05,14,0,710.20825
2010,05,14,1,709.20587
2010,05,14,2,708.20125
2010,05,14,3,706.58427
2010,05,14,4,704.70955
2010,05,14,5,703.88896
2010,05,14,6,703.56922
2010,05,14,7,703.69275
2010,05,15,0,704.14961
2010,05,15,1,704.42975
2010,05,15,2,704.89928
2010,05,15,3,705.68381
2010,05,15,4,706.37955
2010,05,15,5,706.54944
2010,05,15,6,707.03349
2010,05,15,7,708.03184
2010,05,16,0,708.5603
2010,05,16,1,709.01275
2010,05,16,2,710.21518
2010,05,16,3,711.57299
2010,05,16,4,712.21845
2010,05,16,5,712.49741
2010,05,16,6,713.60282
2010,05,16,7,714.49073
2010,05,17,0,714.69536
2010,05,17,1,714.63242
2010,05,17,2,714.98307
2010,05,17,3,715.5373
2010,05,17,4,715.86141
2010,05,17,5,715.96431
2010,05,17,6,716.41028
2010,05,17,7,716.91626
2010,05,18,0,716.47537
2010,05,18,1,715.91516
2010,05,18,2,715.85517
2010,05,18,3,715.56528
2010,05,18,4,714.92791
2010,05,18,5,714.28943
2010,05,18,6,713.24881
2010,05,18,7,711.95909
2010,05,19,0,711.77981
2010,05,19,1,711.39192
2010,05,19,2,710.19172
2010,05,19,3,709.24518
2010,05,19,4,708.4292
2010,05,19,5,707.53691
2010,05,19,6,707.0789
2010,05,19,7,706.33755
2010,05,20,0,705.89211
2010,05,20,1,705.16627
2010,05,20,2,704.21185
2010,05,20,3,703.95295
2010,05,20,4,703.45004
2010,05,20,5,702.87456
2010,05,20,6,702.42762
2010,05,20,7,702.15905
2010,05,21,0,701.61437
2010,05,21,1,700.97414
2010,05,21,2,700.80103
2010,05,21,3,701.10007
2010,05,21,4,701.583
2010,05,21,5,702.04473
2010,05,21,6,702.85962
2010,05,21,7,703.29052
2010,05,22,0,703.07128
2010,05,22,1,702.768
2010,05,22,2,703.1607
2010,05,22,3,703.74679
2010,05,22,4,704.29605
2010,05,22,5,704.69562
2010,05,22,6,704.87338
2010,05,22,7,705.53177
2010,05,23,0,706.03852
2010,05,23,1,706.2217
2010,05,23,2,707.104
2010,05,23,3,708.38797
2010,05,23,4,709.59388
2010,05,23,5,710.77461
2010,05,23,6,711.74645
2010,05,23,7,713.06766
2010,05,24,0,714.11943
2010,05,24,1,714.54277
2010,05,24,2,715.67418
2010,05,24,3,717.08173
2010,05,24,4,718.70039
2010,05,24,5,719.89234
2010,05,24,6,721.05984
2010,05,24,7,721.87233
2010,05,25,0,722.699
2010,05,25,1,722.89439
2010,05,25,2,723.68796
2010,05,25,3,724.63304
2010,05,25,4,724.72501
2010,05,25,5,725.04069
2010,05,25,6,726.59732
2010,05,25,7,727.62584
2010,05,26,0,726.71179
2010,05,26,1,725.92852
2010,05,26,2,725.43908
2010,05,26,3,725.19942
2010,05,26,4,724.96621
2010,05,26,5,724.64475
2010,05,26,6,723.87315
2010,05,26,7,723.06383
2010,05,27,0,721.7766
2010,05,27,1,719.99747
2010,05,27,2,719.57007
2010,05,27,3,718.81076
2010,05,27,4,716.94133
2010,05,27,5,715.35782
2010,05,27,6,713.86536
2010,05,27,7,713.07135
2010,05,28,0,712.44649
2010,05,28,1,712.19223
2010,05,28,2,711.86103
2010,05,28,3,711.48666
2010,05,28,4,711.19632
2010,05,28,5,710.58837
2010,05,28,6,709.89853
2010,05,28,7,709.37771
2010,05,29,0,708.76985
2010,05,29,1,708.34718
2010,05,29,2,708.39716
2010,05,29,3,708.19878
2010,05,29,4,707.6698
2010,05,29,5,707.08812
2010,05,29,6,706.63098
2010,05,29,7,706.77237
2010,05,30,0,706.97343
2010,05,30,1,706.87017
2010,05,30,2,707.1013
2010,05,30,3,707.33296
2010,05,30,4,707.37988
2010,05,30,5,707.6542
2010,05,30,6,707.70528
2010,05,30,7,708.13298
2010,05,1,0,708.3927
2010,05,1,1,708.42511
2010,05,1,2,708.19347
2010,05,1,3,708.31037
2010,05,1,4,708.33227
2010,05,1,5,707.84567
2010,05,1,6,707.32574
2010,05,1,7,707.11029
2010,05,2,0,707.15035
2010,05,2,1,707.13649
2010,05,2,2,707.1029
2010,05,2,3,707.34218
2010,05,2,4,707.76048
2010,05,2,5,707.92972
2010,05,2,6,707.93362
2010,05,2,7,708.26101
2010,05,3,0,707.95129
2010,05,3,1,707.45249
2010,05,3,2,707.58218
2010,05,3,3,707.69339
2010,05,3,4,707.66674
2010,05,3,5,707.51174
2010,05,3,6,707.42287
2010,05,3,7,707.26664
2010,05,4,0,706.95919
2010,05,4,1,706.59549
2010,05,4,2,707.01037
2010,05,4,3,707.35638
2010,05,4,4,707.07638
2010,05,4,5,706.99464
2010,05,4,6,707.23264
2010,05,4,7,707.50165
2010,05,5,0,707.72407
2010,05,5,1,708.05376
2010,05,5,2,707.93383
2010,05,5,3,707.77997
2010,05,5,4,707.20234
2010,05,5,5,706.75041
2010,05,5,6,706.80407
2010,05,5,7,706.62547
2010,05,6,0,706.358
2010,05,6,1,705.71508
2010,05,6,2,705.84608
2010,05,6,3,706.09339
2010,05,6,4,706.25753
2010,05,6,5,706.23962
2010,05,6,6,706.03824
2010,05,6,7,706.25022
2010,05,7,0,706.85326
2010,05,7,1,707.06443
2010,05,7,2,707.34035
2010,05,7,3,706.96234
2010,05,7,4,706.52173
2010,05,7,5,706.42031
2010,05,7,6,706.66158
2010,05,7,7,707.03955
2010,05,8,0,707.53902
2010,05,8,1,708.04675
2010,05,8,2,708.84267
2010,05,8,3,709.23909
2010,05,8,4,709.1169
2010,05,8,5,709.17351
2010,05,8,6,709.28093
2010,05,8,7,709.1826
2010,05,9,0,708.95557
2010,05,9,1,708.74135
2010,05,9,2,709.86737
2010,05,9,3,710.95138
2010,05,9,4,711.77
2010,05,9,5,711.68175
2010,05,9,6,711.75197
2010,05,9,7,712.23943
2010,05,10,0,712.20113
2010,05,10,1,712.28707
2010,05,10,2,712.82647
2010,05,10,3,713.4036
2010,05,10,4,714.75017
2010,05,10,5,715.72995
2010,05,10,6,716.15107
2010,05,10,7,716.2961
2010,05,11,0,715.97333
2010,05,11,1,715.21754
2010,05,11,2,715.50244
2010,05,11,3,715.95622
2010,05,11,4,716.07174
2010,05,11,5,716.13216
2010,05,11,6,717.09494
2010,05,11,7,717.75301
2010,05,12,0,717.35608
2010,05,12,1,716.97842
2010,05,12,2,717.5465
2010,05,12,3,717.88363
2010,05,12,4,716.89291
2010,05,12,5,715.97241
2010,05,12,6,715.3508
2010,05,12,7,714.74357
2010,05,13,0,714.17187
2010,05,13,1,713.45413
2010,05,13,2,712.7082
2010,05,13,3,711.90222
2010,05,13,4,711.74006
2010,05,13,5,711.15482
2010,05,13,6,709.8658
2010,05,13,7,708.94402
2010,05,14,0,708.41129
2010,05,14,1,707.20514
2010,05,14,2,705.91586
2010,05,14,3,704.93922
2010,05,14,4,704.31542
2010,05,14,5,703.74455
2010,05,14,6,703.02205
2010,05,14,7,701.90547
2010,05,15,0,700.99754
2010,05,15,1,700.00544
2010,05,15,2,698.65547
2010,05,15,3,697.34877
2010,05,15,4,695.5006
2010,05,15,5,683.09553
2010,05,15,6,680.52912
2010,05,15,7,680.89084
2010,05,16,0,681.79972
2010,05,16,1,683.41312
2010,05,16,2,683.9865
2010,05,16,3,685.02444
2010,05,16,4,685.38467
2010,05,16,5,685.13227
2010,05,16,6,683.43138
2010,05,16,7,681.80602
2010,05,17,0,681.67134
2010,05,17,1,682.16939
2010,05,17,2,683.18737
2010,05,17,3,683.92273
2010,05,17,4,685.04311
2010,05,17,5,686.97736
2010,05,17,6,697.542
2010,05,17,7,699.05223
2010,05,18,0,700.41679
2010,05,18,1,701.54699
2010,05,18,2,702.73175
2010,05,18,3,703.99093
2010,05,18,4,704.74042
2010,05,18,5,705.40013
2010,05,18,6,705.63761
2010,05,18,7,705.76253
2010,05,19,0,706.64601
2010,05,19,1,707.28657
2010,05,19,2,708.11046
2010,05,19,3,708.49688
2010,05,19,4,707.96678
2010,05,19,5,707.34016
2010,05,19,6,706.32548
2010,05,19,7,705.74797
2010,05,20,0,705.24719
2010,05,20,1,704.27979
2010,05,20,2,703.5451
2010,05,20,3,703.01865
2010,05,20,4,702.70624
2010,05,20,5,702.72389
2010,05,20,6,702.41684
2010,05,20,7,701.42657
2010,05,21,0,701.37792
2010,05,21,1,701.14207
2010,05,21,2,701.37315
2010,05,21,3,701.95979
2010,05,21,4,702.32938
2010,05,21,5,703.18496
2010,05,21,6,703.82334
2010,05,21,7,703.83005
2010,05,22,0,703.31871
2010,05,22,1,703.23536
2010,05,22,2,703.32126
2010,05,22,3,703.93472
2010,05,22,4,703.66032
2010,05,22,5,702.82275
2010,05,22,6,701.99302
2010,05,22,7,701.09466
2010,05,23,0,700.10715
2010,05,23,1,699.78713
2010,05,23,2,699.11106
2010,05,23,3,698.55267
2010,05,23,4,697.78909
2010,05,23,5,697.02198
2010,05,23,6,696.6273
2010,05,23,7,696.43215
2010,05,24,0,696.20559
2010,05,24,1,696.22144
2010,05,24,2,696.72047
2010,05,24,3,697.04616
2010,05,24,4,697.09461
2010,05,24,5,697.44433
2010,05,24,6,697.98999
2010,05,24,7,698.83916
2010,05,25,0,700.13748
2010,05,25,1,701.52463
2010,05,25,2,702.68317
2010,05,25,3,703.81921
2010,05,25,4,704.5335
2010,05,25,5,705.08987
2010,05,25,6,706.14833
2010,05,25,7,706.69105
2010,05,26,0,707.46288
2010,05,26,1,707.99811
2010,05,26,2,708.1081
2010,05,26,3,708.10501
2010,05,26,4,708.23179
2010,05,26,5,708.36106
2010,05,26,6,708.42144
2010,05,26,7,708.11231
2010,05,27,0,706.72327
2010,05,27,1,705.41102
2010,05,27,2,704.7517
2010,05,27,3,704.92616
2010,05,27,4,705.27948
2010,05,27,5,705.84735
2010,05,27,6,706.05835
2010,05,27,7,706.40868
2010,05,28,0,707.25209
2010,05,28,1,708.11149
2010,05,28,2,709.10839
2010,05,28,3,710.55922
2010,05,28,4,710.58198
2010,05,28,5,709.81703
2010,05,28,6,709.79849
2010,05,28,7,710.02407
2010,05,29,0,710.50043
2010,05,29,1,710.08578
2010,05,29,2,708.25415
2010,05,29,3,706.87477
2010,05,29,4,706.5225
2010,05,29,5,706.50031
2010,05,29,6,706.39489
2010,05,29,7,706.45383
2010,05,30,0,705.28365
2010,05,30,1,704.23289
2010,05,30,2,705.67141
2010,05,30,3,707.55834
2010,05,30,4,709.89345
2010,05,30,5,712.14511
2010,05,30,6,713.68636
2010,05,30,7,713.82154
2010,05,31,0,712.9779
2010,05,31,1,712.5225
2010,05,31,2,713.06314
2010,05,31,3,713.4759
2010,05,31,4,713.39011
2010,05,31,5,713.30699
2010,05,31,6,712.71583
2010,05,31,7,711.61158
2010,05,1,0,711.3693
2010,05,1,1,711.26288
2010,05,1,2,710.48545
2010,05,1,3,709.49366
2010,05,1,4,709.07813
2010,05,1,5,708.85395
2010,05,1,6,708.07138
2010,05,1,7,707.26489
2010,05,2,0,706.27081
2010,05,2,1,705.59163
2010,05,2,2,705.25256
2010,05,2,3,704.91451
2010,05,2,4,704.47626
2010,05,2,5,704.96096
2010,05,2,6,705.12334
2010,05,2,7,705.85728
2010,05,3,0,705.62059
2010,05,3,1,705.37202
2010,05,3,2,706.53797
2010,05,3,3,706.99104
2010,05,3,4,708.19769
2010,05,3,5,709.92572
2010,05,3,6,710.33905
2010,05,3,7,710.74216
2010,05,4,0,711.9864
2010,05,4,1,713.29517
2010,05,4,2,714.58386
2010,05,4,3,715.93391
2010,05,4,4,716.18057
2010,05,4,5,716.57558
2010,05,4,6,717.33235
2010,05,4,7,717.8538
2010,05,5,0,718.4843
2010,05,5,1,718.97214
2010,05,5,2,719.01695
2010,05,5,3,718.76262
2010,05,5,4,718.4661
2010,05,5,5,718.47336
2010,05,5,6,718.23384
2010,05,5,7,718.04097
2010,05,6,0,717.44154
2010,05,6,1,717.47134
2010,05,6,2,717.22168
2010,05,6,3,716.50807
2010,05,6,4,716.35787
2010,05,6,5,716.19312
2010,05,6,6,715.71439
2010,05,6,7,715.00603
2010,05,7,0,714.34614
2010,05,7,1,714.08273
2010,05,7,2,713.57066
2010,05,7,3,713.28138
2010,05,7,4,712.76711
2010,05,7,5,711.95788
2010,05,7,6,710.93019
2010,05,7,7,710.32331
2010,05,8,0,709.33895
2010,05,8,1,708.72481
2010,05,8,2,708.81047
2010,05,8,3,708.35115
2010,05,8,4,707.81054
2010,05,8,5,707.60965
2010,05,8,6,707.53835
2010,05,8,7,707.71521
2010,05,9,0,707.30274
2010,05,9,1,707.25014
2010,05,9,2,707.73681
2010,05,9,3,708.31356
2010,05,9,4,708.20418
2010,05,9,5,708.26574
2010,05,9,6,708.35454
2010,05,9,7,708.01597
2010,05,10,0,707.87142
2010,05,10,1,707.73941
2010,05,10,2,707.77342
2010,05,10,3,707.7162
2010,05,10,4,707.83149
2010,05,10,5,708.20753
2010,05,10,6,708.3324
2010,05,10,7,708.27898
2010,05,11,0,708.07609
2010,05,11,1,708.02147
2010,05,11,2,708.09842
2010,05,11,3,707.91702
2010,05,11,4,707.65373
2010,05,11,5,707.66856
2010,05,11,6,707.47285
2010,05,11,7,706.93926
2010,05,12,0,707.53569
2010,05,12,1,709.17877
2010,05,12,2,708.81143
2010,05,12,3,708.29506
2010,05,12,4,707.87011
2010,05,12,5,707.28433
2010,05,12,6,707.24224
2010,05,12,7,708.36853
2010,05,13,0,707.63919
2010,05,13,1,708.65347
2010,05,13,2,711.02896
2010,05,13,3,712.93997
2010,05,13,4,714.36113
2010,05,13,5,714.1555
2010,05,13,6,714.90412
2010,05,13,7,715.56117
2010,05,14,0,715.43032
2010,05,14,1,715.68478
2010,05,14,2,715.2662
2010,05,14,3,714.54849
2010,05,14,4,714.58805
2010,05,14,5,713.93983
2010,05,14,6,713.53074
2010,05,14,7,713.36442
2010,05,15,0,713.42209
2010,05,15,1,713.6568
2010,05,15,2,713.48492
2010,05,15,3,713.83741
2010,05,15,4,714.10068
2010,05,15,5,714.00083
2010,05,15,6,714.58316
2010,05,15,7,714.99071
2010,05,16,0,715.15828
2010,05,16,1,714.63724
2010,05,16,2,714.13398
2010,05,16,3,713.22874
2010,05,16,4,712.03314
2010,05,16,5,711.00856
2010,05,16,6,709.64038
2010,05,16,7,708.8283
2010,05,17,0,707.86666
2010,05,17,1,707.21832
2010,05,17,2,705.98639
2010,05,17,3,704.94603
2010,05,17,4,703.90565
2010,05,17,5,703.03128
2010,05,17,6,703.34458
2010,05,17,7,702.79029
2010,05,18,0,701.48352
2010,05,18,1,699.75477
2010,05,18,2,699.4469
2010,05,18,3,700.25217
2010,05,18,4,700.00483
2010,05,18,5,700.18314
2010,05,18,6,701.24359
2010,05,18,7,702.12921
2010,05,19,0,702.02363
2010,05,19,1,702.15592
2010,05,19,2,702.75857
2010,05,19,3,703.25832
2010,05,19,4,703.35695
2010,05,19,5,703.6754
2010,05,19,6,703.63442
2010,05,19,7,703.51377
2010,05,20,0,703.90063
2010,05,20,1,703.47087
2010,05,20,2,702.96642
2010,05,20,3,702.51137
2010,05,20,4,702.90722
2010,05,20,5,703.06824
2010,05,20,6,704.09347
2010,05,20,7,705.26551
2010,05,21,0,707.02987
2010,05,21,1,708.27566
2010,05,21,2,708.37103
2010,05,21,3,709.06615
2010,05,21,4,709.62153
2010,05,21,5,709.66395
2010,05,21,6,709.86447
2010,05,21,7,710.50507
2010,05,22,0,711.46749
2010,05,22,1,712.17668
2010,05,22,2,713.10174
2010,05,22,3,713.45897
2010,05,22,4,713.93897
2010,05,22,5,714.26088
2010,05,22,6,714.71542
2010,05,22,7,714.75205
2010,05,23,0,715.16133
2010,05,23,1,715.36126
2010,05,23,2,715.55962
2010,05,23,3,716.02088
2010,05,23,4,715.76729
2010,05,23,5,715.64122
2010,05,23,6,716.25139
2010,05,23,7,716.79968
2010,05,24,0,716.94453
2010,05,24,1,717.02381
2010,05,24,2,717.37717
2010,05,24,3,717.55745
2010,05,24,4,718.08388
2010,05,24,5,718.01567
2010,05,24,6,718.13792
2010,05,24,7,718.64425
2010,05,25,0,718.93216
2010,05,25,1,719.00715
2010,05,25,2,719.13218
2010,05,25,3,719.24436
2010,05,25,4,718.19005
2010,05,25,5,717.10523
2010,05,25,6,716.61888
2010,05,25,7,716.20516
2010,05,26,0,716.10565
2010,05,26,1,716.27198
2010,05,26,2,716.94346
2010,05,26,3,717.49512
2010,05,26,4,717.26911
2010,05,26,5,717.44508
2010,05,26,6,717.48355
2010,05,26,7,717.20554
2010,05,27,0,717.49903
2010,05,27,1,717.62389
2010,05,27,2,717.53582
2010,05,27,3,717.19772
2010,05,27,4,717.00404
2010,05,27,5,716.65541
2010,05,27,6,716.48571
2010,05,27,7,715.73189
2010,05,28,0,714.56255
2010,05,28,1,713.48231
2010,05,28,2,712.36828
2010,05,28,3,711.24469
2010,05,28,4,709.81131
2010,05,28,5,708.62031
2010,05,28,6,707.4824
2010,05,28,7,706.55799
2010,05,29,0,705.58167
2010,05,29,1,704.38963
2010,05,29,2,703.72614
2010,05,29,3,703.48116
2010,05,29,4,703.20303
2010,05,29,5,702.98974
2010,05,29,6,703.32014
2010,05,29,7,703.76432
2010,05,30,0,703.93749
2010,05,30,1,704.19885
2010,05,30,2,704.94195
2010,05,30,3,705.52628
2010,05,30,4,706.02005
2010,05,30,5,706.77417
2010,05,30,6,707.04219
2010,05,30,7,707.04295
2010,05,31,0,706.73321
2010,05,31,1,706.48135
2010,05,31,2,706.93901
2010,05,31,3,707.10023
2010,05,31,4,706.7464
2010,05,31,5,706.728
2010,05,31,6,707.48679
2010,05,31,7,708.28818
2010,05,1,0,708.76575
2010,05,1,1,708.85603
2010,05,1,2,709.22725
2010,05,1,3,709.58837
2010,05,1,4,709.34
2010,05,1,5,709.47769
2010,05,1,6,709.64167
2010,05,1,7,709.87836
2010,05,2,0,710.29177
2010,05,2,1,710.60598
2010,05,2,2,711.38343
2010,05,2,3,711.75413
2010,05,2,4,711.90031
2010,05,2,5,711.9585
2010,05,2,6,712.32104
2010,05,2,7,712.9459
2010,05,3,0,712.95455
2010,05,3,1,713.41957
2010,05,3,2,714.25921
2010,05,3,3,714.81377
2010,05,3,4,715.44145
2010,05,3,5,715.79455
2010,05,3,6,716.39295
2010,05,3,7,716.81237
2010,05,4,0,717.04989
2010,05,4,1,716.87434
2010,05,4,2,716.8162
2010,05,4,3,716.82719
2010,05,4,4,715.58589
2010,05,4,5,713.80882
2010,05,4,6,712.6572
2010,05,4,7,711.22739
2010,05,5,0,710.3332
2010,05,5,1,709.29977
2010,05,5,2,708.14669
2010,05,5,3,706.74686
2010,05,5,4,704.58617
2010,05,5,5,702.29415
2010,05,5,6,700.79333
2010,05,5,7,699.59247
2010,05,6,0,697.78809
2010,05,6,1,696.21815
2010,05,6,2,695.63665
2010,05,6,3,684.79777
2010,05,6,4,685.61945
2010,05,6,5,697.04614
2010,05,6,6,699.20291
2010,05,6,7,701.9852
2010,05,7,0,704.23232
2010,05,7,1,706.27222
2010,05,7,2,708.16904
2010,05,7,3,709.0977
2010,05,7,4,709.99757
2010,05,7,5,710.51942
2010,05,7,6,710.6475
2010,05,7,7,710.45521
2010,05,8,0,709.84437
2010,05,8,1,708.92869
2010,05,8,2,708.62957
2010,05,8,3,708.25111
2010,05,8,4,707.68107
2010,05,8,5,707.64919
2010,05,8,6,706.80972
2010,05,8,7,705.71959
2010,05,9,0,705.03553
2010,05,9,1,704.60402
2010,05,9,2,704.01453
2010,05,9,3,704.02897
2010,05,9,4,704.97546
2010,05,9,5,705.31461
2010,05,9,6,706.56691
2010,05,9,7,707.2741
2010,05,10,0,707.2339
2010,05,10,1,707.17838
2010,05,10,2,707.71449
2010,05,10,3,707.78426
2010,05,10,4,707.33989
2010,05,10,5,706.65098
2010,05,10,6,706.62625
2010,05,10,7,706.60448
2010,05,11,0,705.50913
2010,05,11,1,704.09542
2010,05,11,2,703.09035
2010,05,11,3,701.81223
2010,05,11,4,700.99848
2010,05,11,5,700.74182
2010,05,11,6,699.43357
2010,05,11,7,697.57142
2010,05,12,0,698.45901
2010,05,12,1,699.41154
2010,05,12,2,698.25656
2010,05,12,3,698.06686
2010,05,12,4,699.32522
2010,05,12,5,699.94959
2010,05,12,6,700.63974
2010,05,12,7,701.06335
2010,05,13,0,701.30599
2010,05,13,1,701.51838
2010,05,13,2,701.81555
2010,05,13,3,702.08371
2010,05,13,4,702.35607
2010,05,13,5,702.83769
2010,05,13,6,703.6944
2010,05,13,7,705.0371
2010,05,14,0,706.40204
2010,05,14,1,707.34104
2010,05,14,2,708.60431
2010,05,14,3,710.20652
2010,05,14,4,712.66861
2010,05,14,5,714.78279
2010,05,14,6,715.8892
2010,05,14,7,716.99378
2010,05,15,0,717.5797
2010,05,15,1,717.58638
2010,05,15,2,718.23583
2010,05,15,3,718.81861
2010,05,15,4,719.27365
2010,05,15,5,719.58421
2010,05,15,6,719.79096
2010,05,15,7,720.05447
2010,05,16,0,719.84964
2010,05,16,1,719.18981
2010,05,16,2,718.79437
2010,05,16,3,718.30882
2010,05,16,4,717.35583
2010,05,16,5,716.73309
2010,05,16,6,716.4961
2010,05,16,7,716.41943
2010,05,17,0,715.79404
2010,05,17,1,714.94009
2010,05,17,2,714.91541
2010,05,17,3,714.61423
2010,05,17,4,713.73909
2010,05,17,5,712.769
2010,05,17,6,712.73252
2010,05,17,7,713.69518
2010,05,18,0,714.3536
2010,05,18,1,714.10328
2010,05,18,2,713.99026
2010,05,18,3,714.40141
2010,05,18,4,714.45581
2010,05,18,5,713.86267
2010,05,18,6,712.74549
2010,05,18,7,711.70781
2010,05,19,0,710.87103
2010,05,19,1,709.82052
2010,05,19,2,709.55211
2010,05,19,3,709.74387
2010,05,19,4,710.38737
2010,05,19,5,710.9369
2010,05,19,6,711.25148
2010,05,19,7,711.99431
2010,05,20,0,712.33783
2010,05,20,1,712.65009
2010,05,20,2,713.7495
2010,05,20,3,714.82794
2010,05,20,4,714.93762
2010,05,20,5,714.9483
2010,05,20,6,715.2855
2010,05,20,7,715.65745
2010,05,21,0,715.45113
2010,05,21,1,715.38725
2010,05,21,2,715.91528
2010,05,21,3,716.06089
2010,05,21,4,716.91745
2010,05,21,5,718.43917
2010,05,21,6,719.11619
2010,05,21,7,719.77061
2010,05,22,0,720.55354
2010,05,22,1,721.1936
2010,05,22,2,721.80807
2010,05,22,3,722.1427
2010,05,22,4,722.44882
2010,05,22,5,722.76998
2010,05,22,6,722.27396
2010,05,22,7,721.81025
2010,05,23,0,722.22818
2010,05,23,1,722.23893
2010,05,23,2,721.73165
2010,05,23,3,720.89554
2010,05,23,4,719.59119
2010,05,23,5,718.66463
2010,05,23,6,718.13914
2010,05,23,7,717.45952
2010,05,24,0,716.34903
2010,05,24,1,715.147
2010,05,24,2,714.21296
2010,05,24,3,713.42939
2010,05,24,4,712.80332
2010,05,24,5,712.24682
2010,05,24,6,712.81633
2010,05,24,7,713.40852
2010,05,25,0,713.54946
2010,05,25,1,713.87302
2010,05,25,2,713.91108
2010,05,25,3,714.58193
2010,05,25,4,715.41278
2010,05,25,5,716.27188
2010,05,25,6,717.58775
2010,05,25,7,718.96695
2010,05,26,0,719.71842
2010,05,26,1,720.15796
2010,05,26,2,721.34306
2010,05,26,3,722.50897
2010,05,26,4,723.06864
2010,05,26,5,723.56029
2010,05,26,6,724.4273
2010,05,26,7,724.67101
2010,05,27,0,725.54833
2010,05,27,1,726.26257
2010,05,27,2,726.58069
2010,05,27,3,726.78169
2010,05,27,4,726.51715
2010,05,27,5,725.70311
2010,05,27,6,725.43053
2010,05,27,7,724.86992
2010,05,28,0,724.49344
2010,05,28,1,724.50072
2010,05,28,2,723.89713
2010,05,28,3,722.64599
2010,05,28,4,722.07932
2010,05,28,5,721.19891
2010,05,28,6,720.42657
2010,05,28,7,719.2721
2010,05,29,0,718.15866
2010,05,29,1,716.71048
2010,05,29,2,714.59581
2010,05,29,3,712.26508
2010,05,29,4,711.16495
2010,05,29,5,710.58063
2010,05,29,6,709.59835
2010,05,29,7,708.29205
2010,05,30,0,707.7576
2010,05,30,1,707.28804
2010,05,30,2,707.06221
2010,05,30,3,707.23242
2010,05,30,4,707.66929
2010,05,30,5,708.31896
2010,05,30,6,709.22443
2010,05,30,7,710.23773
2010,05,1,0,711.50962
2010,05,1,1,712.74935
2010,05,1,2,714.2053
2010,05,1,3,714.86255
2010,05,1,4,715.64692
2010,05,1,5,716.48512
2010,05,1,6,717.57848
2010,05,1,7,718.28576
2010,05,2,0,718.53059
2010,05,2,1,718.56084
2010,05,2,2,718.39728
2010,05,2,3,717.78155
2010,05,2,4,717.59088
2010,05,2,5,716.94809
2010,05,2,6,717.28277
2010,05,2,7,717.25934
2010,05,3,0,716.3092
2010,05,3,1,715.00702
2010,05,3,2,714.45799
2010,05,3,3,713.49618
2010,05,3,4,712.11432
2010,05,3,5,711.40605
2010,05,3,6,710.72655
2010,05,3,7,710.12311
2010,05,4,0,710.14323
2010,05,4,1,710.50507
2010,05,4,2,711.31993
2010,05,4,3,712.39208
2010,05,4,4,713.35497
2010,05,4,5,714.16138
2010,05,4,6,715.49068
2010,05,4,7,716.84464
2010,05,5,0,718.21272
2010,05,5,1,719.3031
2010,05,5,2,719.80401
2010,05,5,3,720.7545
2010,05,5,4,722.3471
2010,05,5,5,723.11775
2010,05,5,6,723.46165
2010,05,5,7,724.23496
2010,05,6,0,724.74669
2010,05,6,1,724.91511
2010,05,6,2,724.61994
2010,05,6,3,724.22495
2010,05,6,4,724.63549
2010,05,6,5,724.63056
2010,05,6,6,724.89842
2010,05,6,7,725.09732
2010,05,7,0,724.98504
2010,05,7,1,724.83742
2010,05,7,2,724.70173
2010,05,7,3,724.12647
2010,05,7,4,723.53644
2010,05,7,5,723.12147
2010,05,7,6,722.77333
2010,05,7,7,721.78519
2010,05,8,0,721.10142
2010,05,8,1,720.26491
2010,05,8,2,719.68066
2010,05,8,3,719.1509
2010,05,8,4,718.13363
2010,05,8,5,717.24846
2010,05,8,6,715.97013
2010,05,8,7,714.51154
2010,05,9,0,713.31264
2010,05,9,1,712.06866
2010,05,9,2,711.32445
2010,05,9,3,710.43866
2010,05,9,4,709.9161
2010,05,9,5,709.7323
2010,05,9,6,709.69769
2010,05,9,7,709.93111
2010,05,10,0,709.98936
2010,05,10,1,709.97202
2010,05,10,2,709.74677
2010,05,10,3,709.57509
2010,05,10,4,709.83068
2010,05,10,5,709.73705
2010,05,10,6,709.86963
2010,05,10,7,709.82266
2010,05,11,0,709.08572
2010,05,11,1,708.03507
2010,05,11,2,707.4056
2010,05,11,3,707.08197
2010,05,11,4,706.62382
2010,05,11,5,706.3941
2010,05,11,6,706.64242
2010,05,11,7,707.40058
2010,05,12,0,707.46151
2010,05,12,1,707.43782
2010,05,12,2,708.53537
2010,05,12,3,710.11631
2010,05,12,4,711.67069
2010,05,12,5,713.15674
2010,05,12,6,715.91761
2010,05,12,7,718.47874
2010,05,13,0,719.08321
2010,05,13,1,719.03227
2010,05,13,2,719.33303
2010,05,13,3,718.98397
2010,05,13,4,717.73098
2010,05,13,5,716.80717
2010,05,13,6,715.88519
2010,05,13,7,714.63584
2010,05,14,0,713.89191
2010,05,14,1,713.24581
2010,05,14,2,713.40592
2010,05,14,3,714.06245
2010,05,14,4,714.19763
2010,05,14,5,714.21865
2010,05,14,6,714.82065
2010,05,14,7,714.70817
2010,05,15,0,714.01636
2010,05,15,1,713.31399
2010,05,15,2,713.17334
2010,05,15,3,712.52966
2010,05,15,4,712.21099
2010,05,15,5,711.39757
2010,05,15,6,710.40948
2010,05,15,7,709.67379
2010,05,16,0,708.69226
2010,05,16,1,707.67421
2010,05,16,2,707.49699
2010,05,16,3,707.31499
2010,05,16,4,707.45459
2010,05,16,5,707.33751
2010,05,16,6,707.84579
2010,05,16,7,708.19722
2010,05,17,0,708.08908
2010,05,17,1,708.2256
2010,05,17,2,709.35387
2010,05,17,3,710.29168
2010,05,17,4,710.72293
2010,05,17,5,710.81005
2010,05,17,6,711.38605
2010,05,17,7,711.86751
2010,05,18,0,711.90745
2010,05,18,1,711.30561
2010,05,18,2,711.59596
2010,05,18,3,711.40674
2010,05,18,4,710.85595
2010,05,18,5,710.78738
2010,05,18,6,711.23494
2010,05,18,7,711.47228
2010,05,19,0,711.41537
2010,05,19,1,711.38316
2010,05,19,2,711.91901
2010,05,19,3,712.38284
2010,05,19,4,712.98054
2010,05,19,5,713.53722
2010,05,19,6,714.39615
2010,05,19,7,715.36038
2010,05,20,0,715.95403
2010,05,20,1,716.12347
2010,05,20,2,717.09214
2010,05,20,3,717.89676
2010,05,20,4,717.72989
2010,05,20,5,717.37814
2010,05,20,6,717.43357
2010,05,20,7,717.44372
2010,05,21,0,717.17931
2010,05,21,1,716.63388
2010,05,21,2,716.03042
2010,05,21,3,715.80025
2010,05,21,4,715.72811
2010,05,21,5,715.58477
2010,05,21,6,715.50585
2010,05,21,7,715.33828
2010,05,22,0,714.69782
2010,05,22,1,714.17107
2010,05,22,2,714.43315
2010,05,22,3,714.11001
2010,05,22,4,713.12695
2010,05,22,5,712.91745
2010,05,22,6,713.05233
2010,05,22,7,712.57777
2010,05,23,0,710.83553
2010,05,23,1,709.41731
2010,05,23,2,709.60527
2010,05,23,3,709.28263
2010,05,23,4,708.52054
2010,05,23,5,708.4549
2010,05,23,6,708.95719
2010,05,23,7,709.26685
2010,05,24,0,709.92565
2010,05,24,1,710.27992
2010,05,24,2,711.59154
2010,05,24,3,712.4844
2010,05,24,4,711.51008
2010,05,24,5,710.89002
2010,05,24,6,710.7695
2010,05,24,7,710.6025
2010,05,25,0,710.50782
2010,05,25,1,710.29454
2010,05,25,2,710.47875
2010,05,25,3,710.40177
2010,05,25,4,709.77363
2010,05,25,5,709.32497
2010,05,25,6,709.38722
2010,05,25,7,709.05885
2010,05,26,0,709.00454
2010,05,26,1,708.90834
2010,05,26,2,708.99873
2010,05,26,3,708.83324
2010,05,26,4,708.52531
2010,05,26,5,708.81409
2010,05,26,6,709.24596
2010,05,26,7,709.39588
2010,05,27,0,709.07693
2010,05,27,1,708.74022
2010,05,27,2,709.30511
2010,05,27,3,710.10578
2010,05,27,4,710.41047
2010,05,27,5,710.66244
2010,05,27,6,710.99954
2010,05,27,7,711.2994
2010,05,28,0,711.77747
2010,05,28,1,712.08874
2010,05,28,2,712.62938
2010,05,28,3,712.92827
2010,05,28,4,713.21032
2010,05,28,5,713.307
2010,05,28,6,714.53141
2010,05,28,7,715.58467
2010,05,29,0,715.12849
2010,05,29,1,714.65753
2010,05,29,2,714.86202
2010,05,29,3,714.96991
2010,05,29,4,714.62335
2010,05,29,5,714.2143
2010,05,29,6,714.45929
2010,05,29,7,714.83641
2010,05,30,0,713.75988
2010,05,30,1,712.44382
2010,05,30,2,711.9738
2010,05,30,3,710.95017
2010,05,30,4,709.96738
2010,05,30,5,709.40784
2010,05,30,6,709.07085
2010,05,30,7,708.94384
2010,05,31,0,707.04194
2010,05,31,1,703.92053
2010,05,31,2,702.54405
2010,05,31,3,701.42798
2010,05,31,4,699.93453
2010,05,31,5,699.82983
2010,05,31,6,701.14707
2010,05,31,7,702.46507
2010,05,1,0,703.63255
2010,05,1,1,705.00552
2010,05,1,2,707.24637
2010,05,1,3,708.87648
2010,05,1,4,710.38761
2010,05,1,5,711.36203
2010,05,1,6,713.39913
2010,05,1,7,715.29378
2010,05,2,0,715.79522
2010,05,2,1,715.75254
2010,05,2,2,716.69423
2010,05,2,3,717.58603
2010,05,2,4,717.61297
2010,05,2,5,717.2008
2010,05,2,6,718.25292
2010,05,2,7,719.77585
2010,05,3,0,720.16469
2010,05,3,1,720.12245
2010,05,3,2,720.67198
2010,05,3,3,720.99029
2010,05,3,4,721.17611
2010,05,3,5,721.12699
2010,05,3,6,721.55026
2010,05,3,7,722.52787
2010,05,4,0,722.51397
2010,05,4,1,722.46136
2010,05,4,2,723.18233
2010,05,4,3,723.61181
2010,05,4,4,723.6358
2010,05,4,5,723.82649
2010,05,4,6,724.39783
2010,05,4,7,724.9153
2010,05,5,0,724.93107
2010,05,5,1,724.50244
2010,05,5,2,725.18437
2010,05,5,3,725.51812
2010,05,5,4,724.97069
2010,05,5,5,724.20834
2010,05,5,6,723.88529
2010,05,5,7,723.69204
2010,05,6,0,722.74719
2010,05,6,1,721.23293
2010,05,6,2,720.9024
2010,05,6,3,720.23243
2010,05,6,4,719.45292
2010,05,6,5,718.40544
2010,05,6,6,719.04575
2010,05,6,7,719.86184
2010,05,7,0,719.60927
2010,05,7,1,719.59712
2010,05,7,2,720.32004
2010,05,7,3,720.52629
2010,05,7,4,720.13626
2010,05,7,5,720.49832
2010,05,7,6,722.3759
2010,05,7,7,723.76921
2010,05,8,0,724.33575
2010,05,8,1,724.36598
2010,05,8,2,724.96673
2010,05,8,3,726.06768
2010,05,8,4,727.22664
2010,05,8,5,728.2851
2010,05,8,6,729.09465
2010,05,8,7,729.4904
2010,05,9,0,729.90111
2010,05,9,1,730.12911
2010,05,9,2,730.57588
2010,05,9,3,731.26542
2010,05,9,4,730.18822
2010,05,9,5,728.04549
2010,05,9,6,727.51714
2010,05,9,7,726.68735
2010,05,10,0,725.98757
2010,05,10,1,724.32031
2010,05,10,2,723.7188
2010,05,10,3,723.17293
2010,05,10,4,721.97403
2010,05,10,5,720.28047
2010,05,10,6,719.18558
2010,05,10,7,718.23029
2010,05,11,0,716.70907
2010,05,11,1,715.166
2010,05,11,2,715.55656
2010,05,11,3,716.07326
2010,05,11,4,715.16045
2010,05,11,5,714.39691
2010,05,11,6,714.50352
2010,05,11,7,714.56294
2010,05,12,0,713.47241
2010,05,12,1,712.52549
2010,05,12,2,712.45274
2010,05,12,3,711.77445
2010,05,12,4,710.84358
2010,05,12,5,710.26612
2010,05,12,6,710.20504
2010,05,12,7,709.92614
2010,05,13,0,710.18432
2010,05,13,1,710.24597
2010,05,13,2,710.51987
2010,05,13,3,710.53365
2010,05,13,4,710.93546
2010,05,13,5,711.49793
2010,05,13,6,711.77235
2010,05,13,7,711.88839
2010,05,14,0,711.59271
2010,05,14,1,711.06939
2010,05,14,2,710.74824
2010,05,14,3,710.20017
2010,05,14,4,709.80387
2010,05,14,5,709.67521
2010,05,14,6,709.67188
2010,05,14,7,710.15019
2010,05,15,0,710.14462
2010,05,15,1,709.98071
2010,05,15,2,710.43187
2010,05,15,3,710.94611
2010,05,15,4,711.51246
2010,05,15,5,712.36265
2010,05,15,6,713.30516
2010,05,15,7,714.34068
2010,05,16,0,715.61097
2010,05,16,1,716.41731
2010,05,16,2,716.7417
2010,05,16,3,716.80716
2010,05,16,4,717.11619
2010,05,16,5,717.22242
2010,05,16,6,717.5094
2010,05,16,7,717.85233
2010,05,17,0,717.89364
2010,05,17,1,717.04837
2010,05,17,2,717.07259
2010,05,17,3,717.09548
2010,05,17,4,716.63252
2010,05,17,5,716.18124
2010,05,17,6,715.37242
2010,05,17,7,714.48684
2010,05,18,0,714.28165
2010,05,18,1,713.74081
2010,05,18,2,713.32493
2010,05,18,3,713.11349
2010,05,18,4,712.63542
2010,05,18,5,712.47023
2010,05,18,6,713.0839
2010,05,18,7,713.51677
2010,05,19,0,712.75275
2010,05,19,1,711.92624
2010,05,19,2,712.53948
2010,05,19,3,712.50331
2010,05,19,4,712.56987
2010,05,19,5,712.49029
2010,05,19,6,712.20438
2010,05,19,7,712.32977
2010,05,20,0,712.13993
2010,05,20,1,711.77675
2010,05,20,2,712.18162
2010,05,20,3,712.42394
2010,05,20,4,712.39914
2010,05,20,5,712.4273
2010,05,20,6,712.52624
2010,05,20,7,712.69402
2010,05,21,0,712.57711
2010,05,21,1,712.12187
2010,05,21,2,712.4084
2010,05,21,3,712.78172
2010,05,21,4,712.40096
2010,05,21,5,711.98185
2010,05,21,6,712.19627
2010,05,21,7,712.04195
2010,05,22,0,711.97846
2010,05,22,1,711.88362
2010,05,22,2,711.65483
2010,05,22,3,711.05405
2010,05,22,4,711.25978
2010,05,22,5,711.22125
2010,05,22,6,711.23066
2010,05,22,7,711.13172
2010,05,23,0,710.73706
2010,05,23,1,710.44433
2010,05,23,2,709.98156
2010,05,23,3,709.23454
2010,05,23,4,708.7535
2010,05,23,5,708.56267
2010,05,23,6,708.81319
2010,05,23,7,708.83713
2010,05,24,0,708.8782
2010,05,24,1,708.83378
2010,05,24,2,709.02341
2010,05,24,3,709.02644
2010,05,24,4,708.94256
2010,05,24,5,708.75974
2010,05,24,6,708.85405
2010,05,24,7,709.23697
2010,05,25,0,709.08075
2010,05,25,1,708.47843
2010,05,25,2,708.67151
2010,05,25,3,708.86283
2010,05,25,4,708.80305
2010,05,25,5,708.79087
2010,05,25,6,709.03643
2010,05,25,7,709.23652
2010,05,26,0,709.16378
2010,05,26,1,708.77749
2010,05,26,2,708.68271
2010,05,26,3,708.68092
2010,05,26,4,708.48624
2010,05,26,5,708.04971
2010,05,26,6,707.75441
2010,05,26,7,707.51612
2010,05,27,0,707.39009
2010,05,27,1,706.89672
2010,05,27,2,706.82832
2010,05,27,3,706.73227
2010,05,27,4,706.77442
2010,05,27,5,706.8369
2010,05,27,6,706.68176
2010,05,27,7,706.61632
2010,05,28,0,706.58076
2010,05,28,1,706.15708
2010,05,28,2,706.36547
2010,05,28,3,706.51944
2010,05,28,4,706.6821
2010,05,28,5,706.88903
2010,05,28,6,707.43847
2010,05,28,7,708.20918
2010,05,29,0,708.64592
2010,05,29,1,708.65726
2010,05,29,2,709.11247
2010,05,29,3,709.79008
2010,05,29,4,710.08635
2010,05,29,5,710.24716
2010,05,29,6,710.91065
2010,05,29,7,711.52116
2010,05,30,0,711.97312
2010,05,30,1,711.95731
2010,05,30,2,712.39153
2010,05,30,3,712.97797
2010,05,30,4,713.1204
2010,05,30,5,713.13955
2010,05,30,6,713.84031
2010,05,30,7,714.48313
2010,05,1,0,715.03342
2010,05,1,1,715.58322
2010,05,1,2,715.68766
2010,05,1,3,715.58228
2010,05,1,4,715.77965
2010,05,1,5,715.50621
2010,05,1,6,715.2746
2010,05,1,7,715.54463
2010,05,2,0,716.10627
2010,05,2,1,716.33936
2010,05,2,2,716.90506
2010,05,2,3,717.64043
2010,05,2,4,718.35538
2010,05,2,5,718.83542
2010,05,2,6,719.87018
2010,05,2,7,720.74335
2010,05,3,0,721.07538
2010,05,3,1,721.27734
2010,05,3,2,721.50218
2010,05,3,3,721.16282
2010,05,3,4,721.21248
2010,05,3,5,721.61318
2010,05,3,6,721.82052
2010,05,3,7,721.92637
2010,05,4,0,721.7006
2010,05,4,1,721.40251
2010,05,4,2,721.44092
2010,05,4,3,721.40842
2010,05,4,4,720.71149
2010,05,4,5,720.15765
2010,05,4,6,720.36016
2010,05,4,7,720.54719
2010,05,5,0,720.85786
2010,05,5,1,721.14448
2010,05,5,2,721.75725
2010,05,5,3,722.55099
2010,05,5,4,723.80741
2010,05,5,5,725.01175
2010,05,5,6,726.52891
2010,05,5,7,728.01179
2010,05,6,0,728.39146
2010,05,6,1,728.79061
2010,05,6,2,729.54738
2010,05,6,3,730.17283
2010,05,6,4,730.83586
2010,05,6,5,731.75226
2010,05,6,6,732.63183
2010,05,6,7,733.58618
2010,05,7,0,735.11586
2010,05,7,1,736.52042
2010,05,7,2,737.22987
2010,05,7,3,737.49599
2010,05,7,4,738.26938
2010,05,7,5,738.69875
2010,05,7,6,747.3013
2010,05,7,7,747.47422
2010,05,8,0,747.17201
2010,05,8,1,747.23618
2010,05,8,2,748.0898
2010,05,8,3,748.90241
2010,05,8,4,749.14207
2010,05,8,5,748.52713
2010,05,8,6,748.16313
2010,05,8,7,746.8941
2010,05,9,0,745.17592
2010,05,9,1,735.81766
2010,05,9,2,733.72257
2010,05,9,3,731.29611
2010,05,9,4,729.15225
2010,05,9,5,728.96303
2010,05,9,6,729.47941
2010,05,9,7,729.67973
2010,05,10,0,729.05908
2010,05,10,1,728.56144
2010,05,10,2,728.59187
2010,05,10,3,727.95769
2010,05,10,4,727.60701
2010,05,10,5,727.24988
2010,05,10,6,727.68135
2010,05,10,7,728.23114
2010,05,11,0,727.80036
2010,05,11,1,727.09095
2010,05,11,2,726.30876
2010,05,11,3,726.1084
2010,05,11,4,726.82474
2010,05,11,5,726.94931
2010,05,11,6,726.9414
2010,05,11,7,727.339
2010,05,12,0,727.63902
2010,05,12,1,727.80258
2010,05,12,2,727.69501
2010,05,12,3,727.52168
2010,05,12,4,727.49766
2010,05,12,5,726.93883
2010,05,12,6,726.7418
2010,05,12,7,727.00229
2010,05,13,0,726.62193
2010,05,13,1,725.77335
2010,05,13,2,725.59581
2010,05,13,3,725.15634
2010,05,13,4,724.52524
2010,05,13,5,724.10302
2010,05,13,6,723.83316
2010,05,13,7,723.91162
2010,05,14,0,723.89421
2010,05,14,1,723.68283
2010,05,14,2,724.0367
2010,05,14,3,724.558
2010,05,14,4,724.91541
2010,05,14,5,725.45369
2010,05,14,6,726.48536
2010,05,14,7,727.78686
2010,05,15,0,727.87273
2010,05,15,1,727.30258
2010,05,15,2,727.42628
2010,05,15,3,727.4286
2010,05,15,4,727.21646
2010,05,15,5,726.78387
2010,05,15,6,726.06742
2010,05,15,7,725.07662
2010,05,16,0,723.85394
2010,05,16,1,722.65366
2010,05,16,2,721.5437
2010,05,16,3,720.72194
2010,05,16,4,721.35717
2010,05,16,5,722.12167
2010,05,16,6,722.8551
2010,05,16,7,723.60198
2010,05,17,0,723.23593
2010,05,17,1,723.23797
2010,05,17,2,723.70354
2010,05,17,3,723.98016
2010,05,17,4,724.71363
2010,05,17,5,725.21152
2010,05,17,6,725.30718
2010,05,17,7,725.28031
2010,05,18,0,725.3238
2010,05,18,1,725.36201
2010,05,18,2,724.52135
2010,05,18,3,724.01408
2010,05,18,4,723.91827
2010,05,18,5,723.25144
2010,05,18,6,723.04684
2010,05,18,7,723.15692
2010,05,19,0,722.47706
2010,05,19,1,722.15893
2010,05,19,2,722.06368
2010,05,19,3,721.82193
2010,05,19,4,721.91291
2010,05,19,5,721.77076
2010,05,19,6,721.45832
2010,05,19,7,721.40347
2010,05,20,0,721.2996
2010,05,20,1,721.07361
2010,05,20,2,720.90676
2010,05,20,3,720.53914
2010,05,20,4,720.52519
2010,05,20,5,720.59502
2010,05,20,6,720.63877
2010,05,20,7,721.06059
2010,05,21,0,721.63338
2010,05,21,1,721.96901
2010,05,21,2,722.65562
2010,05,21,3,723.4152
2010,05,21,4,724.03989
2010,05,21,5,724.58261
2010,05,21,6,724.88029
2010,05,21,7,725.13385
2010,05,22,0,724.83101
2010,05,22,1,724.27629
2010,05,22,2,724.78372
2010,05,22,3,725.0872
2010,05,22,4,725.13204
2010,05,22,5,725.26431
2010,05,22,6,725.70018
2010,05,22,7,725.99611
2010,05,23,0,726.19023
2010,05,23,1,726.3492
2010,05,23,2,726.33635
2010,05,23,3,726.41317
2010,05,23,4,726.62696
2010,05,23,5,726.44937
2010,05,23,6,726.77174
2010,05,23,7,726.74366
2010,05,24,0,727.02987
2010,05,24,1,727.17309
2010,05,24,2,727.70553
2010,05,24,3,727.97084
2010,05,24,4,728.34496
2010,05,24,5,728.73026
2010,05,24,6,729.26593
2010,05,24,7,729.58695
2010,05,25,0,729.85432
2010,05,25,1,730.00397
2010,05,25,2,730.35438
2010,05,25,3,730.59879
2010,05,25,4,730.7966
2010,05,25,5,730.76747
2010,05,25,6,731.22386
2010,05,25,7,731.45991
2010,05,26,0,731.69616
2010,05,26,1,731.46065
2010,05,26,2,730.98284
2010,05,26,3,730.77789
2010,05,26,4,730.8426
2010,05,26,5,730.54789
2010,05,26,6,730.49024
2010,05,26,7,730.5371
2010,05,27,0,730.59644
2010,05,27,1,729.95973
2010,05,27,2,729.42756
2010,05,27,3,728.75495
2010,05,27,4,728.06586
2010,05,27,5,727.36452
2010,05,27,6,726.73594
2010,05,27,7,726.19709
2010,05,28,0,725.82832
2010,05,28,1,725.39519
2010,05,28,2,725.53013
2010,05,28,3,725.57566
2010,05,28,4,725.91263
2010,05,28,5,726.06022
2010,05,28,6,725.71808
2010,05,28,7,725.75183
2010,05,29,0,725.58992
2010,05,29,1,725.18141
2010,05,29,2,725.22294
2010,05,29,3,725.16115
2010,05,29,4,725.25982
2010,05,29,5,725.53203
2010,05,29,6,725.81349
2010,05,29,7,726.17062
2010,05,30,0,726.28455
2010,05,30,1,726.05227
2010,05,30,2,726.05547
2010,05,30,3,726.22357
2010,05,30,4,726.68158
2010,05,30,5,726.91618
2010,05,30,6,726.83524
2010,05,30,7,726.66678
2010,05,31,0,726.83691
2010,05,31,1,726.65483
2010,05,31,2,726.11789
2010,05,31,3,725.79411
2010,05,31,4,725.1923
2010,05,31,5,724.57528
2010,05,31,6,723.78114
2010,05,31,7,723.1711
2011,05,1,0,722.87035
2011,05,1,1,722.48633
2011,05,1,2,722.62446
2011,05,1,3,722.8178
2011,05,1,4,722.40336
2011,05,1,5,721.69656
2011,05,1,6,721.03678
2011,05,1,7,720.80784
2011,05,2,0,720.78101
2011,05,2,1,720.58799
2011,05,2,2,721.02034
2011,05,2,3,721.74134
2011,05,2,4,722.27515
2011,05,2,5,722.59692
2011,05,2,6,723.30035
2011,05,2,7,724.09664
2011,05,3,0,724.12312
2011,05,3,1,723.97112
2011,05,3,2,724.14469
2011,05,3,3,724.22607
2011,05,3,4,724.20122
2011,05,3,5,724.15452
2011,05,3,6,724.01378
2011,05,3,7,723.91524
2011,05,4,0,723.96627
2011,05,4,1,723.5027
2011,05,4,2,723.68493
2011,05,4,3,723.85898
2011,05,4,4,723.59956
2011,05,4,5,723.13293
2011,05,4,6,722.55167
2011,05,4,7,722.13807
2011,05,5,0,721.19308
2011,05,5,1,720.14564
2011,05,5,2,719.44475
2011,05,5,3,718.69195
2011,05,5,4,718.0893
2011,05,5,5,717.87991
2011,05,5,6,717.8743
2011,05,5,7,718.2245
2011,05,6,0,718.66421
2011,05,6,1,719.09922
2011,05,6,2,720.1016
2011,05,6,3,720.8405
2011,05,6,4,721.22522
2011,05,6,5,721.09995
2011,05,6,6,721.15757
2011,05,6,7,721.49031
2011,05,7,0,721.32352
2011,05,7,1,721.03833
2011,05,7,2,721.28862
2011,05,7,3,721.53018
2011,05,7,4,721.22612
2011,05,7,5,720.91538
2011,05,7,6,721.86824
2011,05,7,7,722.8526
2011,05,8,0,722.95388
2011,05,8,1,722.95664
2011,05,8,2,723.15272
2011,05,8,3,723.15575
2011,05,8,4,723.1201
2011,05,8,5,723.03167
2011,05,8,6,723.9812
2011,05,8,7,725.09163
2011,05,9,0,725.6547
2011,05,9,1,725.61213
2011,05,9,2,725.55138
2011,05,9,3,725.39695
2011,05,9,4,724.79949
2011,05,9,5,723.98272
2011,05,9,6,723.80724
2011,05,9,7,723.93684
2011,05,10,0,724.14661
2011,05,10,1,724.32228
2011,05,10,2,724.80377
2011,05,10,3,725.13541
2011,05,10,4,725.75694
2011,05,10,5,726.32818
2011,05,10,6,727.16676
2011,05,10,7,728.3642
2011,05,11,0,728.50036
2011,05,11,1,728.03887
2011,05,11,2,728.67806
2011,05,11,3,729.17038
2011,05,11,4,728.94181
2011,05,11,5,728.36081
2011,05,11,6,727.80688
2011,05,11,7,727.45437
2011,05,12,0,726.98918
2011,05,12,1,726.48376
2011,05,12,2,725.42546
2011,05,12,3,724.6893
2011,05,12,4,724.39001
2011,05,12,5,723.94326
2011,05,12,6,723.79689
2011,05,12,7,724.04178
2011,05,13,0,724.31044
2011,05,13,1,724.45089
2011,05,13,2,724.42057
2011,05,13,3,724.5756
2011,05,13,4,724.67864
2011,05,13,5,724.9074
2011,05,13,6,725.88988
2011,05,13,7,727.1181
2011,05,14,0,727.71351
2011,05,14,1,728.17508
2011,05,14,2,728.73412
2011,05,14,3,729.11045
2011,05,14,4,729.71644
2011,05,14,5,730.00266
2011,05,14,6,730.27572
2011,05,14,7,730.67723
2011,05,15,0,730.55912
2011,05,15,1,730.60554
2011,05,15,2,730.3863
2011,05,15,3,730.01608
2011,05,15,4,730.33218
2011,05,15,5,730.46751
2011,05,15,6,730.33569
2011,05,15,7,730.66753
2011,05,16,0,730.78871
2011,05,16,1,730.6089
2011,05,16,2,730.64398
2011,05,16,3,730.8332
2011,05,16,4,731.14869
2011,05,16,5,731.35615
2011,05,16,6,731.93811
2011,05,16,7,732.27838
2011,05,17,0,732.53966
2011,05,17,1,732.71002
2011,05,17,2,732.97001
2011,05,17,3,733.18034
2011,05,17,4,733.53622
2011,05,17,5,733.6156
2011,05,17,6,733.57583
2011,05,17,7,733.67404
2011,05,18,0,733.34919
2011,05,18,1,732.735
2011,05,18,2,732.14256
2011,05,18,3,732.02083
2011,05,18,4,731.81949
2011,05,18,5,731.43456
2011,05,18,6,731.60105
2011,05,18,7,731.66421
2011,05,19,0,731.73583
2011,05,19,1,731.41263
2011,05,19,2,731.15905
2011,05,19,3,730.67916
2011,05,19,4,730.69287
2011,05,19,5,730.6687
2011,05,19,6,729.77306
2011,05,19,7,728.92122
2011,05,20,0,728.64626
2011,05,20,1,728.11195
2011,05,20,2,727.75448
2011,05,20,3,727.29968
2011,05,20,4,726.76691
2011,05,20,5,725.91525
2011,05,20,6,725.69827
2011,05,20,7,725.5706
2011,05,21,0,725.12192
2011,05,21,1,724.4795
2011,05,21,2,724.12402
2011,05,21,3,723.7625
2011,05,21,4,723.20933
2011,05,21,5,722.31386
2011,05,21,6,722.19588
2011,05,21,7,722.20136
2011,05,22,0,721.66673
2011,05,22,1,720.77663
2011,05,22,2,720.65792
2011,05,22,3,720.57333
2011,05,22,4,720.70988
2011,05,22,5,720.73014
2011,05,22,6,721.21684
2011,05,22,7,721.8312
2011,05,23,0,722.15017
2011,05,23,1,721.76903
2011,05,23,2,721.434
2011,05,23,3,721.12895
2011,05,23,4,720.57648
2011,05,23,5,720.099
2011,05,23,6,720.16172
2011,05,23,7,720.38561
2011,05,24,0,720.39816
2011,05,24,1,720.06532
2011,05,24,2,720.0275
2011,05,24,3,719.62419
2011,05,24,4,719.00602
2011,05,24,5,718.06272
2011,05,24,6,717.91216
2011,05,24,7,718.56831
2011,05,25,0,718.59539
2011,05,25,1,718.28704
2011,05,25,2,718.94753
2011,05,25,3,720.06772
2011,05,25,4,721.04252
2011,05,25,5,721.00087
2011,05,25,6,721.82318
2011,05,25,7,723.0416
2011,05,26,0,723.846
2011,05,26,1,723.30117
2011,05,26,2,723.27422
2011,05,26,3,723.68067
2011,05,26,4,723.66251
2011,05,26,5,723.40134
2011,05,26,6,723.20171
2011,05,26,7,723.29353
2011,05,27,0,723.51699
2011,05,27,1,722.88766
2011,05,27,2,722.91787
2011,05,27,3,722.78135
2011,05,27,4,722.41174
2011,05,27,5,721.71351
2011,05,27,6,721.23966
2011,05,27,7,720.78283
2011,05,28,0,720.18329
2011,05,28,1,719.22653
2011,05,28,2,718.60002
2011,05,28,3,718.49001
2011,05,28,4,719.2664
2011,05,28,5,719.86642
2011,05,28,6,720.53423
2011,05,28,7,721.26758
2011,05,29,0,721.67388
2011,05,29,1,721.19354
2011,05,29,2,721.63905
2011,05,29,3,722.11884
2011,05,29,4,722.7045
2011,05,29,5,723.15167
2011,05,29,6,722.78927
2011,05,29,7,722.67734
2011,05,30,0,723.43584
2011,05,30,1,723.97133
2011,05,30,2,724.00242
2011,05,30,3,723.6654
2011,05,30,4,723.49517
2011,05,30,5,723.13158
2011,05,30,6,723.24089
2011,05,30,7,723.42665
2011,05,31,0,723.06186
2011,05,31,1,722.65497
2011,05,31,2,722.75082
2011,05,31,3,722.39937
2011,05,31,4,722.25072
2011,05,31,5,722.21443
2011,05,31,6,722.28455
2011,05,31,7,722.50013
2011,05,1,0,722.08038
2011,05,1,1,721.19995
2011,05,1,2,721.07322
2011,05,1,3,720.68645
2011,05,1,4,720.4141
2011,05,1,5,720.0441
2011,05,1,6,720.07451
2011,05,1,7,720.19642
2011,05,2,0,720.37135
2011,05,2,1,720.12402
2011,05,2,2,720.53326
2011,05,2,3,721.19562
2011,05,2,4,720.95238
2011,05,2,5,720.88787
2011,05,2,6,721.60074
2011,05,2,7,722.2411
2011,05,3,0,722.67222
2011,05,3,1,722.80665
2011,05,3,2,723.91196
2011,05,3,3,724.6716
2011,05,3,4,724.25742
2011,05,3,5,723.59606
2011,05,3,6,724.52348
2011,05,3,7,725.18601
2011,05,4,0,724.58571
2011,05,4,1,723.76971
2011,05,4,2,724.16425
2011,05,4,3,724.60784
2011,05,4,4,725.06206
2011,05,4,5,725.14684
2011,05,4,6,725.32066
2011,05,4,7,726.01902
2011,05,5,0,726.0825
2011,05,5,1,725.45687
2011,05,5,2,725.98583
2011,05,5,3,726.06083
2011,05,5,4,726.19122
2011,05,5,5,726.27967
2011,05,5,6,726.01145
2011,05,5,7,725.71498
2011,05,6,0,725.41462
2011,05,6,1,724.77217
2011,05,6,2,723.36586
2011,05,6,3,721.60757
2011,05,6,4,720.99633
2011,05,6,5,720.65504
2011,05,6,6,720.19067
2011,05,6,7,719.60547
2011,05,7,0,719.30415
2011,05,7,1,718.88251
2011,05,7,2,719.06769
2011,05,7,3,719.29519
2011,05,7,4,719.3393
2011,05,7,5,719.24082
2011,05,7,6,719.31047
2011,05,7,7,719.4981
2011,05,8,0,720.51287
2011,05,8,1,721.14709
2011,05,8,2,721.91679
2011,05,8,3,723.06515
2011,05,8,4,724.19077
2011,05,8,5,724.61459
2011,05,8,6,724.97325
2011,05,8,7,724.84778
2011,05,9,0,724.50433
2011,05,9,1,723.42215
2011,05,9,2,722.69329
2011,05,9,3,722.18592
2011,05,9,4,720.58746
2011,05,9,5,718.44409
2011,05,9,6,716.97128
2011,05,9,7,715.27624
2011,05,10,0,715.03185
2011,05,10,1,715.3931
2011,05,10,2,716.39529
2011,05,10,3,717.57698
2011,05,10,4,718.45574
2011,05,10,5,718.79051
2011,05,10,6,719.68139
2011,05,10,7,720.82916
2011,05,11,0,722.075
2011,05,11,1,722.6723
2011,05,11,2,723.12401
2011,05,11,3,723.33245
2011,05,11,4,723.57664
2011,05,11,5,723.10078
2011,05,11,6,722.65847
2011,05,11,7,722.56721
2011,05,12,0,723.27306
2011,05,12,1,723.18591
2011,05,12,2,723.5404
2011,05,12,3,724.45557
2011,05,12,4,724.65435
2011,05,12,5,724.43763
2011,05,12,6,725.13901
2011,05,12,7,725.60523
2011,05,13,0,724.88706
2011,05,13,1,723.61938
2011,05,13,2,723.40449
2011,05,13,3,723.06423
2011,05,13,4,722.24759
2011,05,13,5,721.07148
2011,05,13,6,720.54287
2011,05,13,7,720.18867
2011,05,14,0,719.05891
2011,05,14,1,717.97278
2011,05,14,2,718.03757
2011,05,14,3,718.64217
2011,05,14,4,719.87295
2011,05,14,5,720.78352
2011,05,14,6,722.21086
2011,05,14,7,723.74005
2011,05,15,0,724.62412
2011,05,15,1,725.21183
2011,05,15,2,725.91333
2011,05,15,3,726.39985
2011,05,15,4,727.04501
2011,05,15,5,726.88671
2011,05,15,6,726.40606
2011,05,15,7,725.68016
2011,05,16,0,724.99391
2011,05,16,1,724.00833
2011,05,16,2,722.81722
2011,05,16,3,721.30266
2011,05,16,4,720.2023
2011,05,16,5,719.69919
2011,05,16,6,719.02976
2011,05,16,7,718.89685
2011,05,17,0,718.68739
2011,05,17,1,717.98645
2011,05,17,2,718.22999
2011,05,17,3,718.37181
2011,05,17,4,717.7925
2011,05,17,5,717.38233
2011,05,17,6,717.95813
2011,05,17,7,718.32472
2011,05,18,0,718.28664
2011,05,18,1,718.03194
2011,05,18,2,718.52698
2011,05,18,3,719.06761
2011,05,18,4,719.15305
2011,05,18,5,719.26041
2011,05,18,6,719.90208
2011,05,18,7,720.66564
2011,05,19,0,720.96225
2011,05,19,1,721.21236
2011,05,19,2,721.6227
2011,05,19,3,721.46501
2011,05,19,4,720.9714
2011,05,19,5,720.90129
2011,05,19,6,721.2866
2011,05,19,7,720.58256
2011,05,20,0,720.01001
2011,05,20,1,719.37034
2011,05,20,2,718.78039
2011,05,20,3,718.2714
2011,05,20,4,717.36635
2011,05,20,5,716.25055
2011,05,20,6,716.48909
2011,05,20,7,717.15678
2011,05,21,0,717.32991
2011,05,21,1,717.74556
2011,05,21,2,719.02989
2011,05,21,3,720.0936
2011,05,21,4,721.15756
2011,05,21,5,722.39888
2011,05,21,6,723.41863
2011,05,21,7,723.77211
2011,05,22,0,724.5559
2011,05,22,1,724.81835
2011,05,22,2,724.65648
2011,05,22,3,724.42581
2011,05,22,4,724.64237
2011,05,22,5,724.40207
2011,05,22,6,724.38823
2011,05,22,7,724.27163
2011,05,23,0,723.61013
2011,05,23,1,722.8253
2011,05,23,2,721.12527
2011,05,23,3,718.55974
2011,05,23,4,717.15132
2011,05,23,5,716.41788
2011,05,23,6,715.14475
2011,05,23,7,713.62375
2011,05,24,0,713.24538
2011,05,24,1,712.8432
2011,05,24,2,712.81002
2011,05,24,3,712.77557
2011,05,24,4,712.94048
2011,05,24,5,712.89039
2011,05,24,6,713.70049
2011,05,24,7,714.40854
2011,05,25,0,714.4469
2011,05,25,1,714.46883
2011,05,25,2,715.57731
2011,05,25,3,716.45063
2011,05,25,4,716.6287
2011,05,25,5,716.60635
2011,05,25,6,716.77448
2011,05,25,7,716.76192
2011,05,26,0,716.46835
2011,05,26,1,716.20167
2011,05,26,2,716.57553
2011,05,26,3,716.51988
2011,05,26,4,716.30344
2011,05,26,5,715.84294
2011,05,26,6,715.29718
2011,05,26,7,714.77993
2011,05,27,0,713.9376
2011,05,27,1,712.80689
2011,05,27,2,712.15629
2011,05,27,3,711.92721
2011,05,27,4,712.28159
2011,05,27,5,712.90908
2011,05,27,6,713.81139
2011,05,27,7,714.62001
2011,05,28,0,715.56268
2011,05,28,1,716.12866
2011,05,28,2,717.2719
2011,05,28,3,718.29127
2011,05,28,4,718.93762
2011,05,28,5,719.44561
2011,05,28,6,720.10305
2011,05,28,7,720.63892
2011,05,1,0,721.01214
2011,05,1,1,721.18164
2011,05,1,2,721.75898
2011,05,1,3,722.20358
2011,05,1,4,722.44482
2011,05,1,5,722.28147
2011,05,1,6,722.14151
2011,05,1,7,721.84456
2011,05,2,0,721.59191
2011,05,2,1,721.29917
2011,05,2,2,721.39576
2011,05,2,3,721.09346
2011,05,2,4,720.03294
2011,05,2,5,719.43373
2011,05,2,6,718.98886
2011,05,2,7,717.94482
2011,05,3,0,717.45107
2011,05,3,1,716.47761
2011,05,3,2,716.05285
2011,05,3,3,715.75431
2011,05,3,4,715.48813
2011,05,3,5,715.04303
2011,05,3,6,715.07814
2011,05,3,7,714.86451
2011,05,4,0,714.72928
2011,05,4,1,713.99922
2011,05,4,2,713.35686
2011,05,4,3,713.28318
2011,05,4,4,713.29175
2011,05,4,5,713.12851
2011,05,4,6,713.1005
2011,05,4,7,713.15908
2011,05,5,0,712.82198
2011,05,5,1,712.29462
2011,05,5,2,712.63671
2011,05,5,3,713.0549
2011,05,5,4,713.47566
2011,05,5,5,713.90925
2011,05,5,6,714.4961
2011,05,5,7,715.14275
2011,05,6,0,715.41613
2011,05,6,1,715.31323
2011,05,6,2,715.50617
2011,05,6,3,715.71031
2011,05,6,4,715.93143
2011,05,6,5,715.71186
2011,05,6,6,715.71742
2011,05,6,7,715.39165
2011,05,7,0,714.48706
2011,05,7,1,713.96472
2011,05,7,2,714.04393
2011,05,7,3,714.20819
2011,05,7,4,714.34355
2011,05,7,5,714.5042
2011,05,7,6,715.28737
2011,05,7,7,716.32801
2011,05,8,0,716.97573
2011,05,8,1,717.25084
2011,05,8,2,718.02942
2011,05,8,3,718.84804
2011,05,8,4,719.13548
2011,05,8,5,719.13812
2011,05,8,6,719.1966
2011,05,8,7,719.31533
2011,05,9,0,718.62849
2011,05,9,1,717.60037
2011,05,9,2,717.56896
2011,05,9,3,717.56545
2011,05,9,4,717.26582
2011,05,9,5,716.73279
2011,05,9,6,716.22843
2011,05,9,7,715.98261
2011,05,10,0,715.4412
2011,05,10,1,714.86574
2011,05,10,2,714.80647
2011,05,10,3,714.89982
2011,05,10,4,715.40443
2011,05,10,5,715.78919
2011,05,10,6,715.85377
2011,05,10,7,716.02844
2011,05,11,0,715.83689
2011,05,11,1,715.344
2011,05,11,2,715.09408
2011,05,11,3,714.88141
2011,05,11,4,714.39908
2011,05,11,5,713.99518
2011,05,11,6,714.07156
2011,05,11,7,714.13709
2011,05,12,0,713.74997
2011,05,12,1,712.95176
2011,05,12,2,712.84296
2011,05,12,3,713.10679
2011,05,12,4,713.03562
2011,05,12,5,712.96455
2011,05,12,6,712.90898
2011,05,12,7,712.38979
2011,05,13,0,712.32274
2011,05,13,1,712.03186
2011,05,13,2,711.31433
2011,05,13,3,710.24389
2011,05,13,4,710.37103
2011,05,13,5,710.35134
2011,05,13,6,709.57583
2011,05,13,7,709.50795
2011,05,14,0,709.3732
2011,05,14,1,709.63983
2011,05,14,2,710.22966
2011,05,14,3,710.87967
2011,05,14,4,711.94285
2011,05,14,5,712.80531
2011,05,14,6,713.34135
2011,05,14,7,713.83449
2011,05,15,0,714.33079
2011,05,15,1,714.86265
2011,05,15,2,715.00377
2011,05,15,3,715.37549
2011,05,15,4,715.4082
2011,05,15,5,715.621
2011,05,15,6,716.64149
2011,05,15,7,717.59543
2011,05,16,0,717.89431
2011,05,16,1,718.10547
2011,05,16,2,718.60679
2011,05,16,3,718.89411
2011,05,16,4,718.72006
2011,05,16,5,718.07971
2011,05,16,6,717.48243
2011,05,16,7,716.76249
2011,05,17,0,715.35028
2011,05,17,1,713.98871
2011,05,17,2,712.94439
2011,05,17,3,712.38664
2011,05,17,4,711.79375
2011,05,17,5,711.15151
2011,05,17,6,710.66883
2011,05,17,7,710.24881
2011,05,18,0,710.89079
2011,05,18,1,711.59702
2011,05,18,2,711.499
2011,05,18,3,711.35274
2011,05,18,4,711.89852
2011,05,18,5,712.55565
2011,05,18,6,713.57689
2011,05,18,7,714.34093
2011,05,19,0,715.29296
2011,05,19,1,715.86617
2011,05,19,2,717.05868
2011,05,19,3,718.07811
2011,05,19,4,719.45544
2011,05,19,5,720.57721
2011,05,19,6,721.51761
2011,05,19,7,721.92994
2011,05,20,0,721.79272
2011,05,20,1,721.40705
2011,05,20,2,721.07056
2011,05,20,3,720.1901
2011,05,20,4,719.17965
2011,05,20,5,718.27842
2011,05,20,6,717.63932
2011,05,20,7,717.28716
2011,05,21,0,717.5055
2011,05,21,1,717.78274
2011,05,21,2,718.29601
2011,05,21,3,718.61876
2011,05,21,4,718.54376
2011,05,21,5,718.37367
2011,05,21,6,718.75
2011,05,21,7,719.54969
2011,05,22,0,720.52392
2011,05,22,1,721.7483
2011,05,22,2,722.89183
2011,05,22,3,723.42884
2011,05,22,4,724.16913
2011,05,22,5,724.79615
2011,05,22,6,725.0854
2011,05,22,7,724.90015
2011,05,23,0,724.28791
2011,05,23,1,723.90312
2011,05,23,2,723.98845
2011,05,23,3,724.10439
2011,05,23,4,724.09209
2011,05,23,5,724.08306
2011,05,23,6,723.98095
2011,05,23,7,724.1589
2011,05,24,0,724.74164
2011,05,24,1,725.98134
2011,05,24,2,727.41039
2011,05,24,3,728.07234
2011,05,24,4,728.32674
2011,05,24,5,728.55587
2011,05,24,6,728.63862
2011,05,24,7,728.79356
2011,05,25,0,728.65538
2011,05,25,1,728.4394
2011,05,25,2,728.57348
2011,05,25,3,728.43486
2011,05,25,4,727.82038
2011,05,25,5,727.21048
2011,05,25,6,726.38379
2011,05,25,7,725.57693
2011,05,26,0,725.3059
2011,05,26,1,725.20975
2011,05,26,2,725.14935
2011,05,26,3,725.25893
2011,05,26,4,725.11772
2011,05,26,5,725.39263
2011,05,26,6,725.58846
2011,05,26,7,725.32502
2011,05,27,0,725.30712
2011,05,27,1,725.83679
2011,05,27,2,726.12428
2011,05,27,3,726.54484
2011,05,27,4,726.58835
2011,05,27,5,726.46591
2011,05,27,6,725.8999
2011,05,27,7,725.20649
2011,05,28,0,725.21686
2011,05,28,1,724.48593
2011,05,28,2,724.06497
2011,05,28,3,723.77481
2011,05,28,4,722.83433
2011,05,28,5,721.95703
2011,05,28,6,721.37332
2011,05,28,7,720.89404
2011,05,29,0,720.80336
2011,05,29,1,720.6297
2011,05,29,2,721.16562
2011,05,29,3,721.74751
2011,05,29,4,721.86644
2011,05,29,5,721.95657
2011,05,29,6,722.07832
2011,05,29,7,722.40298
2011,05,30,0,722.95735
2011,05,30,1,723.29325
2011,05,30,2,723.74566
2011,05,30,3,724.23183
2011,05,30,4,724.78924
2011,05,30,5,724.97716
2011,05,30,6,725.39869
2011,05,30,7,725.48174
2011,05,31,0,725.65441
2011,05,31,1,725.73994
2011,05,31,2,725.70554
2011,05,31,3,725.31105
2011,05,31,4,724.47793
2011,05,31,5,723.62084
2011,05,31,6,722.42258
2011,05,31,7,720.93324
2011,05,1,0,719.67319
2011,05,1,1,718.72185
2011,05,1,2,717.46492
2011,05,1,3,716.62348
2011,05,1,4,716.44698
2011,05,1,5,716.62933
2011,05,1,6,717.04716
2011,05,1,7,717.69691
2011,05,2,0,718.05098
2011,05,2,1,718.46902
2011,05,2,2,718.70013
2011,05,2,3,719.15213
2011,05,2,4,719.89238
2011,05,2,5,720.48982
2011,05,2,6,721.47267
2011,05,2,7,722.15651
2011,05,3,0,722.18219
2011,05,3,1,721.81975
2011,05,3,2,721.44348
2011,05,3,3,721.05996
2011,05,3,4,720.38206
2011,05,3,5,719.38655
2011,05,3,6,718.73396
2011,05,3,7,718.00337
2011,05,4,0,716.91665
2011,05,4,1,715.57493
2011,05,4,2,714.95117
2011,05,4,3,714.56499
2011,05,4,4,714.43385
2011,05,4,5,714.68986
2011,05,4,6,715.2616
2011,05,4,7,716.05088
2011,05,5,0,716.76717
2011,05,5,1,717.14484
2011,05,5,2,717.60273
2011,05,5,3,717.91059
2011,05,5,4,717.76322
2011,05,5,5,717.50412
2011,05,5,6,717.40052
2011,05,5,7,717.40796
2011,05,6,0,718.01599
2011,05,6,1,718.16614
2011,05,6,2,719.04014
2011,05,6,3,720.23475
2011,05,6,4,720.71458
2011,05,6,5,721.04545
2011,05,6,6,721.30735
2011,05,6,7,721.35834
2011,05,7,0,721.82563
2011,05,7,1,721.69845
2011,05,7,2,721.61061
2011,05,7,3,721.48629
2011,05,7,4,721.10164
2011,05,7,5,719.96059
2011,05,7,6,718.47422
2011,05,7,7,716.85751
2011,05,8,0,715.03606
2011,05,8,1,713.6328
2011,05,8,2,712.33064
2011,05,8,3,711.0105
2011,05,8,4,709.71036
2011,05,8,5,708.92035
2011,05,8,6,708.64119
2011,05,8,7,708.53713
2011,05,9,0,709.24723
2011,05,9,1,709.93793
2011,05,9,2,710.95327
2011,05,9,3,712.19909
2011,05,9,4,712.62583
2011,05,9,5,713.37832
2011,05,9,6,714.12614
2011,05,9,7,714.8197
2011,05,10,0,715.79611
2011,05,10,1,716.38688
2011,05,10,2,716.83216
2011,05,10,3,717.63286
2011,05,10,4,718.72703
2011,05,10,5,719.2607
2011,05,10,6,719.1194
2011,05,10,7,718.83917
2011,05,11,0,718.03385
2011,05,11,1,716.80494
2011,05,11,2,715.58594
2011,05,11,3,714.84386
2011,05,11,4,714.86874
2011,05,11,5,715.14249
2011,05,11,6,715.47121
2011,05,11,7,715.96655
2011,05,12,0,716.19723
2011,05,12,1,716.19745
2011,05,12,2,716.29313
2011,05,12,3,716.10852
2011,05,12,4,716.30257
2011,05,12,5,716.68096
2011,05,12,6,716.9945
2011,05,12,7,717.81756
2011,05,13,0,718.77932
2011,05,13,1,719.79006
2011,05,13,2,720.58066
2011,05,13,3,721.15336
2011,05,13,4,721.53403
2011,05,13,5,721.53595
2011,05,13,6,721.83341
2011,05,13,7,722.62467
2011,05,14,0,723.39055
2011,05,14,1,723.98078
2011,05,14,2,724.77615
2011,05,14,3,725.30506
2011,05,14,4,725.46016
2011,05,14,5,725.82535
2011,05,14,6,726.50838
2011,05,14,7,727.40731
2011,05,15,0,729.12091
2011,05,15,1,730.03916
2011,05,15,2,730.27172
2011,05,15,3,729.90636
2011,05,15,4,728.93237
2011,05,15,5,727.87092
2011,05,15,6,726.59406
2011,05,15,7,725.10343
2011,05,16,0,723.48394
2011,05,16,1,721.76554
2011,05,16,2,720.19119
2011,05,16,3,717.80184
2011,05,16,4,716.06017
2011,05,16,5,714.39665
2011,05,16,6,712.83547
2011,05,16,7,711.71558
2011,05,17,0,710.57216
2011,05,17,1,709.59931
2011,05,17,2,709.5667
2011,05,17,3,709.95337
2011,05,17,4,709.88535
2011,05,17,5,710.22512
2011,05,17,6,710.17599
2011,05,17,7,710.04853
2011,05,18,0,710.49939
2011,05,18,1,710.543
2011,05,18,2,710.78479
2011,05,18,3,711.23913
2011,05,18,4,711.75016
2011,05,18,5,712.0408
2011,05,18,6,711.79441
2011,05,18,7,711.77151
2011,05,19,0,711.81349
2011,05,19,1,711.78468
2011,05,19,2,711.89526
2011,05,19,3,711.94398
2011,05,19,4,711.42035
2011,05,19,5,711.05302
2011,05,19,6,711.13826
2011,05,19,7,711.37648
2011,05,20,0,711.78223
2011,05,20,1,711.75558
2011,05,20,2,712.54669
2011,05,20,3,712.95266
2011,05,20,4,712.88416
2011,05,20,5,712.96637
2011,05,20,6,712.48579
2011,05,20,7,712.2149
2011,05,21,0,711.9072
2011,05,21,1,711.543
2011,05,21,2,712.5219
2011,05,21,3,713.65828
2011,05,21,4,714.051
2011,05,21,5,714.31779
2011,05,21,6,715.09389
2011,05,21,7,716.09539
2011,05,22,0,717.01419
2011,05,22,1,717.7604
2011,05,22,2,718.4812
2011,05,22,3,719.05004
2011,05,22,4,719.41523
2011,05,22,5,719.3249
2011,05,22,6,719.30194
2011,05,22,7,719.27874
2011,05,23,0,720.00828
2011,05,23,1,720.15972
2011,05,23,2,719.90007
2011,05,23,3,719.77155
2011,05,23,4,719.7118
2011,05,23,5,719.60364
2011,05,23,6,719.41625
2011,05,23,7,718.78626
2011,05,24,0,718.57613
2011,05,24,1,718.48482
2011,05,24,2,718.65467
2011,05,24,3,719.26319
2011,05,24,4,720.38301
2011,05,24,5,721.68964
2011,05,24,6,723.07666
2011,05,24,7,724.16352
2011,05,25,0,724.58106
2011,05,25,1,724.48332
2011,05,25,2,724.64719
2011,05,25,3,724.78301
2011,05,25,4,724.15977
2011,05,25,5,723.38926
2011,05,25,6,722.6313
2011,05,25,7,721.70814
2011,05,26,0,720.95157
2011,05,26,1,719.86283
2011,05,26,2,718.77484
2011,05,26,3,717.62039
2011,05,26,4,716.38516
2011,05,26,5,715.60968
2011,05,26,6,715.19741
2011,05,26,7,714.77354
2011,05,27,0,714.61447
2011,05,27,1,714.5289
2011,05,27,2,714.57264
2011,05,27,3,714.85694
2011,05,27,4,715.50602
2011,05,27,5,716.25912
2011,05,27,6,717.24568
2011,05,27,7,718.24498
2011,05,28,0,718.67305
2011,05,28,1,718.80355
2011,05,28,2,719.53629
2011,05,28,3,720.3784
2011,05,28,4,720.81007
2011,05,28,5,720.7898
2011,05,28,6,720.8733
2011,05,28,7,721.10882
2011,05,29,0,721.15676
2011,05,29,1,721.09291
2011,05,29,2,721.02784
2011,05,29,3,720.80996
2011,05,29,4,720.54903
2011,05,29,5,720.55497
2011,05,29,6,720.7995
2011,05,29,7,720.74753
2011,05,30,0,720.05571
2011,05,30,1,719.61663
2011,05,30,2,719.34198
2011,05,30,3,718.8756
2011,05,30,4,717.91995
2011,05,30,5,716.9753
2011,05,30,6,716.57019
2011,05,30,7,716.12642
2011,05,1,0,715.74086
2011,05,1,1,715.23644
2011,05,1,2,714.89651
2011,05,1,3,714.38264
2011,05,1,4,713.71679
2011,05,1,5,713.19043
2011,05,1,6,712.87772
2011,05,1,7,712.68243
2011,05,2,0,712.56436
2011,05,2,1,712.70721
2011,05,2,2,712.3529
2011,05,2,3,711.79012
2011,05,2,4,711.6722
2011,05,2,5,711.64738
2011,05,2,6,711.41611
2011,05,2,7,711.26712
2011,05,3,0,711.07919
2011,05,3,1,710.54816
2011,05,3,2,710.48006
2011,05,3,3,710.3073
2011,05,3,4,710.15332
2011,05,3,5,710.2562
2011,05,3,6,710.28609
2011,05,3,7,710.60993
2011,05,4,0,710.70471
2011,05,4,1,710.46039
2011,05,4,2,710.32149
2011,05,4,3,710.20211
2011,05,4,4,710.02835
2011,05,4,5,710.14727
2011,05,4,6,710.18032
2011,05,4,7,710.39992
2011,05,5,0,710.81024
2011,05,5,1,711.29381
2011,05,5,2,711.96348
2011,05,5,3,712.5559
2011,05,5,4,712.80265
2011,05,5,5,712.66843
2011,05,5,6,711.88675
2011,05,5,7,711.06496
2011,05,6,0,710.45998
2011,05,6,1,709.71862
2011,05,6,2,709.33927
2011,05,6,3,708.71566
2011,05,6,4,708.01314
2011,05,6,5,707.61002
2011,05,6,6,707.09346
2011,05,6,7,707.40349
2011,05,7,0,707.64515
2011,05,7,1,707.50473
2011,05,7,2,708.62286
2011,05,7,3,710.04636
2011,05,7,4,711.53946
2011,05,7,5,712.74991
2011,05,7,6,713.55576
2011,05,7,7,713.92987
2011,05,8,0,713.91361
2011,05,8,1,713.67257
2011,05,8,2,713.81981
2011,05,8,3,714.08895
2011,05,8,4,714.45913
2011,05,8,5,715.02324
2011,05,8,6,715.25497
2011,05,8,7,715.41749
2011,05,9,0,715.65131
2011,05,9,1,715.79605
2011,05,9,2,715.86194
2011,05,9,3,716.16202
2011,05,9,4,717.98119
2011,05,9,5,719.604
2011,05,9,6,720.23614
2011,05,9,7,720.97565
2011,05,10,0,721.63094
2011,05,10,1,722.0323
2011,05,10,2,722.01176
2011,05,10,3,722.38063
2011,05,10,4,723.10185
2011,05,10,5,723.37519
2011,05,10,6,722.59322
2011,05,10,7,721.50219
2011,05,11,0,721.11644
2011,05,11,1,720.43319
2011,05,11,2,719.88323
2011,05,11,3,719.42379
2011,05,11,4,719.25746
2011,05,11,5,719.13022
2011,05,11,6,718.64932
2011,05,11,7,718.37649
2011,05,12,0,718.47548
2011,05,12,1,718.34432
2011,05,12,2,718.39487
2011,05,12,3,718.32388
2011,05,12,4,718.43646
2011,05,12,5,718.23839
2011,05,12,6,717.71366
2011,05,12,7,717.22041
2011,05,13,0,717.17434
2011,05,13,1,717.05254
2011,05,13,2,716.95652
2011,05,13,3,716.51443
2011,05,13,4,716.63622
2011,05,13,5,716.78077
2011,05,13,6,716.2136
2011,05,13,7,715.87389
2011,05,14,0,715.95709
2011,05,14,1,715.98213
2011,05,14,2,716.08503
2011,05,14,3,716.34518
2011,05,14,4,716.48791
2011,05,14,5,716.31231
2011,05,14,6,716.2014
2011,05,14,7,716.22831
2011,05,15,0,716.13336
2011,05,15,1,716.56113
2011,05,15,2,717.08406
2011,05,15,3,717.40232
2011,05,15,4,717.89785
2011,05,15,5,717.66938
2011,05,15,6,718.11207
2011,05,15,7,717.96334
2011,05,16,0,717.79494
2011,05,16,1,717.49827
2011,05,16,2,717.42595
2011,05,16,3,717.51408
2011,05,16,4,717.28354
2011,05,16,5,717.04002
2011,05,16,6,716.92032
2011,05,16,7,716.70962
2011,05,17,0,716.5609
2011,05,17,1,716.14562
2011,05,17,2,715.97237
2011,05,17,3,715.63836
2011,05,17,4,715.24733
2011,05,17,5,714.5236
2011,05,17,6,713.85049
2011,05,17,7,713.21917
2011,05,18,0,712.35467
2011,05,18,1,711.08281
2011,05,18,2,710.04316
2011,05,18,3,709.35247
2011,05,18,4,708.71893
2011,05,18,5,708.24926
2011,05,18,6,708.20024
2011,05,18,7,707.85777
2011,05,19,0,707.91814
2011,05,19,1,707.77904
2011,05,19,2,707.56627
2011,05,19,3,707.60698
2011,05,19,4,707.45636
2011,05,19,5,707.20504
2011,05,19,6,706.95817
2011,05,19,7,706.68615
2011,05,20,0,706.5297
2011,05,20,1,706.83149
2011,05,20,2,708.08379
2011,05,20,3,709.13195
2011,05,20,4,710.49703
2011,05,20,5,711.24373
2011,05,20,6,711.55516
2011,05,20,7,711.58161
2011,05,21,0,710.84981
2011,05,21,1,709.89534
2011,05,21,2,708.75056
2011,05,21,3,707.51314
2011,05,21,4,706.25356
2011,05,21,5,705.30715
2011,05,21,6,703.75063
2011,05,21,7,703.12575
2011,05,22,0,703.94312
2011,05,22,1,704.57979
2011,05,22,2,705.83322
2011,05,22,3,707.38181
2011,05,22,4,708.31758
2011,05,22,5,709.0263
2011,05,22,6,709.55442
2011,05,22,7,709.73661
2011,05,23,0,710.02977
2011,05,23,1,710.30561
2011,05,23,2,710.02614
2011,05,23,3,709.98942
2011,05,23,4,709.9388
2011,05,23,5,709.77973
2011,05,23,6,709.79615
2011,05,23,7,709.78616
2011,05,24,0,710.27522
2011,05,24,1,710.9651
2011,05,24,2,710.81713
2011,05,24,3,710.51918
2011,05,24,4,711.40056
2011,05,24,5,712.05115
2011,05,24,6,712.13601
2011,05,24,7,712.08187
2011,05,25,0,712.11084
2011,05,25,1,712.0084
2011,05,25,2,711.69093
2011,05,25,3,711.14167
2011,05,25,4,710.67286
2011,05,25,5,710.29505
2011,05,25,6,709.44797
2011,05,25,7,708.22199
2011,05,26,0,707.02175
2011,05,26,1,705.58691
2011,05,26,2,704.0216
2011,05,26,3,702.73676
2011,05,26,4,702.2383
2011,05,26,5,702.69817
2011,05,26,6,703.85313
2011,05,26,7,704.60652
2011,05,27,0,705.05188
2011,05,27,1,705.38863
2011,05,27,2,705.82946
2011,05,27,3,706.1648
2011,05,27,4,706.82241
2011,05,27,5,708.1074
2011,05,27,6,709.81744
2011,05,27,7,711.54418
2011,05,28,0,712.67169
2011,05,28,1,713.17237
2011,05,28,2,713.79363
2011,05,28,3,714.2926
2011,05,28,4,714.55974
2011,05,28,5,714.4913
2011,05,28,6,714.89183
2011,05,28,7,714.99715
2011,05,29,0,714.93285
2011,05,29,1,714.52178
2011,05,29,2,714.31017
2011,05,29,3,714.21495
2011,05,29,4,714.22379
2011,05,29,5,714.30246
2011,05,29,6,714.11496
2011,05,29,7,714.19301
2011,05,30,0,715.01241
2011,05,30,1,715.41837
2011,05,30,2,715.95785
2011,05,30,3,716.82793
2011,05,30,4,717.11097
2011,05,30,5,717.63902
2011,05,30,6,718.24485
2011,05,30,7,718.96448
2011,05,31,0,719.56991
2011,05,31,1,720.14049
2011,05,31,2,720.58234
2011,05,31,3,721.3512
2011,05,31,4,721.86791
2011,05,31,5,722.25025
2011,05,31,6,722.22696
2011,05,31,7,722.35067
2011,05,1,0,722.33713
2011,05,1,1,722.11351
2011,05,1,2,721.81496
2011,05,1,3,721.03981
2011,05,1,4,720.48194
2011,05,1,5,720.2078
2011,05,1,6,719.40453
2011,05,1,7,718.69465
2011,05,2,0,717.63691
2011,05,2,1,717.16795
2011,05,2,2,717.05086
2011,05,2,3,716.55528
2011,05,2,4,715.78222
2011,05,2,5,715.41928
2011,05,2,6,715.87305
2011,05,2,7,716.49256
2011,05,3,0,716.35005
2011,05,3,1,715.89954
2011,05,3,2,716.17695
2011,05,3,3,716.38344
2011,05,3,4,715.95877
2011,05,3,5,715.92962
2011,05,3,6,716.25159
2011,05,3,7,716.77862
2011,05,4,0,717.24104
2011,05,4,1,717.57925
2011,05,4,2,718.38134
2011,05,4,3,718.77365
2011,05,4,4,719.14554
2011,05,4,5,719.32776
2011,05,4,6,719.05274
2011,05,4,7,719.23658
2011,05,5,0,719.20653
2011,05,5,1,718.52902
2011,05,5,2,718.45244
2011,05,5,3,718.68025
2011,05,5,4,718.85008
2011,05,5,5,718.73199
2011,05,5,6,718.47897
2011,05,5,7,718.19474
2011,05,6,0,718.16072
2011,05,6,1,718.1669
2011,05,6,2,717.57123
2011,05,6,3,717.10335
2011,05,6,4,717.68491
2011,05,6,5,718.17526
2011,05,6,6,718.12905
2011,05,6,7,717.92367
2011,05,7,0,717.90705
2011,05,7,1,717.39005
2011,05,7,2,715.84103
2011,05,7,3,714.5771
2011,05,7,4,715.32608
2011,05,7,5,715.31995
2011,05,7,6,716.03291
2011,05,7,7,716.56283
2011,05,8,0,716.35049
2011,05,8,1,716.15063
2011,05,8,2,716.54065
2011,05,8,3,716.75326
2011,05,8,4,716.59113
2011,05,8,5,716.74983
2011,05,8,6,716.90157
2011,05,8,7,716.89481
2011,05,9,0,716.87128
2011,05,9,1,716.90792
2011,05,9,2,717.22286
2011,05,9,3,717.44422
2011,05,9,4,718.01046
2011,05,9,5,719.15271
2011,05,9,6,720.11429
2011,05,9,7,720.9458
2011,05,10,0,721.51741
2011,05,10,1,721.78321
2011,05,10,2,722.6809
2011,05,10,3,723.54755
2011,05,10,4,723.99345
2011,05,10,5,724.4923
2011,05,10,6,724.30987
2011,05,10,7,723.76271
2011,05,11,0,723.22661
2011,05,11,1,722.58822
2011,05,11,2,722.37476
2011,05,11,3,722.03818
2011,05,11,4,721.47495
2011,05,11,5,720.85986
2011,05,11,6,720.22234
2011,05,11,7,719.34214
2011,05,12,0,718.04063
2011,05,12,1,716.84285
2011,05,12,2,716.31086
2011,05,12,3,715.91065
2011,05,12,4,715.71614
2011,05,12,5,715.5693
2011,05,12,6,715.64422
2011,05,12,7,715.80851
2011,05,13,0,716.14212
2011,05,13,1,716.54117
2011,05,13,2,717.59485
2011,05,13,3,718.86485
2011,05,13,4,719.78299
2011,05,13,5,720.21536
2011,05,13,6,720.41619
2011,05,13,7,721.0465
2011,05,14,0,721.38879
2011,05,14,1,722.15971
2011,05,14,2,722.9395
2011,05,14,3,723.30565
2011,05,14,4,724.14008
2011,05,14,5,725.37928
2011,05,14,6,726.45561
2011,05,14,7,727.36323
2011,05,15,0,727.10944
2011,05,15,1,726.87411
2011,05,15,2,727.52951
2011,05,15,3,728.67834
2011,05,15,4,729.95478
2011,05,15,5,730.35104
2011,05,15,6,731.18186
2011,05,15,7,731.72124
2011,05,16,0,732.00596
2011,05,16,1,732.0398
2011,05,16,2,730.77147
2011,05,16,3,729.24698
2011,05,16,4,729.16142
2011,05,16,5,728.5822
2011,05,16,6,728.24977
2011,05,16,7,727.47084
2011,05,17,0,725.70352
2011,05,17,1,724.00766
2011,05,17,2,723.06686
2011,05,17,3,722.49158
2011,05,17,4,721.4441
2011,05,17,5,720.56315
2011,05,17,6,720.03062
2011,05,17,7,719.65816
2011,05,18,0,719.43077
2011,05,18,1,719.55852
2011,05,18,2,719.53761
2011,05,18,3,719.89822
2011,05,18,4,720.53585
2011,05,18,5,720.80358
2011,05,18,6,721.30552
2011,05,18,7,722.20433
2011,05,19,0,723.19651
2011,05,19,1,724.08059
2011,05,19,2,724.92062
2011,05,19,3,725.87035
2011,05,19,4,726.26435
2011,05,19,5,726.4709
2011,05,19,6,726.52047
2011,05,19,7,726.35396
2011,05,20,0,726.14028
2011,05,20,1,725.55924
2011,05,20,2,724.69713
2011,05,20,3,724.24842
2011,05,20,4,723.39491
2011,05,20,5,722.35502
2011,05,20,6,720.98522
2011,05,20,7,719.41868
2011,05,21,0,717.13775
2011,05,21,1,714.29648
2011,05,21,2,711.77224
2011,05,21,3,709.75027
2011,05,21,4,708.45059
2011,05,21,5,707.76068
2011,05,21,6,707.34646
2011,05,21,7,707.57751
2011,05,22,0,708.00188
2011,05,22,1,708.65225
2011,05,22,2,710.15145
2011,05,22,3,711.99022
2011,05,22,4,713.50268
2011,05,22,5,714.86105
2011,05,22,6,715.905
2011,05,22,7,716.51144
2011,05,23,0,716.4701
2011,05,23,1,715.66996
2011,05,23,2,716.12531
2011,05,23,3,716.87947
2011,05,23,4,717.62814
2011,05,23,5,718.3538
2011,05,23,6,718.98607
2011,05,23,7,719.77089
2011,05,24,0,720.29333
2011,05,24,1,720.56029
2011,05,24,2,720.98905
2011,05,24,3,721.37958
2011,05,24,4,721.39838
2011,05,24,5,720.73732
2011,05,24,6,719.53403
2011,05,24,7,717.57651
2011,05,25,0,714.89151
2011,05,25,1,712.38065
2011,05,25,2,709.96717
2011,05,25,3,707.95805
2011,05,25,4,707.96702
2011,05,25,5,710.44005
2011,05,25,6,713.12835
2011,05,25,7,715.65164
2011,05,26,0,717.92568
2011,05,26,1,719.03893
2011,05,26,2,719.34531
2011,05,26,3,718.6655
2011,05,26,4,718.47512
2011,05,26,5,717.76374
2011,05,26,6,715.40497
2011,05,26,7,713.1566
2011,05,27,0,711.16863
2011,05,27,1,709.18056
2011,05,27,2,708.15135
2011,05,27,3,707.90615
2011,05,27,4,708.52436
2011,05,27,5,709.26975
2011,05,27,6,710.51023
2011,05,27,7,711.61733
2011,05,28,0,712.46641
2011,05,28,1,712.67382
2011,05,28,2,713.25907
2011,05,28,3,714.12641
2011,05,28,4,714.77202
2011,05,28,5,715.05458
2011,05,28,6,714.66785
2011,05,28,7,713.86771
2011,05,29,0,713.16416
2011,05,29,1,712.13181
2011,05,29,2,711.45011
2011,05,29,3,710.57958
2011,05,29,4,710.15661
2011,05,29,5,710.13279
2011,05,29,6,709.39007
2011,05,29,7,708.98231
2011,05,30,0,709.50971
2011,05,30,1,709.62443
2011,05,30,2,710.08122
2011,05,30,3,711.22481
2011,05,30,4,711.45118
2011,05,30,5,712.02237
2011,05,30,6,712.5221
2011,05,30,7,713.02547
2011,05,1,0,713.36631
2011,05,1,1,713.36515
2011,05,1,2,713.38832
2011,05,1,3,713.50596
2011,05,1,4,713.90214
2011,05,1,5,714.41527
2011,05,1,6,714.45523
2011,05,1,7,714.34857
2011,05,2,0,714.28968
2011,05,2,1,714.13504
2011,05,2,2,714.05079
2011,05,2,3,713.73605
2011,05,2,4,713.62072
2011,05,2,5,713.29248
2011,05,2,6,713.12757
2011,05,2,7,712.89872
2011,05,3,0,712.71189
2011,05,3,1,712.60676
2011,05,3,2,713.02599
2011,05,3,3,713.21339
2011,05,3,4,713.61551
2011,05,3,5,714.27753
2011,05,3,6,714.37849
2011,05,3,7,714.25937
2011,05,4,0,714.4607
2011,05,4,1,713.99634
2011,05,4,2,714.26756
2011,05,4,3,713.77932
2011,05,4,4,712.96509
2011,05,4,5,712.21564
2011,05,4,6,711.6748
2011,05,4,7,710.62234
2011,05,5,0,708.74626
2011,05,5,1,708.39444
2011,05,5,2,709.20361
2011,05,5,3,709.66111
2011,05,5,4,709.26533
2011,05,5,5,708.75783
2011,05,5,6,708.40193
2011,05,5,7,708.2363
2011,05,6,0,708.20378
2011,05,6,1,708.45679
2011,05,6,2,708.8204
2011,05,6,3,709.78451
2011,05,6,4,711.39443
2011,05,6,5,713.25079
2011,05,6,6,713.96553
2011,05,6,7,714.84772
2011,05,7,0,717.27194
2011,05,7,1,718.61819
2011,05,7,2,719.55771
2011,05,7,3,720.09349
2011,05,7,4,720.82108
2011,05,7,5,721.70831
2011,05,7,6,721.65008
2011,05,7,7,721.83304
2011,05,8,0,722.05351
2011,05,8,1,722.15843
2011,05,8,2,721.50208
2011,05,8,3,721.20328
2011,05,8,4,721.24439
2011,05,8,5,720.83889
2011,05,8,6,720.72447
2011,05,8,7,720.73438
2011,05,9,0,721.1318
2011,05,9,1,721.8569
2011,05,9,2,721.90814
2011,05,9,3,721.65463
2011,05,9,4,721.88355
2011,05,9,5,721.78134
2011,05,9,6,721.65665
2011,05,9,7,721.77113
2011,05,10,0,721.35261
2011,05,10,1,720.94252
2011,05,10,2,720.78535
2011,05,10,3,720.36149
2011,05,10,4,720.43324
2011,05,10,5,720.30636
2011,05,10,6,719.79822
2011,05,10,7,719.54989
2011,05,11,0,718.72019
2011,05,11,1,717.43985
2011,05,11,2,716.00329
2011,05,11,3,714.19384
2011,05,11,4,711.95986
2011,05,11,5,711.22041
2011,05,11,6,711.2379
2011,05,11,7,711.43424
2011,05,12,0,711.41387
2011,05,12,1,711.84966
2011,05,12,2,712.23753
2011,05,12,3,713.84359
2011,05,12,4,715.39816
2011,05,12,5,716.06404
2011,05,12,6,716.92043
2011,05,12,7,718.39672
2011,05,13,0,719.35532
2011,05,13,1,720.00972
2011,05,13,2,721.26803
2011,05,13,3,722.70946
2011,05,13,4,723.92954
2011,05,13,5,724.34148
2011,05,13,6,724.17773
2011,05,13,7,723.59206
2011,05,14,0,722.14741
2011,05,14,1,720.66416
2011,05,14,2,719.78967
2011,05,14,3,718.35737
2011,05,14,4,717.07581
2011,05,14,5,715.98486
2011,05,14,6,714.85152
2011,05,14,7,713.65899
2011,05,15,0,712.81337
2011,05,15,1,711.89898
2011,05,15,2,711.69815
2011,05,15,3,711.94967
2011,05,15,4,712.19347
2011,05,15,5,713.04889
2011,05,15,6,714.02501
2011,05,15,7,714.89242
2011,05,16,0,715.39603
2011,05,16,1,716.2606
2011,05,16,2,717.50924
2011,05,16,3,719.03656
2011,05,16,4,720.05605
2011,05,16,5,720.8359
2011,05,16,6,722.44608
2011,05,16,7,723.97309
2011,05,17,0,724.50131
2011,05,17,1,724.48069
2011,05,17,2,724.80785
2011,05,17,3,724.7501
2011,05,17,4,724.14481
2011,05,17,5,723.38617
2011,05,17,6,722.58442
2011,05,17,7,721.84233
2011,05,18,0,720.44283
2011,05,18,1,719.91692
2011,05,18,2,721.14874
2011,05,18,3,722.2718
2011,05,18,4,722.25651
2011,05,18,5,721.97493
2011,05,18,6,721.44306
2011,05,18,7,720.9113
2011,05,19,0,720.62778
2011,05,19,1,720.63738
2011,05,19,2,721.09665
2011,05,19,3,721.12152
2011,05,19,4,721.16986
2011,05,19,5,721.49155
2011,05,19,6,721.37567
2011,05,19,7,721.52821
2011,05,20,0,721.58489
2011,05,20,1,721.95242
2011,05,20,2,722.63114
2011,05,20,3,723.29867
2011,05,20,4,723.50424
2011,05,20,5,723.48706
2011,05,20,6,723.69964
2011,05,20,7,724.02953
2011,05,21,0,724.90877
2011,05,21,1,726.24769
2011,05,21,2,727.7069
2011,05,21,3,729.26975
2011,05,21,4,730.03426
2011,05,21,5,730.3383
2011,05,21,6,729.70872
2011,05,21,7,728.78704
2011,05,22,0,727.60885
2011,05,22,1,725.92206
2011,05,22,2,724.15108
2011,05,22,3,721.5895
2011,05,22,4,718.90782
2011,05,22,5,717.27391
2011,05,22,6,715.70564
2011,05,22,7,714.19596
2011,05,23,0,713.13565
2011,05,23,1,712.9021
2011,05,23,2,713.23415
2011,05,23,3,713.64791
2011,05,23,4,713.98438
2011,05,23,5,714.43205
2011,05,23,6,715.02103
2011,05,23,7,715.34216
2011,05,24,0,715.78653
2011,05,24,1,716.40791
2011,05,24,2,717.25236
2011,05,24,3,718.31168
2011,05,24,4,719.22949
2011,05,24,5,720.191
2011,05,24,6,721.21965
2011,05,24,7,722.51978
2011,05,25,0,722.84159
2011,05,25,1,723.13913
2011,05,25,2,724.37908
2011,05,25,3,725.31482
2011,05,25,4,725.46078
2011,05,25,5,725.13034
2011,05,25,6,724.84929
2011,05,25,7,724.45748
2011,05,26,0,724.11183
2011,05,26,1,724.24708
2011,05,26,2,724.32159
2011,05,26,3,724.31943
2011,05,26,4,724.7881
2011,05,26,5,726.04945
2011,05,26,6,728.31783
2011,05,26,7,730.47935
2011,05,27,0,730.9977
2011,05,27,1,730.75016
2011,05,27,2,731.09772
2011,05,27,3,732.85241
2011,05,27,4,733.30453
2011,05,27,5,734.00624
2011,05,27,6,733.89824
2011,05,27,7,733.53317
2011,05,28,0,734.3505
2011,05,28,1,734.85617
2011,05,28,2,734.76081
2011,05,28,3,734.37285
2011,05,28,4,734.3974
2011,05,28,5,734.26315
2011,05,28,6,733.72848
2011,05,28,7,732.90473
2011,05,29,0,732.25619
2011,05,29,1,731.75448
2011,05,29,2,730.87521
2011,05,29,3,729.97963
2011,05,29,4,729.60041
2011,05,29,5,729.57012
2011,05,29,6,730.15451
2011,05,29,7,731.1732
2011,05,30,0,731.06824
2011,05,30,1,730.94062
2011,05,30,2,731.59372
2011,05,30,3,731.90607
2011,05,30,4,731.48046
2011,05,30,5,731.17189
2011,05,30,6,731.56216
2011,05,30,7,732.16059
2011,05,31,0,732.84139
2011,05,31,1,733.48231
2011,05,31,2,734.06559
2011,05,31,3,735.06403
2011,05,31,4,735.85489
2011,05,31,5,736.4525
2011,05,31,6,737.29363
2011,05,31,7,747.96411
2011,05,1,0,749.16503
2011,05,1,1,749.77764
2011,05,1,2,750.40532
2011,05,1,3,751.13949
2011,05,1,4,751.69585
2011,05,1,5,751.82082
2011,05,1,6,751.95469
2011,05,1,7,751.77357
2011,05,2,0,751.63687
2011,05,2,1,751.25479
2011,05,2,2,750.67965
2011,05,2,3,749.7394
2011,05,2,4,749.17871
2011,05,2,5,749.18329
2011,05,2,6,748.30814
2011,05,2,7,747.58519
2011,05,3,0,747.67266
2011,05,3,1,747.50703
2011,05,3,2,747.28654
2011,05,3,3,737.97522
2011,05,3,4,736.37971
2011,05,3,5,734.38254
2011,05,3,6,733.09807
2011,05,3,7,731.56364
2011,05,4,0,729.79273
2011,05,4,1,728.07539
2011,05,4,2,726.47523
2011,05,4,3,724.67927
2011,05,4,4,722.7932
2011,05,4,5,721.49018
2011,05,4,6,721.12687
2011,05,4,7,720.824
2011,05,5,0,720.9331
2011,05,5,1,721.04825
2011,05,5,2,721.1242
2011,05,5,3,720.50101
2011,05,5,4,718.10068
2011,05,5,5,715.20023
2011,05,5,6,714.4557
2011,05,5,7,714.83314
2011,05,6,0,714.46751
2011,05,6,1,714.07572
2011,05,6,2,714.0698
2011,05,6,3,714.0884
2011,05,6,4,714.25253
2011,05,6,5,714.21324
2011,05,6,6,714.1375
2011,05,6,7,713.91538
2011,05,7,0,713.2079
2011,05,7,1,713.0531
2011,05,7,2,714.28004
2011,05,7,3,715.25589
2011,05,7,4,715.09812
2011,05,7,5,715.3182
2011,05,7,6,715.43343
2011,05,7,7,715.82736
2011,05,8,0,716.99123
2011,05,8,1,718.20451
2011,05,8,2,719.49873
2011,05,8,3,720.64561
2011,05,8,4,721.71309
2011,05,8,5,722.42533
2011,05,8,6,723.09939
2011,05,8,7,723.91148
2011,05,9,0,724.27588
2011,05,9,1,724.84815
2011,05,9,2,725.51448
2011,05,9,3,726.32466
2011,05,9,4,726.90407
2011,05,9,5,727.48752
2011,05,9,6,728.23016
2011,05,9,7,728.72227
2011,05,10,0,728.50703
2011,05,10,1,728.0802
2011,05,10,2,728.18714
2011,05,10,3,727.68056
2011,05,10,4,726.66107
2011,05,10,5,725.40016
2011,05,10,6,724.64426
2011,05,10,7,724.04063
2011,05,11,0,722.5997
2011,05,11,1,720.77398
2011,05,11,2,718.00259
2011,05,11,3,715.93128
2011,05,11,4,714.55057
2011,05,11,5,713.34791
2011,05,11,6,712.73174
2011,05,11,7,712.48313
2011,05,12,0,712.8373
2011,05,12,1,713.43305
2011,05,12,2,714.55649
2011,05,12,3,716.86166
2011,05,12,4,718.86765
2011,05,12,5,720.87362
2011,05,12,6,723.10825
2011,05,12,7,724.98773
2011,05,13,0,725.81201
2011,05,13,1,726.36573
2011,05,13,2,727.41356
2011,05,13,3,728.1115
2011,05,13,4,728.82439
2011,05,13,5,729.36911
2011,05,13,6,728.99797
2011,05,13,7,728.39388
2011,05,14,0,728.33703
2011,05,14,1,728.03416
2011,05,14,2,726.71095
2011,05,14,3,725.00045
2011,05,14,4,723.56193
2011,05,14,5,721.87709
2011,05,14,6,720.53259
2011,05,14,7,719.46636
2011,05,15,0,718.92067
2011,05,15,1,718.48238
2011,05,15,2,718.21361
2011,05,15,3,717.96331
2011,05,15,4,717.20423
2011,05,15,5,716.36358
2011,05,15,6,716.06035
2011,05,15,7,715.84824
2011,05,16,0,715.79908
2011,05,16,1,715.60376
2011,05,16,2,715.33316
2011,05,16,3,714.57972
2011,05,16,4,713.61356
2011,05,16,5,712.66112
2011,05,16,6,711.91779
2011,05,16,7,711.45356
2011,05,17,0,710.86635
2011,05,17,1,709.7041
2011,05,17,2,708.70858
2011,05,17,3,707.84547
2011,05,17,4,707.12766
2011,05,17,5,706.57662
2011,05,17,6,706.69642
2011,05,17,7,706.86261
2011,05,18,0,707.35444
2011,05,18,1,707.94949
2011,05,18,2,708.17874
2011,05,18,3,708.37735
2011,05,18,4,708.64889
2011,05,18,5,709.01967
2011,05,18,6,709.69495
2011,05,18,7,710.37555
2011,05,19,0,710.73079
2011,05,19,1,711.11101
2011,05,19,2,711.65444
2011,05,19,3,711.99423
2011,05,19,4,712.18353
2011,05,19,5,712.09913
2011,05,19,6,712.07369
2011,05,19,7,712.02531
2011,05,20,0,711.58654
2011,05,20,1,711.32463
2011,05,20,2,711.68916
2011,05,20,3,712.28846
2011,05,20,4,713.89305
2011,05,20,5,714.69479
2011,05,20,6,714.19185
2011,05,20,7,714.34207
2011,05,21,0,714.22267
2011,05,21,1,714.56729
2011,05,21,2,715.0536
2011,05,21,3,715.81258
2011,05,21,4,717.46024
2011,05,21,5,718.05966
2011,05,21,6,718.03346
2011,05,21,7,717.93294
2011,05,22,0,718.33594
2011,05,22,1,719.0053
2011,05,22,2,718.95984
2011,05,22,3,718.11808
2011,05,22,4,717.42244
2011,05,22,5,717.67677
2011,05,22,6,717.81317
2011,05,22,7,717.52132
2011,05,23,0,717.5311
2011,05,23,1,717.66517
2011,05,23,2,717.55225
2011,05,23,3,717.48916
2011,05,23,4,717.86222
2011,05,23,5,718.37278
2011,05,23,6,718.7043
2011,05,23,7,719.33882
2011,05,24,0,719.42519
2011,05,24,1,719.7655
2011,05,24,2,720.49653
2011,05,24,3,720.48201
2011,05,24,4,720.60108
2011,05,24,5,720.73149
2011,05,24,6,720.74727
2011,05,24,7,721.1658
2011,05,25,0,720.84955
2011,05,25,1,720.43735
2011,05,25,2,720.51424
2011,05,25,3,720.71699
2011,05,25,4,720.38104
2011,05,25,5,719.90229
2011,05,25,6,719.7551
2011,05,25,7,719.6893
2011,05,26,0,719.77069
2011,05,26,1,720.40278
2011,05,26,2,720.86274
2011,05,26,3,721.42778
2011,05,26,4,722.72577
2011,05,26,5,723.82216
2011,05,26,6,724.00753
2011,05,26,7,724.24619
2011,05,27,0,724.70857
2011,05,27,1,725.2468
2011,05,27,2,725.51746
2011,05,27,3,725.77718
2011,05,27,4,726.5353
2011,05,27,5,727.55339
2011,05,27,6,728.40694
2011,05,27,7,729.19661
2011,05,28,0,731.46211
2011,05,28,1,732.58609
2011,05,28,2,731.70771
2011,05,28,3,731.32093
2011,05,28,4,730.28524
2011,05,28,5,728.98279
2011,05,28,6,728.72187
2011,05,28,7,729.08392
2011,05,29,0,728.24027
2011,05,29,1,726.96246
2011,05,29,2,725.94433
2011,05,29,3,725.26054
2011,05,29,4,722.92783
2011,05,29,5,721.14287
2011,05,29,6,721.49548
2011,05,29,7,721.55135
2011,05,30,0,721.53514
2011,05,30,1,721.23007
2011,05,30,2,721.27437
2011,05,30,3,721.83399
2011,05,30,4,721.97059
2011,05,30,5,722.1914
2011,05,30,6,723.41316
2011,05,30,7,724.29489
2011,05,31,0,724.60107
2011,05,31,1,724.78442
2011,05,31,2,725.35249
2011,05,31,3,725.30176
2011,05,31,4,724.28421
2011,05,31,5,723.37166
2011,05,31,6,723.47284
2011,05,31,7,722.96614
2011,05,1,0,721.74023
2011,05,1,1,721.17969
2011,05,1,2,720.94366
2011,05,1,3,721.11349
2011,05,1,4,721.76747
2011,05,1,5,721.4249
2011,05,1,6,721.21827
2011,05,1,7,721.0605
2011,05,2,0,720.61366
2011,05,2,1,720.20418
2011,05,2,2,720.10956
2011,05,2,3,720.01426
2011,05,2,4,719.64158
2011,05,2,5,719.30401
2011,05,2,6,719.46463
2011,05,2,7,719.45013
2011,05,3,0,719.17029
2011,05,3,1,719.07289
2011,05,3,2,719.72679
2011,05,3,3,719.86182
2011,05,3,4,719.88769
2011,05,3,5,719.97253
2011,05,3,6,719.27862
2011,05,3,7,718.92164
2011,05,4,0,719.07525
2011,05,4,1,719.15727
2011,05,4,2,719.42158
2011,05,4,3,720.08221
2011,05,4,4,719.9608
2011,05,4,5,719.84784
2011,05,4,6,720.41009
2011,05,4,7,720.08904
2011,05,5,0,719.90946
2011,05,5,1,719.61903
2011,05,5,2,718.84755
2011,05,5,3,718.07409
2011,05,5,4,717.47298
2011,05,5,5,716.78887
2011,05,5,6,715.84824
2011,05,5,7,714.3337
2011,05,6,0,712.79683
2011,05,6,1,710.97613
2011,05,6,2,709.51711
2011,05,6,3,708.12695
2011,05,6,4,706.53823
2011,05,6,5,705.75571
2011,05,6,6,705.54812
2011,05,6,7,705.20053
2011,05,7,0,706.20218
2011,05,7,1,706.95813
2011,05,7,2,707.54621
2011,05,7,3,708.66127
2011,05,7,4,709.72872
2011,05,7,5,710.2829
2011,05,7,6,710.61378
2011,05,7,7,711.23464
2011,05,8,0,712.38776
2011,05,8,1,713.17744
2011,05,8,2,714.35204
2011,05,8,3,715.51758
2011,05,8,4,717.29774
2011,05,8,5,719.06853
2011,05,8,6,720.54471
2011,05,8,7,721.69299
2011,05,9,0,723.27532
2011,05,9,1,723.91908
2011,05,9,2,723.84112
2011,05,9,3,723.9662
2011,05,9,4,724.29748
2011,05,9,5,724.17702
2011,05,9,6,724.88909
2011,05,9,7,725.52696
2011,05,10,0,725.8264
2011,05,10,1,725.83179
2011,05,10,2,725.18146
2011,05,10,3,724.72208
2011,05,10,4,725.31956
2011,05,10,5,725.53706
2011,05,10,6,726.03481
2011,05,10,7,726.21967
2011,05,11,0,726.26456
2011,05,11,1,726.06666
2011,05,11,2,725.72805
2011,05,11,3,725.08851
2011,05,11,4,724.50115
2011,05,11,5,723.43137
2011,05,11,6,722.13055
2011,05,11,7,721.25345
2011,05,12,0,721.28208
2011,05,12,1,721.211
2011,05,12,2,721.12967
2011,05,12,3,720.48599
2011,05,12,4,719.66408
2011,05,12,5,718.76452
2011,05,12,6,717.79324
2011,05,12,7,716.85364
2011,05,13,0,715.51343
2011,05,13,1,714.39513
2011,05,13,2,713.74832
2011,05,13,3,713.04487
2011,05,13,4,712.02226
2011,05,13,5,711.10987
2011,05,13,6,710.68431
2011,05,13,7,710.34726
2011,05,14,0,709.58622
2011,05,14,1,708.99078
2011,05,14,2,709.3006
2011,05,14,3,709.28629
2011,05,14,4,709.32091
2011,05,14,5,709.7583
2011,05,14,6,709.58216
2011,05,14,7,709.48455
2011,05,15,0,710.15887
2011,05,15,1,710.70033
2011,05,15,2,711.40212
2011,05,15,3,711.66082
2011,05,15,4,711.72739
2011,05,15,5,712.22044
2011,05,15,6,712.69287
2011,05,15,7,713.0835
2011,05,16,0,713.74415
2011,05,16,1,714.43668
2011,05,16,2,714.9967
2011,05,16,3,715.19395
2011,05,16,4,714.89419
2011,05,16,5,714.30117
2011,05,16,6,713.58202
2011,05,16,7,713.56646
2011,05,17,0,714.42113
2011,05,17,1,715.2739
2011,05,17,2,714.06182
2011,05,17,3,711.57852
2011,05,17,4,709.08754
2011,05,17,5,707.40156
2011,05,17,6,706.33354
2011,05,17,7,704.9214
2011,05,18,0,705.70957
2011,05,18,1,706.61114
2011,05,18,2,705.54644
2011,05,18,3,705.19632
2011,05,18,4,704.98013
2011,05,18,5,704.83776
2011,05,18,6,704.99743
2011,05,18,7,705.71833
2011,05,19,0,706.471
2011,05,19,1,706.70361
2011,05,19,2,706.64632
2011,05,19,3,707.84495
2011,05,19,4,709.28946
2011,05,19,5,709.5035
2011,05,19,6,708.64116
2011,05,19,7,708.01706
2011,05,20,0,707.66906
2011,05,20,1,707.23307
2011,05,20,2,706.94589
2011,05,20,3,707.14729
2011,05,20,4,707.37534
2011,05,20,5,707.20389
2011,05,20,6,706.8356
2011,05,20,7,706.48332
2011,05,21,0,706.11615
2011,05,21,1,705.61609
2011,05,21,2,705.0336
2011,05,21,3,704.67326
2011,05,21,4,703.8415
2011,05,21,5,703.42588
2011,05,21,6,703.2175
2011,05,21,7,703.04878
2011,05,22,0,703.06709
2011,05,22,1,702.84372
2011,05,22,2,703.64597
2011,05,22,3,704.463
2011,05,22,4,703.82805
2011,05,22,5,704.19581
2011,05,22,6,705.00449
2011,05,22,7,705.12829
2011,05,23,0,706.78003
2011,05,23,1,709.06039
2011,05,23,2,710.98302
2011,05,23,3,712.05026
2011,05,23,4,712.97929
2011,05,23,5,713.86617
2011,05,23,6,715.13333
2011,05,23,7,716.27112
2011,05,24,0,717.26933
2011,05,24,1,717.22687
2011,05,24,2,716.95355
2011,05,24,3,716.56106
2011,05,24,4,715.03661
2011,05,24,5,713.49675
2011,05,24,6,713.05966
2011,05,24,7,712.63847
2011,05,25,0,712.82262
2011,05,25,1,713.45657
2011,05,25,2,713.11582
2011,05,25,3,713.48878
2011,05,25,4,714.09244
2011,05,25,5,715.27542
2011,05,25,6,716.65919
2011,05,25,7,717.19501
2011,05,26,0,718.11198
2011,05,26,1,717.81544
2011,05,26,2,717.09429
2011,05,26,3,717.49171
2011,05,26,4,718.83294
2011,05,26,5,719.32017
2011,05,26,6,719.42718
2011,05,26,7,718.92582
2011,05,27,0,718.34097
2011,05,27,1,717.50026
2011,05,27,2,716.27499
2011,05,27,3,715.05739
2011,05,27,4,714.15495
2011,05,27,5,714.32282
2011,05,27,6,715.27689
2011,05,27,7,716.6348
2011,05,28,0,717.33959
2011,05,28,1,717.95715
2011,05,28,2,719.35225
2011,05,28,3,720.6065
2011,05,28,4,720.55544
2011,05,28,5,720.27698
2011,05,28,6,720.13895
2011,05,28,7,719.98707
2011,05,29,0,720.61642
2011,05,29,1,720.52161
2011,05,29,2,720.47553
2011,05,29,3,720.51018
2011,05,29,4,720.70506
2011,05,29,5,721.14408
2011,05,29,6,721.73972
2011,05,29,7,722.12323
2011,05,30,0,723.15655
2011,05,30,1,723.66026
2011,05,30,2,723.86954
2011,05,30,3,723.85636
2011,05,30,4,724.56271
2011,05,30,5,724.49808
2011,05,30,6,724.17693
2011,05,30,7,724.06374
2011,05,1,0,723.89777
2011,05,1,1,723.21456
2011,05,1,2,723.63077
2011,05,1,3,723.73906
2011,05,1,4,723.19003
2011,05,1,5,722.58392
2011,05,1,6,722.52216
2011,05,1,7,722.27686
2011,05,2,0,722.46106
2011,05,2,1,723.03995
2011,05,2,2,723.15921
2011,05,2,3,723.08095
2011,05,2,4,724.00398
2011,05,2,5,725.00335
2011,05,2,6,725.63433
2011,05,2,7,726.62095
2011,05,3,0,728.1139
2011,05,3,1,729.36498
2011,05,3,2,730.42444
2011,05,3,3,731.26015
2011,05,3,4,731.55051
2011,05,3,5,731.32304
2011,05,3,6,731.52098
2011,05,3,7,731.33691
2011,05,4,0,730.92061
2011,05,4,1,730.18053
2011,05,4,2,729.65205
2011,05,4,3,729.29591
2011,05,4,4,729.07063
2011,05,4,5,728.67821
2011,05,4,6,728.21329
2011,05,4,7,728.09982
2011,05,5,0,728.17418
2011,05,5,1,728.52687
2011,05,5,2,728.86806
2011,05,5,3,729.15017
2011,05,5,4,728.77745
2011,05,5,5,728.40641
2011,05,5,6,728.88223
2011,05,5,7,728.70281
2011,05,6,0,728.21207
2011,05,6,1,727.96542
2011,05,6,2,727.43782
2011,05,6,3,726.12562
2011,05,6,4,725.24721
2011,05,6,5,724.46109
2011,05,6,6,723.57769
2011,05,6,7,722.78757
2011,05,7,0,722.32334
2011,05,7,1,721.78301
2011,05,7,2,721.82062
2011,05,7,3,721.48453
2011,05,7,4,720.92207
2011,05,7,5,720.57022
2011,05,7,6,720.31606
2011,05,7,7,719.67808
2011,05,8,0,719.05145
2011,05,8,1,718.47934
2011,05,8,2,718.25055
2011,05,8,3,717.56095
2011,05,8,4,716.77631
2011,05,8,5,716.34174
2011,05,8,6,715.91641
2011,05,8,7,715.71577
2011,05,9,0,715.23665
2011,05,9,1,714.59177
2011,05,9,2,714.03343
2011,05,9,3,713.1856
2011,05,9,4,712.27006
2011,05,9,5,711.35408
2011,05,9,6,710.64254
2011,05,9,7,709.98611
2011,05,10,0,709.36981
2011,05,10,1,708.88922
2011,05,10,2,708.84694
2011,05,10,3,708.84121
2011,05,10,4,709.01266
2011,05,10,5,709.1735
2011,05,10,6,709.25513
2011,05,10,7,709.22689
2011,05,11,0,709.17677
2011,05,11,1,709.0711
2011,05,11,2,709.7992
2011,05,11,3,710.12187
2011,05,11,4,710.11921
2011,05,11,5,710.32429
2011,05,11,6,709.87383
2011,05,11,7,709.03458
2011,05,12,0,708.62498
2011,05,12,1,708.36833
2011,05,12,2,708.0696
2011,05,12,3,707.29411
2011,05,12,4,705.87576
2011,05,12,5,704.76475
2011,05,12,6,704.44653
2011,05,12,7,703.67488
2011,05,13,0,703.05715
2011,05,13,1,703.02196
2011,05,13,2,702.76914
2011,05,13,3,702.20085
2011,05,13,4,701.98617
2011,05,13,5,702.42704
2011,05,13,6,702.78681
2011,05,13,7,703.15301
2011,05,14,0,703.25698
2011,05,14,1,703.41667
2011,05,14,2,704.44338
2011,05,14,3,705.40754
2011,05,14,4,706.65046
2011,05,14,5,707.12539
2011,05,14,6,707.47506
2011,05,14,7,707.7432
2011,05,15,0,707.96189
2011,05,15,1,708.02714
2011,05,15,2,708.25354
2011,05,15,3,708.41987
2011,05,15,4,708.66493
2011,05,15,5,708.70656
2011,05,15,6,709.40323
2011,05,15,7,709.76973
2011,05,16,0,709.41201
2011,05,16,1,709.25482
2011,05,16,2,709.55336
2011,05,16,3,709.66633
2011,05,16,4,709.64972
2011,05,16,5,709.63216
2011,05,16,6,710.13932
2011,05,16,7,710.4313
2011,05,17,0,710.80468
2011,05,17,1,710.92299
2011,05,17,2,710.67917
2011,05,17,3,710.31836
2011,05,17,4,709.86438
2011,05,17,5,709.56504
2011,05,17,6,709.36175
2011,05,17,7,708.99602
2011,05,18,0,708.59025
2011,05,18,1,708.15882
2011,05,18,2,707.98962
2011,05,18,3,707.72042
2011,05,18,4,707.46485
2011,05,18,5,707.43506
2011,05,18,6,707.5718
2011,05,18,7,707.78718
2011,05,19,0,708.03416
2011,05,19,1,708.17469
2011,05,19,2,708.98135
2011,05,19,3,709.89318
2011,05,19,4,710.06652
2011,05,19,5,710.00663
2011,05,19,6,711.82646
2011,05,19,7,713.76203
2011,05,20,0,714.90297
2011,05,20,1,715.65367
2011,05,20,2,716.40678
2011,05,20,3,717.37733
2011,05,20,4,718.23214
2011,05,20,5,718.65565
2011,05,20,6,719.34891
2011,05,20,7,719.74766
2011,05,21,0,719.55085
2011,05,21,1,719.33071
2011,05,21,2,719.61514
2011,05,21,3,719.45786
2011,05,21,4,719.55964
2011,05,21,5,719.71815
2011,05,21,6,720.248
2011,05,21,7,719.92032
2011,05,22,0,718.59194
2011,05,22,1,717.7218
2011,05,22,2,717.45164
2011,05,22,3,716.363
2011,05,22,4,715.43453
2011,05,22,5,714.32434
2011,05,22,6,714.33496
2011,05,22,7,714.47819
2011,05,23,0,713.61418
2011,05,23,1,712.75201
2011,05,23,2,712.6667
2011,05,23,3,712.27242
2011,05,23,4,711.19958
2011,05,23,5,710.97121
2011,05,23,6,711.51179
2011,05,23,7,711.66218
2011,05,24,0,711.71489
2011,05,24,1,711.74432
2011,05,24,2,712.8302
2011,05,24,3,714.26397
2011,05,24,4,714.28579
2011,05,24,5,714.66723
2011,05,24,6,716.05904
2011,05,24,7,717.09943
2011,05,25,0,717.87484
2011,05,25,1,717.83984
2011,05,25,2,718.62698
2011,05,25,3,719.8608
2011,05,25,4,719.75641
2011,05,25,5,719.17088
2011,05,25,6,719.23254
2011,05,25,7,718.96484
2011,05,26,0,717.78914
2011,05,26,1,716.97916
2011,05,26,2,717.13839
2011,05,26,3,716.85321
2011,05,26,4,716.06244
2011,05,26,5,715.81063
2011,05,26,6,715.98411
2011,05,26,7,715.99263
2011,05,27,0,716.02898
2011,05,27,1,715.87106
2011,05,27,2,716.11044
2011,05,27,3,716.41415
2011,05,27,4,715.82822
2011,05,27,5,715.12212
2011,05,27,6,715.69787
2011,05,27,7,716.02455
2011,05,28,0,715.92902
2011,05,28,1,715.44159
2011,05,28,2,715.73624
2011,05,28,3,716.27834
2011,05,28,4,716.51306
2011,05,28,5,716.48531
2011,05,28,6,717.05419
2011,05,28,7,717.68591
2011,05,29,0,718.25382
2011,05,29,1,718.43003
2011,05,29,2,719.28777
2011,05,29,3,719.61186
2011,05,29,4,720.47462
2011,05,29,5,721.28476
2011,05,29,6,721.16306
2011,05,29,7,721.15848
2011,05,30,0,721.06898
2011,05,30,1,720.9856
2011,05,30,2,721.81834
2011,05,30,3,722.30965
2011,05,30,4,722.437
2011,05,30,5,722.38262
2011,05,30,6,723.07016
2011,05,30,7,723.3608
2011,05,31,0,723.46555
2011,05,31,1,723.33798
2011,05,31,2,723.36162
2011,05,31,3,723.40958
2011,05,31,4,723.35247
2011,05,31,5,722.71258
2011,05,31,6,722.50507
2011,05,31,7,722.00653
2011,05,1,0,721.22115
2011,05,1,1,720.78923
2011,05,1,2,720.83363
2011,05,1,3,721.00066
2011,05,1,4,721.51416
2011,05,1,5,722.28881
2011,05,1,6,723.52504
2011,05,1,7,724.7388
2011,05,2,0,725.28542
2011,05,2,1,725.49147
2011,05,2,2,726.80629
2011,05,2,3,728.0542
2011,05,2,4,728.7487
2011,05,2,5,729.12799
2011,05,2,6,730.24262
2011,05,2,7,731.75609
2011,05,3,0,732.92192
2011,05,3,1,732.76184
2011,05,3,2,733.39886
2011,05,3,3,734.53668
2011,05,3,4,735.14109
2011,05,3,5,735.50796
2011,05,3,6,735.69771
2011,05,3,7,736.40305
2011,05,4,0,736.6138
2011,05,4,1,736.02987
2011,05,4,2,735.68505
2011,05,4,3,735.15268
2011,05,4,4,734.14057
2011,05,4,5,733.66517
2011,05,4,6,734.31903
2011,05,4,7,735.02299
2011,05,5,0,735.86871
2011,05,5,1,736.3232
2011,05,5,2,736.87249
2011,05,5,3,736.86784
2011,05,5,4,736.07115
2011,05,5,5,735.54713
2011,05,5,6,734.50608
2011,05,5,7,733.71984
2011,05,6,0,732.85091
2011,05,6,1,732.09382
2011,05,6,2,732.15565
2011,05,6,3,731.58733
2011,05,6,4,731.02798
2011,05,6,5,730.74284
2011,05,6,6,730.79333
2011,05,6,7,730.6663
2011,05,7,0,730.68357
2011,05,7,1,730.58287
2011,05,7,2,730.8743
2011,05,7,3,731.12657
2011,05,7,4,730.22342
2011,05,7,5,729.00839
2011,05,7,6,729.09406
2011,05,7,7,729.13912
2011,05,8,0,727.91163
2011,05,8,1,726.88738
2011,05,8,2,726.61257
2011,05,8,3,726.42959
2011,05,8,4,725.7596
2011,05,8,5,724.93514
2011,05,8,6,725.22145
2011,05,8,7,725.97059
2011,05,9,0,724.99646
2011,05,9,1,723.75225
2011,05,9,2,724.03202
2011,05,9,3,724.11573
2011,05,9,4,723.94773
2011,05,9,5,723.58198
2011,05,9,6,723.71158
2011,05,9,7,723.82701
2011,05,10,0,723.24878
2011,05,10,1,722.56887
2011,05,10,2,722.79607
2011,05,10,3,722.38764
2011,05,10,4,721.60414
2011,05,10,5,721.36714
2011,05,10,6,721.52753
2011,05,10,7,721.92942
2011,05,11,0,721.97393
2011,05,11,1,721.02364
2011,05,11,2,720.31041
2011,05,11,3,719.90066
2011,05,11,4,719.53422
2011,05,11,5,719.01152
2011,05,11,6,719.23588
2011,05,11,7,719.69319
2011,05,12,0,719.75755
2011,05,12,1,720.21785
2011,05,12,2,720.87225
2011,05,12,3,721.8076
2011,05,12,4,722.9313
2011,05,12,5,723.96597
2011,05,12,6,725.24208
2011,05,12,7,726.16026
2011,05,13,0,726.93635
2011,05,13,1,727.1938
2011,05,13,2,727.78897
2011,05,13,3,728.0163
2011,05,13,4,727.4251
2011,05,13,5,726.90492
2011,05,13,6,727.35365
2011,05,13,7,727.89106
2011,05,14,0,727.95876
2011,05,14,1,728.03015
2011,05,14,2,728.48767
2011,05,14,3,728.06833
2011,05,14,4,727.66606
2011,05,14,5,727.78276
2011,05,14,6,727.64974
2011,05,14,7,727.40475
2011,05,15,0,726.88752
2011,05,15,1,726.41465
2011,05,15,2,726.27529
2011,05,15,3,725.88221
2011,05,15,4,724.97462
2011,05,15,5,724.16468
2011,05,15,6,723.79987
2011,05,15,7,723.46907
2011,05,16,0,722.71166
2011,05,16,1,722.41956
2011,05,16,2,722.54881
2011,05,16,3,721.9337
2011,05,16,4,721.61971
2011,05,16,5,721.82703
2011,05,16,6,721.87172
2011,05,16,7,722.07923
2011,05,17,0,722.2596
2011,05,17,1,722.42163
2011,05,17,2,722.70987
2011,05,17,3,722.93837
2011,05,17,4,722.5969
2011,05,17,5,722.07755
2011,05,17,6,722.26299
2011,05,17,7,722.34496
2011,05,18,0,721.97824
2011,05,18,1,721.67161
2011,05,18,2,721.9978
2011,05,18,3,722.17194
2011,05,18,4,722.24423
2011,05,18,5,722.46093
2011,05,18,6,723.07495
2011,05,18,7,723.67321
2011,05,19,0,723.4613
2011,05,19,1,722.88356
2011,05,19,2,723.62739
2011,05,19,3,724.24843
2011,05,19,4,724.73286
2011,05,19,5,724.91932
2011,05,19,6,725.40404
2011,05,19,7,726.03578
2011,05,20,0,726.02502
2011,05,20,1,725.66707
2011,05,20,2,725.87261
2011,05,20,3,725.92977
2011,05,20,4,725.43043
2011,05,20,5,724.74072
2011,05,20,6,724.75628
2011,05,20,7,724.7308
2011,05,21,0,723.86048
2011,05,21,1,723.08902
2011,05,21,2,722.77111
2011,05,21,3,722.40377
2011,05,21,4,721.81547
2011,05,21,5,721.07166
2011,05,21,6,720.66584
2011,05,21,7,720.56959
2011,05,22,0,720.46349
2011,05,22,1,720.17753
2011,05,22,2,720.15516
2011,05,22,3,720.12679
2011,05,22,4,720.18529
2011,05,22,5,719.96479
2011,05,22,6,719.53642
2011,05,22,7,719.30891
2011,05,23,0,718.91716
2011,05,23,1,717.66949
2011,05,23,2,718.02515
2011,05,23,3,718.68284
2011,05,23,4,718.06605
2011,05,23,5,716.99357
2011,05,23,6,716.58667
2011,05,23,7,715.8798
2011,05,24,0,714.01086
2011,05,24,1,712.92927
2011,05,24,2,713.66212
2011,05,24,3,714.96513
2011,05,24,4,716.53486
2011,05,24,5,717.97135
2011,05,24,6,719.62781
2011,05,24,7,720.87898
2011,05,25,0,721.89478
2011,05,25,1,722.46228
2011,05,25,2,723.20936
2011,05,25,3,723.20358
2011,05,25,4,722.80711
2011,05,25,5,722.38373
2011,05,25,6,721.42567
2011,05,25,7,720.79453
2011,05,26,0,721.75353
2011,05,26,1,722.27811
2011,05,26,2,723.06724
2011,05,26,3,723.65497
2011,05,26,4,723.47073
2011,05,26,5,723.28781
2011,05,26,6,723.55067
2011,05,26,7,724.07569
2011,05,27,0,723.98427
2011,05,27,1,722.94371
2011,05,27,2,722.63192
2011,05,27,3,722.33249
2011,05,27,4,721.86301
2011,05,27,5,721.12179
2011,05,27,6,720.36918
2011,05,27,7,719.44624
2011,05,28,0,718.57584
2011,05,28,1,717.77584
2011,05,28,2,717.05865
2011,05,28,3,716.20337
2011,05,28,4,715.35634
2011,05,28,5,714.65437
2011,05,28,6,715.11183
2011,05,28,7,715.63974
2011,05,29,0,715.53175
2011,05,29,1,715.70293
2011,05,29,2,716.49914
2011,05,29,3,716.92925
2011,05,29,4,717.00026
2011,05,29,5,716.56974
2011,05,29,6,716.62243
2011,05,29,7,716.54028
2011,05,30,0,716.43361
2011,05,30,1,716.0158
2011,05,30,2,715.48307
2011,05,30,3,714.76562
2011,05,30,4,713.88395
2011,05,30,5,712.596
2011,05,30,6,712.1786
2011,05,30,7,711.63524
2011,05,1,0,710.85328
2011,05,1,1,710.09436
2011,05,1,2,709.56208
2011,05,1,3,708.64245
2011,05,1,4,708.42849
2011,05,1,5,709.27532
2011,05,1,6,709.80593
2011,05,1,7,710.05127
2011,05,2,0,710.78349
2011,05,2,1,711.11809
2011,05,2,2,711.16891
2011,05,2,3,711.2909
2011,05,2,4,711.9205
2011,05,2,5,712.59369
2011,05,2,6,713.19997
2011,05,2,7,713.70419
2011,05,3,0,714.32888
2011,05,3,1,714.59229
2011,05,3,2,714.98411
2011,05,3,3,715.27876
2011,05,3,4,715.31432
2011,05,3,5,715.28882
2011,05,3,6,715.56885
2011,05,3,7,715.87508
2011,05,4,0,716.17744
2011,05,4,1,716.42816
2011,05,4,2,716.80248
2011,05,4,3,716.95614
2011,05,4,4,717.01057
2011,05,4,5,716.80972
2011,05,4,6,717.03974
2011,05,4,7,717.6145
2011,05,5,0,717.90771
2011,05,5,1,717.65483
2011,05,5,2,717.8103
2011,05,5,3,717.77242
2011,05,5,4,717.61611
2011,05,5,5,717.18833
2011,05,5,6,717.02489
2011,05,5,7,716.75988
2011,05,6,0,716.25796
2011,05,6,1,715.45118
2011,05,6,2,714.80317
2011,05,6,3,714.22465
2011,05,6,4,713.95027
2011,05,6,5,713.68272
2011,05,6,6,713.80772
2011,05,6,7,713.95226
2011,05,7,0,713.90622
2011,05,7,1,713.88359
2011,05,7,2,714.22797
2011,05,7,3,714.18209
2011,05,7,4,714.08687
2011,05,7,5,713.93084
2011,05,7,6,714.19366
2011,05,7,7,714.45854
2011,05,8,0,714.0549
2011,05,8,1,713.50876
2011,05,8,2,713.54672
2011,05,8,3,713.10989
2011,05,8,4,712.73068
2011,05,8,5,712.43174
2011,05,8,6,712.23855
2011,05,8,7,711.931
2011,05,9,0,711.54691
2011,05,9,1,710.964
2011,05,9,2,710.43773
2011,05,9,3,709.88384
2011,05,9,4,708.59516
2011,05,9,5,707.50677
2011,05,9,6,707.51302
2011,05,9,7,707.99742
2011,05,10,0,708.31866
2011,05,10,1,708.35204
2011,05,10,2,708.7266
2011,05,10,3,709.17575
2011,05,10,4,709.41394
2011,05,10,5,709.61923
2011,05,10,6,710.0773
2011,05,10,7,710.5912
2011,05,11,0,711.00256
2011,05,11,1,711.24532
2011,05,11,2,711.43074
2011,05,11,3,711.83552
2011,05,11,4,712.56426
2011,05,11,5,713.02704
2011,05,11,6,713.78401
2011,05,11,7,714.67599
2011,05,12,0,715.10791
2011,05,12,1,715.3218
2011,05,12,2,715.96264
2011,05,12,3,715.90548
2011,05,12,4,715.86039
2011,05,12,5,715.64441
2011,05,12,6,715.49852
2011,05,12,7,715.37829
2011,05,13,0,715.06048
2011,05,13,1,714.12408
2011,05,13,2,713.5526
2011,05,13,3,712.99935
2011,05,13,4,712.52754
2011,05,13,5,712.30144
2011,05,13,6,712.12867
2011,05,13,7,711.86892
2011,05,14,0,711.61457
2011,05,14,1,711.18595
2011,05,14,2,711.27867
2011,05,14,3,711.32637
2011,05,14,4,711.64672
2011,05,14,5,711.94035
2011,05,14,6,712.49524
2011,05,14,7,713.29603
2011,05,15,0,714.19468
2011,05,15,1,714.97898
2011,05,15,2,715.79281
2011,05,15,3,716.46013
2011,05,15,4,717.03258
2011,05,15,5,717.41973
2011,05,15,6,718.18986
2011,05,15,7,718.7028
2011,05,16,0,718.85615
2011,05,16,1,718.62341
2011,05,16,2,718.96718
2011,05,16,3,718.84556
2011,05,16,4,717.67992
2011,05,16,5,716.89167
2011,05,16,6,716.29501
2011,05,16,7,716.06914
2011,05,17,0,716.49653
2011,05,17,1,716.89128
2011,05,17,2,717.80097
2011,05,17,3,718.44007
2011,05,17,4,719.41748
2011,05,17,5,720.01046
2011,05,17,6,720.47378
2011,05,17,7,720.90275
2011,05,18,0,720.46235
2011,05,18,1,719.19589
2011,05,18,2,717.82626
2011,05,18,3,716.28133
2011,05,18,4,715.16607
2011,05,18,5,714.66831
2011,05,18,6,714.63897
2011,05,18,7,715.35441
2011,05,19,0,716.94682
2011,05,19,1,718.28871
2011,05,19,2,719.97415
2011,05,19,3,721.47472
2011,05,19,4,721.71785
2011,05,19,5,720.74493
2011,05,19,6,718.98315
2011,05,19,7,717.92107
2011,05,20,0,717.6231
2011,05,20,1,717.60423
2011,05,20,2,718.61371
2011,05,20,3,720.11468
2011,05,20,4,721.1083
2011,05,20,5,721.56216
2011,05,20,6,722.03401
2011,05,20,7,722.67908
2011,05,21,0,723.44291
2011,05,21,1,723.37098
2011,05,21,2,722.9519
2011,05,21,3,722.90025
2011,05,21,4,722.08339
2011,05,21,5,721.11575
2011,05,21,6,721.46902
2011,05,21,7,722.25041
2011,05,22,0,721.90004
2011,05,22,1,720.94779
2011,05,22,2,720.1878
2011,05,22,3,719.50639
2011,05,22,4,719.97113
2011,05,22,5,720.1799
2011,05,22,6,720.0377
2011,05,22,7,720.52058
2011,05,23,0,720.96838
2011,05,23,1,721.25666
2011,05,23,2,722.2512
2011,05,23,3,722.97837
2011,05,23,4,723.05711
2011,05,23,5,723.59962
2011,05,23,6,724.25974
2011,05,23,7,725.16014
2011,05,24,0,724.69022
2011,05,24,1,723.68833
2011,05,24,2,723.74787
2011,05,24,3,723.75718
2011,05,24,4,723.50649
2011,05,24,5,722.98031
2011,05,24,6,723.06255
2011,05,24,7,723.0461
2011,05,25,0,722.87542
2011,05,25,1,722.47225
2011,05,25,2,722.05059
2011,05,25,3,721.46641
2011,05,25,4,720.21818
2011,05,25,5,719.06943
2011,05,25,6,718.71198
2011,05,25,7,718.57887
2011,05,26,0,718.69845
2011,05,26,1,719.22059
2011,05,26,2,719.90263
2011,05,26,3,720.5547
2011,05,26,4,721.29746
2011,05,26,5,721.74767
2011,05,26,6,722.00468
2011,05,26,7,721.77588
2011,05,27,0,721.85903
2011,05,27,1,721.89642
2011,05,27,2,721.25106
2011,05,27,3,720.29258
2011,05,27,4,720.49531
2011,05,27,5,720.7464
2011,05,27,6,720.59001
2011,05,27,7,720.62704
2011,05,28,0,720.92079
2011,05,28,1,720.65431
2011,05,28,2,720.57646
2011,05,28,3,720.26214
2011,05,28,4,719.54501
2011,05,28,5,718.43809
2011,05,28,6,717.37889
2011,05,28,7,716.45146
2011,05,29,0,715.95353
2011,05,29,1,715.84634
2011,05,29,2,716.10387
2011,05,29,3,716.47949
2011,05,29,4,716.66024
2011,05,29,5,717.09675
2011,05,29,6,718.08578
2011,05,29,7,718.96836
2011,05,30,0,719.88318
2011,05,30,1,720.44077
2011,05,30,2,720.27961
2011,05,30,3,720.02211
2011,05,30,4,719.95085
2011,05,30,5,719.1404
2011,05,30,6,718.87253
2011,05,30,7,718.3894
2011,05,31,0,718.2385
2011,05,31,1,718.09625
2011,05,31,2,718.40223
2011,05,31,3,718.60393
2011,05,31,4,718.58189
2011,05,31,5,718.8483
2011,05,31,6,719.18473
2011,05,31,7,719.60631
2012,05,1,0,719.75233
2012,05,1,1,719.91375
2012,05,1,2,720.99528
2012,05,1,3,722.00952
2012,05,1,4,723.11356
2012,05,1,5,724.11334
2012,05,1,6,725.09451
2012,05,1,7,725.71931
2012,05,2,0,726.28793
2012,05,2,1,726.38469
2012,05,2,2,726.23468
2012,05,2,3,725.87219
2012,05,2,4,725.34524
2012,05,2,5,724.85099
2012,05,2,6,723.96311
2012,05,2,7,723.15328
2012,05,3,0,722.53052
2012,05,3,1,721.69977
2012,05,3,2,720.823
2012,05,3,3,719.7922
2012,05,3,4,718.88338
2012,05,3,5,718.17075
2012,05,3,6,718.16032
2012,05,3,7,718.31191
2012,05,4,0,718.4502
2012,05,4,1,718.51277
2012,05,4,2,718.51608
2012,05,4,3,718.6038
2012,05,4,4,718.37846
2012,05,4,5,718.16549
2012,05,4,6,718.12699
2012,05,4,7,717.93028
2012,05,5,0,717.77159
2012,05,5,1,717.30742
2012,05,5,2,717.47738
2012,05,5,3,717.74342
2012,05,5,4,717.29099
2012,05,5,5,716.71857
2012,05,5,6,716.4397
2012,05,5,7,716.41239
2012,05,6,0,715.9222
2012,05,6,1,715.09484
2012,05,6,2,714.6741
2012,05,6,3,714.42037
2012,05,6,4,714.05502
2012,05,6,5,713.59441
2012,05,6,6,713.81635
2012,05,6,7,714.33374
2012,05,7,0,714.63995
2012,05,7,1,714.69323
2012,05,7,2,715.1798
2012,05,7,3,715.98154
2012,05,7,4,716.08641
2012,05,7,5,716.39644
2012,05,7,6,716.64206
2012,05,7,7,716.9935
2012,05,8,0,717.12575
2012,05,8,1,716.85168
2012,05,8,2,716.91928
2012,05,8,3,717.01718
2012,05,8,4,717.06487
2012,05,8,5,716.93423
2012,05,8,6,716.38607
2012,05,8,7,716.30245
2012,05,9,0,716.75008
2012,05,9,1,716.8066
2012,05,9,2,715.86221
2012,05,9,3,714.99469
2012,05,9,4,714.55355
2012,05,9,5,714.26434
2012,05,9,6,714.59128
2012,05,9,7,714.85031
2012,05,10,0,714.89296
2012,05,10,1,715.08256
2012,05,10,2,715.82721
2012,05,10,3,716.92336
2012,05,10,4,717.49777
2012,05,10,5,718.07666
2012,05,10,6,718.68288
2012,05,10,7,719.14294
2012,05,11,0,719.57622
2012,05,11,1,719.68158
2012,05,11,2,719.83769
2012,05,11,3,719.91107
2012,05,11,4,719.39191
2012,05,11,5,718.58437
2012,05,11,6,717.54105
2012,05,11,7,716.94633
2012,05,12,0,716.87417
2012,05,12,1,717.0408
2012,05,12,2,716.42048
2012,05,12,3,716.04262
2012,05,12,4,716.07949
2012,05,12,5,716.32317
2012,05,12,6,716.60168
2012,05,12,7,716.97581
2012,05,13,0,717.62021
2012,05,13,1,717.66524
2012,05,13,2,717.39281
2012,05,13,3,717.22389
2012,05,13,4,716.93784
2012,05,13,5,716.80091
2012,05,13,6,716.30556
2012,05,13,7,716.40555
2012,05,14,0,717.01017
2012,05,14,1,717.20899
2012,05,14,2,717.24389
2012,05,14,3,717.26289
2012,05,14,4,717.00112
2012,05,14,5,716.55016
2012,05,14,6,716.18501
2012,05,14,7,716.21482
2012,05,15,0,716.48051
2012,05,15,1,716.51318
2012,05,15,2,716.88953
2012,05,15,3,717.5791
2012,05,15,4,717.62432
2012,05,15,5,717.23217
2012,05,15,6,717.51156
2012,05,15,7,717.83548
2012,05,16,0,717.09494
2012,05,16,1,716.15241
2012,05,16,2,715.68401
2012,05,16,3,715.21447
2012,05,16,4,715.1921
2012,05,16,5,715.1167
2012,05,16,6,715.19125
2012,05,16,7,715.32259
2012,05,17,0,714.97564
2012,05,17,1,714.52986
2012,05,17,2,714.51361
2012,05,17,3,714.51451
2012,05,17,4,714.50893
2012,05,17,5,714.70239
2012,05,17,6,715.08874
2012,05,17,7,715.63749
2012,05,18,0,716.1783
2012,05,18,1,716.4406
2012,05,18,2,716.69978
2012,05,18,3,716.99863
2012,05,18,4,717.62429
2012,05,18,5,718.17261
2012,05,18,6,718.7622
2012,05,18,7,719.1574
2012,05,19,0,719.14772
2012,05,19,1,718.69487
2012,05,19,2,719.17892
2012,05,19,3,719.52506
2012,05,19,4,719.0361
2012,05,19,5,718.58022
2012,05,19,6,718.91309
2012,05,19,7,719.2291
2012,05,20,0,718.50962
2012,05,20,1,717.53963
2012,05,20,2,717.4116
2012,05,20,3,717.13076
2012,05,20,4,716.81944
2012,05,20,5,716.16603
2012,05,20,6,715.56729
2012,05,20,7,715.05747
2012,05,21,0,714.63236
2012,05,21,1,714.17543
2012,05,21,2,714.08249
2012,05,21,3,714.0412
2012,05,21,4,713.9204
2012,05,21,5,714.17851
2012,05,21,6,714.45263
2012,05,21,7,714.71597
2012,05,22,0,714.58303
2012,05,22,1,713.94266
2012,05,22,2,713.42612
2012,05,22,3,712.672
2012,05,22,4,711.90753
2012,05,22,5,711.27888
2012,05,22,6,710.82468
2012,05,22,7,710.45684
2012,05,23,0,709.77514
2012,05,23,1,709.0491
2012,05,23,2,708.60961
2012,05,23,3,708.18365
2012,05,23,4,708.27077
2012,05,23,5,708.39092
2012,05,23,6,709.27303
2012,05,23,7,710.6715
2012,05,24,0,711.77283
2012,05,24,1,712.34758
2012,05,24,2,712.71315
2012,05,24,3,713.57372
2012,05,24,4,714.22608
2012,05,24,5,714.39479
2012,05,24,6,714.85054
2012,05,24,7,715.69803
2012,05,25,0,716.05125
2012,05,25,1,715.66454
2012,05,25,2,715.95522
2012,05,25,3,716.54156
2012,05,25,4,717.17828
2012,05,25,5,717.40098
2012,05,25,6,717.95082
2012,05,25,7,718.83553
2012,05,26,0,718.72769
2012,05,26,1,718.11545
2012,05,26,2,717.6701
2012,05,26,3,717.12967
2012,05,26,4,716.63435
2012,05,26,5,715.98395
2012,05,26,6,715.8664
2012,05,26,7,715.72685
2012,05,27,0,715.44935
2012,05,27,1,715.14328
2012,05,27,2,715.20649
2012,05,27,3,715.36108
2012,05,27,4,715.74739
2012,05,27,5,716.15002
2012,05,27,6,716.06311
2012,05,27,7,715.99189
2012,05,28,0,715.73209
2012,05,28,1,715.09725
2012,05,28,2,714.98362
2012,05,28,3,714.71027
2012,05,28,4,714.62937
2012,05,28,5,714.28173
2012,05,28,6,713.67767
2012,05,28,7,712.94963
2012,05,29,0,712.1395
2012,05,29,1,710.87708
2012,05,29,2,710.23856
2012,05,29,3,710.11339
2012,05,29,4,709.89881
2012,05,29,5,709.85704
2012,05,29,6,710.08038
2012,05,29,7,710.34767
2012,05,30,0,710.77826
2012,05,30,1,710.89485
2012,05,30,2,711.30397
2012,05,30,3,711.53929
2012,05,30,4,711.85991
2012,05,30,5,711.77845
2012,05,30,6,711.46392
2012,05,30,7,711.28346
2012,05,31,0,710.99437
2012,05,31,1,710.78361
2012,05,31,2,710.42006
2012,05,31,3,709.99797
2012,05,31,4,710.13099
2012,05,31,5,710.24403
2012,05,31,6,710.63444
2012,05,31,7,711.32761
2012,05,1,0,711.66647
2012,05,1,1,712.18718
2012,05,1,2,712.99361
2012,05,1,3,713.70094
2012,05,1,4,714.14974
2012,05,1,5,714.68655
2012,05,1,6,715.11164
2012,05,1,7,715.33039
2012,05,2,0,715.41821
2012,05,2,1,715.06427
2012,05,2,2,714.29903
2012,05,2,3,713.52101
2012,05,2,4,713.14347
2012,05,2,5,712.80307
2012,05,2,6,712.4403
2012,05,2,7,712.12839
2012,05,3,0,711.98522
2012,05,3,1,711.52494
2012,05,3,2,711.21703
2012,05,3,3,711.23504
2012,05,3,4,711.04807
2012,05,3,5,710.67095
2012,05,3,6,711.13237
2012,05,3,7,711.52824
2012,05,4,0,711.66083
2012,05,4,1,711.96228
2012,05,4,2,712.09674
2012,05,4,3,712.63214
2012,05,4,4,713.79789
2012,05,4,5,714.4313
2012,05,4,6,715.09084
2012,05,4,7,715.84555
2012,05,5,0,716.52745
2012,05,5,1,716.6605
2012,05,5,2,716.8771
2012,05,5,3,717.41726
2012,05,5,4,718.3839
2012,05,5,5,719.0167
2012,05,5,6,719.84137
2012,05,5,7,721.06846
2012,05,6,0,721.95497
2012,05,6,1,722.26123
2012,05,6,2,722.83087
2012,05,6,3,723.44324
2012,05,6,4,723.78843
2012,05,6,5,723.73859
2012,05,6,6,724.44534
2012,05,6,7,725.47891
2012,05,7,0,726.17049
2012,05,7,1,726.55584
2012,05,7,2,726.85931
2012,05,7,3,727.26675
2012,05,7,4,727.11711
2012,05,7,5,726.90724
2012,05,7,6,726.9572
2012,05,7,7,727.32148
2012,05,8,0,727.34028
2012,05,8,1,726.98842
2012,05,8,2,727.24234
2012,05,8,3,727.2208
2012,05,8,4,727.07231
2012,05,8,5,726.91084
2012,05,8,6,727.20647
2012,05,8,7,727.50205
2012,05,9,0,726.69589
2012,05,9,1,726.04211
2012,05,9,2,726.56644
2012,05,9,3,727.23722
2012,05,9,4,726.85824
2012,05,9,5,725.84481
2012,05,9,6,725.32266
2012,05,9,7,724.66513
2012,05,10,0,723.69951
2012,05,10,1,722.37003
2012,05,10,2,721.12022
2012,05,10,3,719.55525
2012,05,10,4,718.07066
2012,05,10,5,716.46578
2012,05,10,6,714.81036
2012,05,10,7,713.48777
2012,05,11,0,712.89901
2012,05,11,1,712.25065
2012,05,11,2,712.05561
2012,05,11,3,712.5198
2012,05,11,4,713.12161
2012,05,11,5,713.80775
2012,05,11,6,714.95326
2012,05,11,7,716.0256
2012,05,12,0,717.22778
2012,05,12,1,718.55192
2012,05,12,2,720.16542
2012,05,12,3,721.54176
2012,05,12,4,722.86701
2012,05,12,5,723.85688
2012,05,12,6,724.43866
2012,05,12,7,724.51111
2012,05,13,0,725.1539
2012,05,13,1,725.15087
2012,05,13,2,725.02029
2012,05,13,3,724.99665
2012,05,13,4,724.40327
2012,05,13,5,723.51694
2012,05,13,6,723.11727
2012,05,13,7,722.85414
2012,05,14,0,722.79224
2012,05,14,1,722.60043
2012,05,14,2,722.77143
2012,05,14,3,722.90905
2012,05,14,4,722.82455
2012,05,14,5,722.30963
2012,05,14,6,722.31088
2012,05,14,7,722.29822
2012,05,15,0,721.95899
2012,05,15,1,721.46052
2012,05,15,2,720.66447
2012,05,15,3,719.83244
2012,05,15,4,719.15267
2012,05,15,5,718.5243
2012,05,15,6,717.92643
2012,05,15,7,717.6583
2012,05,16,0,717.88014
2012,05,16,1,718.14575
2012,05,16,2,718.35363
2012,05,16,3,718.54279
2012,05,16,4,719.23111
2012,05,16,5,719.79746
2012,05,16,6,720.86091
2012,05,16,7,722.17697
2012,05,17,0,723.06052
2012,05,17,1,724.09117
2012,05,17,2,724.98408
2012,05,17,3,725.87113
2012,05,17,4,727.1276
2012,05,17,5,728.31665
2012,05,17,6,729.01785
2012,05,17,7,729.49735
2012,05,18,0,729.68936
2012,05,18,1,729.60011
2012,05,18,2,729.94616
2012,05,18,3,730.57838
2012,05,18,4,730.73036
2012,05,18,5,730.73597
2012,05,18,6,731.39585
2012,05,18,7,732.09795
2012,05,19,0,732.17431
2012,05,19,1,732.1759
2012,05,19,2,731.77956
2012,05,19,3,731.00708
2012,05,19,4,730.63139
2012,05,19,5,730.29221
2012,05,19,6,729.62061
2012,05,19,7,728.36121
2012,05,20,0,726.99405
2012,05,20,1,725.81222
2012,05,20,2,723.96006
2012,05,20,3,721.87415
2012,05,20,4,720.44879
2012,05,20,5,719.06204
2012,05,20,6,717.35996
2012,05,20,7,716.04771
2012,05,21,0,715.81688
2012,05,21,1,715.96093
2012,05,21,2,716.44208
2012,05,21,3,717.16246
2012,05,21,4,718.00307
2012,05,21,5,718.72251
2012,05,21,6,719.59956
2012,05,21,7,720.33696
2012,05,22,0,720.67872
2012,05,22,1,720.55953
2012,05,22,2,720.26483
2012,05,22,3,719.95328
2012,05,22,4,719.58838
2012,05,22,5,719.28112
2012,05,22,6,718.79055
2012,05,22,7,718.3349
2012,05,23,0,718.23703
2012,05,23,1,717.60411
2012,05,23,2,716.76703
2012,05,23,3,716.08052
2012,05,23,4,715.19982
2012,05,23,5,714.40892
2012,05,23,6,714.42909
2012,05,23,7,714.89568
2012,05,24,0,714.81815
2012,05,24,1,714.98797
2012,05,24,2,715.48974
2012,05,24,3,716.23889
2012,05,24,4,717.24731
2012,05,24,5,718.05685
2012,05,24,6,718.46355
2012,05,24,7,719.00141
2012,05,25,0,718.92512
2012,05,25,1,718.46131
2012,05,25,2,718.60526
2012,05,25,3,718.83557
2012,05,25,4,719.16004
2012,05,25,5,719.31824
2012,05,25,6,719.66621
2012,05,25,7,719.92476
2012,05,26,0,719.795
2012,05,26,1,719.54402
2012,05,26,2,719.3169
2012,05,26,3,718.72496
2012,05,26,4,718.45616
2012,05,26,5,718.28179
2012,05,26,6,717.32689
2012,05,26,7,716.03814
2012,05,27,0,715.11841
2012,05,27,1,714.67862
2012,05,27,2,715.54005
2012,05,27,3,716.74446
2012,05,27,4,717.36124
2012,05,27,5,717.52434
2012,05,27,6,718.84009
2012,05,27,7,719.85059
2012,05,28,0,719.72498
2012,05,28,1,718.6388
2012,05,28,2,718.10571
2012,05,28,3,718.16109
2012,05,28,4,716.67313
2012,05,28,5,715.45045
2012,05,28,6,715.94608
2012,05,28,7,716.38389
2012,05,29,0,716.51476
2012,05,29,1,716.64564
2012,05,29,2,717.43955
2012,05,29,3,718.23108
2012,05,29,4,718.94158
2012,05,29,5,719.25366
2012,05,29,6,719.5745
2012,05,29,7,719.92169
2012,05,1,0,720.92932
2012,05,1,1,721.69657
2012,05,1,2,722.06072
2012,05,1,3,722.2692
2012,05,1,4,721.24395
2012,05,1,5,719.96376
2012,05,1,6,719.30499
2012,05,1,7,718.97291
2012,05,2,0,718.93167
2012,05,2,1,718.28399
2012,05,2,2,717.87476
2012,05,2,3,718.00939
2012,05,2,4,717.72078
2012,05,2,5,717.34562
2012,05,2,6,717.00391
2012,05,2,7,716.75104
2012,05,3,0,717.11516
2012,05,3,1,717.37291
2012,05,3,2,717.48381
2012,05,3,3,718.26666
2012,05,3,4,718.80027
2012,05,3,5,718.85444
2012,05,3,6,719.93067
2012,05,3,7,721.14627
2012,05,4,0,720.79703
2012,05,4,1,720.27589
2012,05,4,2,720.91307
2012,05,4,3,721.69962
2012,05,4,4,722.42464
2012,05,4,5,722.32977
2012,05,4,6,722.32077
2012,05,4,7,722.5878
2012,05,5,0,722.35887
2012,05,5,1,721.75379
2012,05,5,2,721.16951
2012,05,5,3,721.15338
2012,05,5,4,721.27637
2012,05,5,5,720.98851
2012,05,5,6,720.667
2012,05,5,7,720.58782
2012,05,6,0,720.54772
2012,05,6,1,720.24909
2012,05,6,2,719.33567
2012,05,6,3,718.66338
2012,05,6,4,718.09993
2012,05,6,5,717.23286
2012,05,6,6,716.53016
2012,05,6,7,716.15683
2012,05,7,0,715.90932
2012,05,7,1,715.39903
2012,05,7,2,714.99493
2012,05,7,3,714.62373
2012,05,7,4,715.0329
2012,05,7,5,715.50345
2012,05,7,6,715.16962
2012,05,7,7,715.09927
2012,05,8,0,714.7772
2012,05,8,1,714.34787
2012,05,8,2,715.17108
2012,05,8,3,716.102
2012,05,8,4,716.90077
2012,05,8,5,717.5958
2012,05,8,6,718.21602
2012,05,8,7,718.74546
2012,05,9,0,719.35498
2012,05,9,1,719.84229
2012,05,9,2,720.09655
2012,05,9,3,720.41821
2012,05,9,4,720.66499
2012,05,9,5,720.71896
2012,05,9,6,721.1705
2012,05,9,7,721.64258
2012,05,10,0,721.45798
2012,05,10,1,721.01129
2012,05,10,2,721.08036
2012,05,10,3,721.10792
2012,05,10,4,721.20896
2012,05,10,5,721.03633
2012,05,10,6,720.77064
2012,05,10,7,720.72804
2012,05,11,0,720.47218
2012,05,11,1,720.35002
2012,05,11,2,720.35333
2012,05,11,3,720.3422
2012,05,11,4,720.01984
2012,05,11,5,719.80435
2012,05,11,6,719.22071
2012,05,11,7,718.49883
2012,05,12,0,718.01246
2012,05,12,1,717.67022
2012,05,12,2,717.32659
2012,05,12,3,716.99854
2012,05,12,4,717.13432
2012,05,12,5,717.39594
2012,05,12,6,717.9367
2012,05,12,7,718.04861
2012,05,13,0,718.02106
2012,05,13,1,717.89474
2012,05,13,2,717.15833
2012,05,13,3,716.35435
2012,05,13,4,715.91618
2012,05,13,5,715.30808
2012,05,13,6,714.78646
2012,05,13,7,714.57997
2012,05,14,0,714.73544
2012,05,14,1,714.69195
2012,05,14,2,714.6406
2012,05,14,3,714.83983
2012,05,14,4,714.675
2012,05,14,5,713.96854
2012,05,14,6,712.93877
2012,05,14,7,711.78611
2012,05,15,0,710.75739
2012,05,15,1,709.92718
2012,05,15,2,708.96088
2012,05,15,3,708.51568
2012,05,15,4,708.96037
2012,05,15,5,709.59329
2012,05,15,6,710.01703
2012,05,15,7,710.41491
2012,05,16,0,711.25717
2012,05,16,1,711.84035
2012,05,16,2,712.67152
2012,05,16,3,713.60748
2012,05,16,4,714.49666
2012,05,16,5,714.98002
2012,05,16,6,715.03994
2012,05,16,7,715.45305
2012,05,17,0,716.1581
2012,05,17,1,716.27619
2012,05,17,2,716.55275
2012,05,17,3,717.12634
2012,05,17,4,717.21897
2012,05,17,5,717.03445
2012,05,17,6,717.34527
2012,05,17,7,717.95141
2012,05,18,0,717.71545
2012,05,18,1,717.61992
2012,05,18,2,717.4837
2012,05,18,3,717.38685
2012,05,18,4,717.13745
2012,05,18,5,716.87852
2012,05,18,6,716.55317
2012,05,18,7,716.20023
2012,05,19,0,716.17105
2012,05,19,1,715.69355
2012,05,19,2,715.1493
2012,05,19,3,715.29827
2012,05,19,4,715.09254
2012,05,19,5,714.55977
2012,05,19,6,713.72185
2012,05,19,7,712.79491
2012,05,20,0,711.89783
2012,05,20,1,711.88444
2012,05,20,2,713.14972
2012,05,20,3,714.50537
2012,05,20,4,716.70083
2012,05,20,5,718.59906
2012,05,20,6,719.68486
2012,05,20,7,721.09381
2012,05,21,0,721.77552
2012,05,21,1,722.0421
2012,05,21,2,722.8728
2012,05,21,3,723.4625
2012,05,21,4,724.63243
2012,05,21,5,726.29591
2012,05,21,6,727.40067
2012,05,21,7,727.90338
2012,05,22,0,727.9328
2012,05,22,1,727.59861
2012,05,22,2,727.70386
2012,05,22,3,727.98996
2012,05,22,4,728.5098
2012,05,22,5,728.52455
2012,05,22,6,727.84213
2012,05,22,7,726.90747
2012,05,23,0,726.10552
2012,05,23,1,724.64599
2012,05,23,2,723.19146
2012,05,23,3,722.19475
2012,05,23,4,721.44715
2012,05,23,5,720.43687
2012,05,23,6,719.92997
2012,05,23,7,719.66653
2012,05,24,0,718.7253
2012,05,24,1,717.3457
2012,05,24,2,716.95805
2012,05,24,3,716.96932
2012,05,24,4,716.91339
2012,05,24,5,716.52219
2012,05,24,6,715.95531
2012,05,24,7,715.56869
2012,05,25,0,715.21649
2012,05,25,1,715.03272
2012,05,25,2,715.44428
2012,05,25,3,715.49315
2012,05,25,4,715.58338
2012,05,25,5,715.68198
2012,05,25,6,715.84517
2012,05,25,7,715.99698
2012,05,26,0,715.71045
2012,05,26,1,715.31552
2012,05,26,2,715.46857
2012,05,26,3,715.49556
2012,05,26,4,714.96621
2012,05,26,5,714.23849
2012,05,26,6,713.42301
2012,05,26,7,712.9478
2012,05,27,0,712.39829
2012,05,27,1,711.89348
2012,05,27,2,711.78185
2012,05,27,3,711.77375
2012,05,27,4,711.07786
2012,05,27,5,710.65441
2012,05,27,6,711.10912
2012,05,27,7,711.91711
2012,05,28,0,712.14349
2012,05,28,1,712.29512
2012,05,28,2,712.95334
2012,05,28,3,713.50139
2012,05,28,4,713.57299
2012,05,28,5,713.72647
2012,05,28,6,713.8914
2012,05,28,7,714.11266
2012,05,29,0,713.93252
2012,05,29,1,713.66297
2012,05,29,2,713.80811
2012,05,29,3,714.24795
2012,05,29,4,714.33392
2012,05,29,5,714.21304
2012,05,29,6,714.37709
2012,05,29,7,714.34629
2012,05,30,0,714.08122
2012,05,30,1,714.28437
2012,05,30,2,714.638
2012,05,30,3,715.06267
2012,05,30,4,715.50283
2012,05,30,5,716.15855
2012,05,30,6,717.41167
2012,05,30,7,718.51778
2012,05,31,0,718.93459
2012,05,31,1,719.43993
2012,05,31,2,720.30775
2012,05,31,3,721.10922
2012,05,31,4,721.52686
2012,05,31,5,721.47825
2012,05,31,6,721.42817
2012,05,31,7,721.54942
2012,05,1,0,721.36972
2012,05,1,1,720.52524
2012,05,1,2,719.58282
2012,05,1,3,719.05825
2012,05,1,4,718.33239
2012,05,1,5,717.76001
2012,05,1,6,717.89374
2012,05,1,7,718.08283
2012,05,2,0,718.28065
2012,05,2,1,718.31068
2012,05,2,2,718.90802
2012,05,2,3,719.3419
2012,05,2,4,719.12541
2012,05,2,5,718.86959
2012,05,2,6,718.92004
2012,05,2,7,719.12824
2012,05,3,0,719.53025
2012,05,3,1,719.65607
2012,05,3,2,720.06002
2012,05,3,3,720.36604
2012,05,3,4,720.46327
2012,05,3,5,720.17536
2012,05,3,6,719.55581
2012,05,3,7,719.03166
2012,05,4,0,718.14305
2012,05,4,1,717.01165
2012,05,4,2,716.06104
2012,05,4,3,715.29164
2012,05,4,4,714.53332
2012,05,4,5,714.06211
2012,05,4,6,713.71303
2012,05,4,7,713.42833
2012,05,5,0,713.58252
2012,05,5,1,713.52617
2012,05,5,2,713.63206
2012,05,5,3,713.79945
2012,05,5,4,713.05777
2012,05,5,5,712.18976
2012,05,5,6,711.674
2012,05,5,7,710.92761
2012,05,6,0,710.15605
2012,05,6,1,709.92225
2012,05,6,2,709.96373
2012,05,6,3,710.23676
2012,05,6,4,710.5948
2012,05,6,5,710.97205
2012,05,6,6,711.35761
2012,05,6,7,711.89559
2012,05,7,0,712.62644
2012,05,7,1,713.31602
2012,05,7,2,714.92384
2012,05,7,3,716.54659
2012,05,7,4,717.14649
2012,05,7,5,717.70017
2012,05,7,6,718.80868
2012,05,7,7,719.60319
2012,05,8,0,720.03816
2012,05,8,1,720.35642
2012,05,8,2,720.9755
2012,05,8,3,721.47714
2012,05,8,4,721.46809
2012,05,8,5,721.49588
2012,05,8,6,721.50588
2012,05,8,7,721.13105
2012,05,9,0,720.31892
2012,05,9,1,719.31216
2012,05,9,2,718.54084
2012,05,9,3,717.57556
2012,05,9,4,716.13033
2012,05,9,5,714.85637
2012,05,9,6,713.65061
2012,05,9,7,712.82054
2012,05,10,0,711.90949
2012,05,10,1,710.92887
2012,05,10,2,710.84114
2012,05,10,3,711.18242
2012,05,10,4,711.09257
2012,05,10,5,710.92661
2012,05,10,6,711.11458
2012,05,10,7,710.81743
2012,05,11,0,710.87727
2012,05,11,1,711.26053
2012,05,11,2,711.03934
2012,05,11,3,710.93305
2012,05,11,4,710.98961
2012,05,11,5,711.09739
2012,05,11,6,710.90725
2012,05,11,7,710.65776
2012,05,12,0,710.31835
2012,05,12,1,709.69916
2012,05,12,2,709.70629
2012,05,12,3,710.13231
2012,05,12,4,709.74281
2012,05,12,5,708.98073
2012,05,12,6,708.90842
2012,05,12,7,708.95317
2012,05,13,0,708.43858
2012,05,13,1,707.78563
2012,05,13,2,708.03556
2012,05,13,3,708.70594
2012,05,13,4,708.62845
2012,05,13,5,708.42147
2012,05,13,6,708.86255
2012,05,13,7,709.15475
2012,05,14,0,708.88508
2012,05,14,1,708.91028
2012,05,14,2,709.6127
2012,05,14,3,710.10961
2012,05,14,4,710.6905
2012,05,14,5,711.25834
2012,05,14,6,711.3932
2012,05,14,7,711.87946
2012,05,15,0,712.8054
2012,05,15,1,713.452
2012,05,15,2,714.24271
2012,05,15,3,715.29559
2012,05,15,4,715.91549
2012,05,15,5,716.59865
2012,05,15,6,717.92116
2012,05,15,7,718.4432
2012,05,16,0,718.80642
2012,05,16,1,718.6496
2012,05,16,2,718.19038
2012,05,16,3,717.65352
2012,05,16,4,717.60518
2012,05,16,5,717.31894
2012,05,16,6,717.26342
2012,05,16,7,717.35668
2012,05,17,0,717.40942
2012,05,17,1,717.0667
2012,05,17,2,716.85211
2012,05,17,3,716.77694
2012,05,17,4,716.34349
2012,05,17,5,715.57331
2012,05,17,6,715.0832
2012,05,17,7,714.70902
2012,05,18,0,714.02376
2012,05,18,1,713.3334
2012,05,18,2,713.16704
2012,05,18,3,713.23056
2012,05,18,4,713.05728
2012,05,18,5,712.99059
2012,05,18,6,712.84341
2012,05,18,7,712.81854
2012,05,19,0,712.97114
2012,05,19,1,712.58016
2012,05,19,2,712.78698
2012,05,19,3,713.33337
2012,05,19,4,713.76078
2012,05,19,5,713.70742
2012,05,19,6,713.59082
2012,05,19,7,713.62013
2012,05,20,0,713.83965
2012,05,20,1,713.92407
2012,05,20,2,713.66498
2012,05,20,3,713.72419
2012,05,20,4,714.20996
2012,05,20,5,714.31001
2012,05,20,6,714.57025
2012,05,20,7,714.90243
2012,05,21,0,714.85592
2012,05,21,1,714.73568
2012,05,21,2,715.1162
2012,05,21,3,715.6569
2012,05,21,4,715.72092
2012,05,21,5,715.2409
2012,05,21,6,714.24549
2012,05,21,7,713.22488
2012,05,22,0,712.66446
2012,05,22,1,712.45575
2012,05,22,2,712.78026
2012,05,22,3,713.64089
2012,05,22,4,714.74682
2012,05,22,5,715.49735
2012,05,22,6,716.53603
2012,05,22,7,717.41557
2012,05,23,0,717.89747
2012,05,23,1,717.49512
2012,05,23,2,717.48004
2012,05,23,3,717.15522
2012,05,23,4,716.60199
2012,05,23,5,715.79024
2012,05,23,6,715.10468
2012,05,23,7,714.45205
2012,05,24,0,714.00858
2012,05,24,1,713.58192
2012,05,24,2,713.80247
2012,05,24,3,713.71316
2012,05,24,4,714.19276
2012,05,24,5,714.59168
2012,05,24,6,714.56765
2012,05,24,7,714.90191
2012,05,25,0,714.79173
2012,05,25,1,714.0343
2012,05,25,2,714.51056
2012,05,25,3,714.84963
2012,05,25,4,715.56865
2012,05,25,5,716.01435
2012,05,25,6,716.11256
2012,05,25,7,716.00756
2012,05,26,0,715.94752
2012,05,26,1,715.97649
2012,05,26,2,716.3126
2012,05,26,3,717.33927
2012,05,26,4,717.84081
2012,05,26,5,718.32485
2012,05,26,6,718.53278
2012,05,26,7,718.1438
2012,05,27,0,717.76333
2012,05,27,1,717.12678
2012,05,27,2,717.00923
2012,05,27,3,717.2492
2012,05,27,4,717.27773
2012,05,27,5,717.28139
2012,05,27,6,717.1756
2012,05,27,7,717.02204
2012,05,28,0,716.55263
2012,05,28,1,715.8281
2012,05,28,2,715.46782
2012,05,28,3,715.00797
2012,05,28,4,714.24766
2012,05,28,5,713.6009
2012,05,28,6,712.90086
2012,05,28,7,712.72782
2012,05,29,0,712.10064
2012,05,29,1,711.34094
2012,05,29,2,711.40339
2012,05,29,3,711.397
2012,05,29,4,712.31161
2012,05,29,5,713.08645
2012,05,29,6,712.85759
2012,05,29,7,712.97866
2012,05,30,0,713.25822
2012,05,30,1,713.27694
2012,05,30,2,713.51445
2012,05,30,3,713.64237
2012,05,30,4,713.62173
2012,05,30,5,713.31109
2012,05,30,6,713.28139
2012,05,30,7,713.25411
2012,05,1,0,713.19063
2012,05,1,1,712.86578
2012,05,1,2,712.55777
2012,05,1,3,712.445
2012,05,1,4,711.8052
2012,05,1,5,710.83106
2012,05,1,6,710.18021
2012,05,1,7,709.68067
2012,05,2,0,708.87074
2012,05,2,1,708.1685
2012,05,2,2,708.35478
2012,05,2,3,708.63666
2012,05,2,4,708.49029
2012,05,2,5,708.24932
2012,05,2,6,708.40707
2012,05,2,7,708.76648
2012,05,3,0,708.74478
2012,05,3,1,708.58721
2012,05,3,2,708.74457
2012,05,3,3,709.06209
2012,05,3,4,709.65087
2012,05,3,5,709.90765
2012,05,3,6,710.43223
2012,05,3,7,711.27134
2012,05,4,0,711.86965
2012,05,4,1,712.07853
2012,05,4,2,712.07716
2012,05,4,3,712.43146
2012,05,4,4,712.87323
2012,05,4,5,713.44208
2012,05,4,6,713.54805
2012,05,4,7,713.45251
2012,05,5,0,713.34661
2012,05,5,1,713.53094
2012,05,5,2,714.01691
2012,05,5,3,714.153
2012,05,5,4,714.04417
2012,05,5,5,714.09468
2012,05,5,6,714.21089
2012,05,5,7,714.21284
2012,05,6,0,714.80893
2012,05,6,1,715.06823
2012,05,6,2,715.01314
2012,05,6,3,715.40722
2012,05,6,4,715.53499
2012,05,6,5,716.71539
2012,05,6,6,717.15093
2012,05,6,7,717.55312
2012,05,7,0,718.24641
2012,05,7,1,719.12298
2012,05,7,2,720.55249
2012,05,7,3,721.80585
2012,05,7,4,722.81997
2012,05,7,5,724.30231
2012,05,7,6,725.67718
2012,05,7,7,726.43695
2012,05,8,0,727.14026
2012,05,8,1,727.88997
2012,05,8,2,729.16956
2012,05,8,3,730.07529
2012,05,8,4,730.36571
2012,05,8,5,730.59621
2012,05,8,6,730.30725
2012,05,8,7,730.07874
2012,05,9,0,730.14169
2012,05,9,1,730.09572
2012,05,9,2,729.88523
2012,05,9,3,729.80838
2012,05,9,4,729.22691
2012,05,9,5,728.98104
2012,05,9,6,727.92727
2012,05,9,7,727.65037
2012,05,10,0,727.1499
2012,05,10,1,727.12748
2012,05,10,2,727.92475
2012,05,10,3,728.0547
2012,05,10,4,728.69126
2012,05,10,5,729.27665
2012,05,10,6,729.14919
2012,05,10,7,728.31147
2012,05,11,0,727.40819
2012,05,11,1,727.19503
2012,05,11,2,726.56253
2012,05,11,3,725.54251
2012,05,11,4,723.95349
2012,05,11,5,721.96315
2012,05,11,6,719.95527
2012,05,11,7,718.96075
2012,05,12,0,718.95696
2012,05,12,1,718.4179
2012,05,12,2,718.25556
2012,05,12,3,718.4295
2012,05,12,4,718.50259
2012,05,12,5,718.83539
2012,05,12,6,719.12753
2012,05,12,7,719.78142
2012,05,13,0,718.93335
2012,05,13,1,718.69608
2012,05,13,2,719.42269
2012,05,13,3,720.63537
2012,05,13,4,722.39884
2012,05,13,5,723.74331
2012,05,13,6,724.97366
2012,05,13,7,725.94992
2012,05,14,0,727.04725
2012,05,14,1,727.45784
2012,05,14,2,728.04303
2012,05,14,3,728.21067
2012,05,14,4,727.71351
2012,05,14,5,727.37321
2012,05,14,6,726.80937
2012,05,14,7,726.0572
2012,05,15,0,725.20947
2012,05,15,1,724.19637
2012,05,15,2,723.61128
2012,05,15,3,723.11422
2012,05,15,4,722.39939
2012,05,15,5,721.44138
2012,05,15,6,720.53956
2012,05,15,7,719.95217
2012,05,16,0,719.79818
2012,05,16,1,719.65876
2012,05,16,2,719.77153
2012,05,16,3,719.85294
2012,05,16,4,719.79668
2012,05,16,5,720.64757
2012,05,16,6,720.95578
2012,05,16,7,720.67614
2012,05,17,0,719.94578
2012,05,17,1,718.87038
2012,05,17,2,718.50037
2012,05,17,3,717.95192
2012,05,17,4,716.84247
2012,05,17,5,715.66921
2012,05,17,6,714.78016
2012,05,17,7,714.0349
2012,05,18,0,713.09815
2012,05,18,1,712.38426
2012,05,18,2,711.24866
2012,05,18,3,710.25737
2012,05,18,4,709.55461
2012,05,18,5,708.75943
2012,05,18,6,708.36056
2012,05,18,7,707.89535
2012,05,19,0,707.50124
2012,05,19,1,707.27925
2012,05,19,2,707.13022
2012,05,19,3,706.84207
2012,05,19,4,707.12576
2012,05,19,5,707.79533
2012,05,19,6,708.47621
2012,05,19,7,709.41606
2012,05,20,0,710.85111
2012,05,20,1,712.27856
2012,05,20,2,713.34145
2012,05,20,3,714.26127
2012,05,20,4,714.3016
2012,05,20,5,714.8942
2012,05,20,6,715.64664
2012,05,20,7,715.65115
2012,05,21,0,716.77916
2012,05,21,1,717.79538
2012,05,21,2,718.25595
2012,05,21,3,718.56933
2012,05,21,4,719.00972
2012,05,21,5,718.7002
2012,05,21,6,718.13041
2012,05,21,7,717.37803
2012,05,22,0,716.80093
2012,05,22,1,716.37252
2012,05,22,2,715.21187
2012,05,22,3,713.87238
2012,05,22,4,712.58769
2012,05,22,5,711.41516
2012,05,22,6,710.18893
2012,05,22,7,709.00741
2012,05,23,0,708.65436
2012,05,23,1,707.95787
2012,05,23,2,706.88349
2012,05,23,3,705.96589
2012,05,23,4,704.4712
2012,05,23,5,702.90889
2012,05,23,6,702.2812
2012,05,23,7,702.11901
2012,05,24,0,702.33788
2012,05,24,1,702.50777
2012,05,24,2,702.81108
2012,05,24,3,703.05583
2012,05,24,4,703.12484
2012,05,24,5,703.42496
2012,05,24,6,704.17518
2012,05,24,7,704.93293
2012,05,25,0,705.75181
2012,05,25,1,706.6446
2012,05,25,2,708.34424
2012,05,25,3,709.89555
2012,05,25,4,710.49456
2012,05,25,5,711.12837
2012,05,25,6,711.83073
2012,05,25,7,712.36794
2012,05,26,0,712.70628
2012,05,26,1,712.3047
2012,05,26,2,712.0218
2012,05,26,3,711.16537
2012,05,26,4,710.07744
2012,05,26,5,710.33506
2012,05,26,6,709.71055
2012,05,26,7,708.88471
2012,05,27,0,708.29553
2012,05,27,1,708.45624
2012,05,27,2,708.84731
2012,05,27,3,709.34927
2012,05,27,4,709.82605
2012,05,27,5,710.5065
2012,05,27,6,711.07805
2012,05,27,7,711.92313
2012,05,28,0,713.08546
2012,05,28,1,713.75317
2012,05,28,2,713.9124
2012,05,28,3,714.04222
2012,05,28,4,713.92214
2012,05,28,5,713.25994
2012,05,28,6,712.7727
2012,05,28,7,712.71276
2012,05,29,0,712.9118
2012,05,29,1,712.92894
2012,05,29,2,713.07199
2012,05,29,3,713.22834
2012,05,29,4,712.90395
2012,05,29,5,712.26826
2012,05,29,6,711.66258
2012,05,29,7,710.58989
2012,05,30,0,709.86098
2012,05,30,1,709.51767
2012,05,30,2,709.41831
2012,05,30,3,709.80768
2012,05,30,4,709.89462
2012,05,30,5,710.02857
2012,05,30,6,709.75851
2012,05,30,7,709.86444
2012,05,31,0,709.71609
2012,05,31,1,709.2915
2012,05,31,2,709.4541
2012,05,31,3,709.66534
2012,05,31,4,710.28463
2012,05,31,5,710.73279
2012,05,31,6,710.47088
2012,05,31,7,710.32356
2012,05,1,0,709.77713
2012,05,1,1,708.6015
2012,05,1,2,707.50985
2012,05,1,3,706.60888
2012,05,1,4,705.76186
2012,05,1,5,705.19566
2012,05,1,6,704.88968
2012,05,1,7,704.51824
2012,05,2,0,704.69315
2012,05,2,1,704.81797
2012,05,2,2,705.24376
2012,05,2,3,705.95786
2012,05,2,4,706.80116
2012,05,2,5,707.42582
2012,05,2,6,707.95015
2012,05,2,7,708.43293
2012,05,3,0,708.95625
2012,05,3,1,709.51764
2012,05,3,2,710.51108
2012,05,3,3,711.55748
2012,05,3,4,712.84396
2012,05,3,5,714.148
2012,05,3,6,714.77783
2012,05,3,7,714.95001
2012,05,4,0,714.18872
2012,05,4,1,712.75501
2012,05,4,2,712.44749
2012,05,4,3,712.26352
2012,05,4,4,711.74177
2012,05,4,5,711.05487
2012,05,4,6,710.2394
2012,05,4,7,709.12173
2012,05,5,0,707.99892
2012,05,5,1,706.86907
2012,05,5,2,705.92859
2012,05,5,3,706.2448
2012,05,5,4,706.86371
2012,05,5,5,706.79032
2012,05,5,6,706.52454
2012,05,5,7,706.7786
2012,05,6,0,707.96786
2012,05,6,1,709.38535
2012,05,6,2,710.40937
2012,05,6,3,711.47755
2012,05,6,4,712.45423
2012,05,6,5,713.14552
2012,05,6,6,714.3145
2012,05,6,7,715.30368
2012,05,7,0,715.80689
2012,05,7,1,715.92734
2012,05,7,2,716.14563
2012,05,7,3,716.41817
2012,05,7,4,716.30233
2012,05,7,5,716.14178
2012,05,7,6,715.73638
2012,05,7,7,715.71304
2012,05,8,0,715.82231
2012,05,8,1,715.55532
2012,05,8,2,716.33019
2012,05,8,3,716.9945
2012,05,8,4,717.36464
2012,05,8,5,717.49692
2012,05,8,6,717.7439
2012,05,8,7,718.19637
2012,05,9,0,718.82649
2012,05,9,1,719.45186
2012,05,9,2,719.64412
2012,05,9,3,719.97931
2012,05,9,4,720.36826
2012,05,9,5,720.59768
2012,05,9,6,720.94233
2012,05,9,7,721.34006
2012,05,10,0,721.60064
2012,05,10,1,721.47149
2012,05,10,2,721.61845
2012,05,10,3,721.73005
2012,05,10,4,722.20049
2012,05,10,5,722.8494
2012,05,10,6,723.02673
2012,05,10,7,723.43586
2012,05,11,0,723.35403
2012,05,11,1,722.9087
2012,05,11,2,721.99757
2012,05,11,3,720.89958
2012,05,11,4,720.80961
2012,05,11,5,720.70951
2012,05,11,6,720.17892
2012,05,11,7,719.8334
2012,05,12,0,720.59254
2012,05,12,1,721.37966
2012,05,12,2,720.9539
2012,05,12,3,720.36671
2012,05,12,4,719.40929
2012,05,12,5,718.38199
2012,05,12,6,717.59703
2012,05,12,7,717.34167
2012,05,13,0,717.21155
2012,05,13,1,716.83103
2012,05,13,2,715.70942
2012,05,13,3,714.61009
2012,05,13,4,714.27621
2012,05,13,5,713.86926
2012,05,13,6,713.22738
2012,05,13,7,712.69727
2012,05,14,0,712.60735
2012,05,14,1,713.34768
2012,05,14,2,713.61484
2012,05,14,3,714.27577
2012,05,14,4,715.90594
2012,05,14,5,717.94856
2012,05,14,6,719.22715
2012,05,14,7,719.91693
2012,05,15,0,720.72721
2012,05,15,1,721.24677
2012,05,15,2,721.91742
2012,05,15,3,722.84678
2012,05,15,4,722.99679
2012,05,15,5,723.14369
2012,05,15,6,723.70167
2012,05,15,7,724.54125
2012,05,16,0,725.67421
2012,05,16,1,726.66497
2012,05,16,2,727.12463
2012,05,16,3,727.13972
2012,05,16,4,726.84776
2012,05,16,5,726.59198
2012,05,16,6,726.81378
2012,05,16,7,726.95864
2012,05,17,0,727.41524
2012,05,17,1,728.34256
2012,05,17,2,728.57664
2012,05,17,3,728.29748
2012,05,17,4,727.08765
2012,05,17,5,725.52493
2012,05,17,6,723.66587
2012,05,17,7,721.00396
2012,05,18,0,717.94784
2012,05,18,1,715.55671
2012,05,18,2,714.071
2012,05,18,3,713.14916
2012,05,18,4,712.57738
2012,05,18,5,712.23781
2012,05,18,6,711.86045
2012,05,18,7,711.59783
2012,05,19,0,711.35965
2012,05,19,1,710.8916
2012,05,19,2,710.81398
2012,05,19,3,710.36545
2012,05,19,4,709.64282
2012,05,19,5,708.3938
2012,05,19,6,706.7627
2012,05,19,7,705.76421
2012,05,20,0,705.21311
2012,05,20,1,705.10621
2012,05,20,2,704.9158
2012,05,20,3,704.68062
2012,05,20,4,704.51904
2012,05,20,5,704.62397
2012,05,20,6,704.71041
2012,05,20,7,705.38276
2012,05,21,0,705.84605
2012,05,21,1,705.84052
2012,05,21,2,706.36467
2012,05,21,3,707.01893
2012,05,21,4,707.91879
2012,05,21,5,708.6839
2012,05,21,6,709.04064
2012,05,21,7,709.38268
2012,05,22,0,709.82293
2012,05,22,1,709.97572
2012,05,22,2,710.25119
2012,05,22,3,711.01582
2012,05,22,4,711.74187
2012,05,22,5,712.84075
2012,05,22,6,713.55838
2012,05,22,7,714.07124
2012,05,23,0,714.97713
2012,05,23,1,715.6408
2012,05,23,2,716.93513
2012,05,23,3,718.55527
2012,05,23,4,719.31013
2012,05,23,5,719.78992
2012,05,23,6,720.26718
2012,05,23,7,720.85948
2012,05,24,0,721.70881
2012,05,24,1,722.36027
2012,05,24,2,722.46972
2012,05,24,3,722.63853
2012,05,24,4,722.901
2012,05,24,5,723.04527
2012,05,24,6,723.44094
2012,05,24,7,724.008
2012,05,25,0,724.86016
2012,05,25,1,725.50013
2012,05,25,2,726.29106
2012,05,25,3,726.58396
2012,05,25,4,726.49339
2012,05,25,5,726.60695
2012,05,25,6,726.95671
2012,05,25,7,727.06896
2012,05,26,0,727.09488
2012,05,26,1,726.63065
2012,05,26,2,726.40719
2012,05,26,3,726.08638
2012,05,26,4,725.7585
2012,05,26,5,725.12486
2012,05,26,6,724.12201
2012,05,26,7,723.14181
2012,05,27,0,722.56028
2012,05,27,1,723.16909
2012,05,27,2,723.98629
2012,05,27,3,724.06723
2012,05,27,4,723.59717
2012,05,27,5,723.36406
2012,05,27,6,723.49649
2012,05,27,7,724.03606
2012,05,28,0,724.80752
2012,05,28,1,725.94866
2012,05,28,2,727.5976
2012,05,28,3,729.22182
2012,05,28,4,730.72414
2012,05,28,5,732.30363
2012,05,28,6,733.07564
2012,05,28,7,734.04202
2012,05,29,0,735.40346
2012,05,29,1,735.89727
2012,05,29,2,735.85819
2012,05,29,3,736.10824
2012,05,29,4,736.02601
2012,05,29,5,735.61869
2012,05,29,6,735.76399
2012,05,29,7,735.49525
2012,05,30,0,735.30692
2012,05,30,1,734.88285
2012,05,30,2,734.73046
2012,05,30,3,734.76282
2012,05,30,4,734.01637
2012,05,30,5,733.2564
2012,05,30,6,732.49179
2012,05,30,7,731.31007
2012,05,1,0,729.34946
2012,05,1,1,727.52932
2012,05,1,2,726.46376
2012,05,1,3,725.07058
2012,05,1,4,723.86399
2012,05,1,5,723.22626
2012,05,1,6,722.82162
2012,05,1,7,722.66668
2012,05,2,0,722.37869
2012,05,2,1,722.25955
2012,05,2,2,722.73233
2012,05,2,3,722.78806
2012,05,2,4,723.12709
2012,05,2,5,723.93741
2012,05,2,6,723.58988
2012,05,2,7,723.11177
2012,05,3,0,723.01838
2012,05,3,1,722.70477
2012,05,3,2,723.17332
2012,05,3,3,723.77997
2012,05,3,4,724.45514
2012,05,3,5,725.04528
2012,05,3,6,725.18747
2012,05,3,7,725.24162
2012,05,4,0,725.30081
2012,05,4,1,724.68522
2012,05,4,2,723.61433
2012,05,4,3,723.04872
2012,05,4,4,722.45
2012,05,4,5,721.68601
2012,05,4,6,721.03353
2012,05,4,7,720.3828
2012,05,5,0,719.69669
2012,05,5,1,718.4153
2012,05,5,2,717.44409
2012,05,5,3,716.57468
2012,05,5,4,715.94796
2012,05,5,5,715.27707
2012,05,5,6,714.37814
2012,05,5,7,713.44984
2012,05,6,0,712.91943
2012,05,6,1,712.2459
2012,05,6,2,711.96152
2012,05,6,3,711.76422
2012,05,6,4,711.60134
2012,05,6,5,711.41704
2012,05,6,6,711.22156
2012,05,6,7,711.15866
2012,05,7,0,711.11429
2012,05,7,1,710.9908
2012,05,7,2,711.13273
2012,05,7,3,711.29818
2012,05,7,4,711.56685
2012,05,7,5,711.85525
2012,05,7,6,712.05289
2012,05,7,7,712.47241
2012,05,8,0,712.52472
2012,05,8,1,712.61034
2012,05,8,2,713.23215
2012,05,8,3,714.11097
2012,05,8,4,714.74943
2012,05,8,5,715.29273
2012,05,8,6,715.98227
2012,05,8,7,716.1681
2012,05,9,0,716.21872
2012,05,9,1,716.40387
2012,05,9,2,716.86234
2012,05,9,3,717.30276
2012,05,9,4,717.23771
2012,05,9,5,717.04085
2012,05,9,6,716.96769
2012,05,9,7,716.83109
2012,05,10,0,715.53021
2012,05,10,1,714.52371
2012,05,10,2,714.6112
2012,05,10,3,714.35553
2012,05,10,4,713.75461
2012,05,10,5,713.51892
2012,05,10,6,713.09806
2012,05,10,7,712.75945
2012,05,11,0,712.35969
2012,05,11,1,711.73759
2012,05,11,2,711.55635
2012,05,11,3,711.31919
2012,05,11,4,710.03068
2012,05,11,5,708.78739
2012,05,11,6,708.38998
2012,05,11,7,707.73007
2012,05,12,0,706.87666
2012,05,12,1,706.27668
2012,05,12,2,705.96675
2012,05,12,3,705.65983
2012,05,12,4,704.79723
2012,05,12,5,704.18088
2012,05,12,6,704.09818
2012,05,12,7,703.70798
2012,05,13,0,703.24679
2012,05,13,1,702.79633
2012,05,13,2,702.67429
2012,05,13,3,702.30279
2012,05,13,4,702.38195
2012,05,13,5,702.7317
2012,05,13,6,702.98565
2012,05,13,7,703.2505
2012,05,14,0,703.0884
2012,05,14,1,703.30334
2012,05,14,2,704.20874
2012,05,14,3,704.98785
2012,05,14,4,705.60738
2012,05,14,5,706.08172
2012,05,14,6,706.89058
2012,05,14,7,707.32044
2012,05,15,0,707.73484
2012,05,15,1,707.93855
2012,05,15,2,708.18508
2012,05,15,3,708.4834
2012,05,15,4,708.77549
2012,05,15,5,709.22472
2012,05,15,6,709.39261
2012,05,15,7,709.17135
2012,05,16,0,709.43031
2012,05,16,1,709.48382
2012,05,16,2,708.9479
2012,05,16,3,708.88832
2012,05,16,4,708.47837
2012,05,16,5,708.014
2012,05,16,6,707.83884
2012,05,16,7,707.32669
2012,05,17,0,707.06709
2012,05,17,1,706.81737
2012,05,17,2,706.58746
2012,05,17,3,706.26861
2012,05,17,4,706.11746
2012,05,17,5,706.05073
2012,05,17,6,705.58818
2012,05,17,7,704.86494
2012,05,18,0,704.04565
2012,05,18,1,702.67225
2012,05,18,2,702.18015
2012,05,18,3,702.31909
2012,05,18,4,702.02518
2012,05,18,5,701.52869
2012,05,18,6,700.87333
2012,05,18,7,700.43892
2012,05,19,0,700.3336
2012,05,19,1,700.2144
2012,05,19,2,700.72853
2012,05,19,3,701.14616
2012,05,19,4,701.4208
2012,05,19,5,701.72813
2012,05,19,6,702.5409
2012,05,19,7,703.63705
2012,05,20,0,704.11893
2012,05,20,1,704.28108
2012,05,20,2,705.08763
2012,05,20,3,705.71463
2012,05,20,4,705.8578
2012,05,20,5,706.17846
2012,05,20,6,706.265
2012,05,20,7,706.16416
2012,05,21,0,705.96541
2012,05,21,1,706.10604
2012,05,21,2,706.32574
2012,05,21,3,706.4212
2012,05,21,4,705.98774
2012,05,21,5,706.27767
2012,05,21,6,706.7714
2012,05,21,7,707.18668
2012,05,22,0,707.88745
2012,05,22,1,708.47693
2012,05,22,2,709.47973
2012,05,22,3,710.44888
2012,05,22,4,711.25368
2012,05,22,5,712.2962
2012,05,22,6,712.67222
2012,05,22,7,713.41331
2012,05,23,0,713.96223
2012,05,23,1,714.07247
2012,05,23,2,714.26824
2012,05,23,3,714.81189
2012,05,23,4,715.60085
2012,05,23,5,716.49971
2012,05,23,6,717.14472
2012,05,23,7,717.84694
2012,05,24,0,718.19654
2012,05,24,1,718.16369
2012,05,24,2,719.05014
2012,05,24,3,719.84869
2012,05,24,4,719.60578
2012,05,24,5,719.63019
2012,05,24,6,720.25468
2012,05,24,7,720.61072
2012,05,25,0,720.57642
2012,05,25,1,720.27964
2012,05,25,2,720.32418
2012,05,25,3,720.88879
2012,05,25,4,720.43697
2012,05,25,5,720.03448
2012,05,25,6,720.34668
2012,05,25,7,720.98677
2012,05,26,0,720.72368
2012,05,26,1,720.45895
2012,05,26,2,720.56151
2012,05,26,3,720.67107
2012,05,26,4,720.8111
2012,05,26,5,720.44692
2012,05,26,6,720.46082
2012,05,26,7,720.73239
2012,05,27,0,720.81116
2012,05,27,1,720.29386
2012,05,27,2,719.71387
2012,05,27,3,719.28717
2012,05,27,4,719.19028
2012,05,27,5,718.76133
2012,05,27,6,717.98221
2012,05,27,7,717.1712
2012,05,28,0,715.93774
2012,05,28,1,714.27178
2012,05,28,2,713.4463
2012,05,28,3,712.66222
2012,05,28,4,711.59471
2012,05,28,5,710.66023
2012,05,28,6,710.06125
2012,05,28,7,709.52455
2012,05,29,0,709.02208
2012,05,29,1,707.94935
2012,05,29,2,706.92719
2012,05,29,3,706.26981
2012,05,29,4,705.83683
2012,05,29,5,705.57522
2012,05,29,6,705.59398
2012,05,29,7,705.47321
2012,05,30,0,704.62243
2012,05,30,1,704.31048
2012,05,30,2,705.27093
2012,05,30,3,705.78391
2012,05,30,4,706.22087
2012,05,30,5,706.9786
2012,05,30,6,707.7245
2012,05,30,7,708.55579
2012,05,31,0,709.37065
2012,05,31,1,710.09416
2012,05,31,2,711.05423
2012,05,31,3,711.65133
2012,05,31,4,712.42256
2012,05,31,5,713.31602
2012,05,31,6,714.05708
2012,05,31,7,714.67726
2012,05,1,0,714.98865
2012,05,1,1,715.35388
2012,05,1,2,716.02205
2012,05,1,3,716.95197
2012,05,1,4,717.68895
2012,05,1,5,718.25296
2012,05,1,6,718.45251
2012,05,1,7,718.25583
2012,05,2,0,717.64588
2012,05,2,1,716.82634
2012,05,2,2,716.40114
2012,05,2,3,716.0284
2012,05,2,4,715.47411
2012,05,2,5,714.90354
2012,05,2,6,714.01909
2012,05,2,7,713.43067
2012,05,3,0,713.27789
2012,05,3,1,713.10353
2012,05,3,2,712.17775
2012,05,3,3,710.81732
2012,05,3,4,709.39715
2012,05,3,5,708.70256
2012,05,3,6,708.33069
2012,05,3,7,707.85504
2012,05,4,0,706.77252
2012,05,4,1,705.90604
2012,05,4,2,705.94555
2012,05,4,3,705.99442
2012,05,4,4,705.63647
2012,05,4,5,705.25953
2012,05,4,6,705.59214
2012,05,4,7,706.07339
2012,05,5,0,706.21186
2012,05,5,1,706.61774
2012,05,5,2,707.59722
2012,05,5,3,708.59989
2012,05,5,4,708.90245
2012,05,5,5,709.32658
2012,05,5,6,709.94876
2012,05,5,7,710.87208
2012,05,6,0,711.54666
2012,05,6,1,712.03842
2012,05,6,2,713.35965
2012,05,6,3,714.59243
2012,05,6,4,715.78797
2012,05,6,5,717.23529
2012,05,6,6,718.44781
2012,05,6,7,718.78849
2012,05,7,0,718.35894
2012,05,7,1,717.73402
2012,05,7,2,716.81698
2012,05,7,3,716.01721
2012,05,7,4,714.8616
2012,05,7,5,713.47438
2012,05,7,6,712.35236
2012,05,7,7,711.10909
2012,05,8,0,709.71459
2012,05,8,1,708.90712
2012,05,8,2,708.65087
2012,05,8,3,708.85719
2012,05,8,4,708.82348
2012,05,8,5,708.99344
2012,05,8,6,709.23213
2012,05,8,7,710.36382
2012,05,9,0,711.6834
2012,05,9,1,712.32902
2012,05,9,2,713.54379
2012,05,9,3,715.08257
2012,05,9,4,716.03755
2012,05,9,5,716.46307
2012,05,9,6,716.585
2012,05,9,7,716.54361
2012,05,10,0,716.29157
2012,05,10,1,715.51357
2012,05,10,2,715.40981
2012,05,10,3,715.30843
2012,05,10,4,714.54787
2012,05,10,5,713.57303
2012,05,10,6,712.45086
2012,05,10,7,711.11097
2012,05,11,0,710.4005
2012,05,11,1,710.26252
2012,05,11,2,710.53488
2012,05,11,3,710.30448
2012,05,11,4,709.52398
2012,05,11,5,709.01752
2012,05,11,6,708.48408
2012,05,11,7,707.67419
2012,05,12,0,706.52506
2012,05,12,1,705.47605
2012,05,12,2,704.5451
2012,05,12,3,704.10887
2012,05,12,4,703.73927
2012,05,12,5,703.57068
2012,05,12,6,703.88297
2012,05,12,7,704.23222
2012,05,13,0,704.85121
2012,05,13,1,705.35193
2012,05,13,2,706.60166
2012,05,13,3,707.79689
2012,05,13,4,708.03528
2012,05,13,5,708.0417
2012,05,13,6,707.78235
2012,05,13,7,707.35696
2012,05,14,0,706.61017
2012,05,14,1,705.85857
2012,05,14,2,705.41229
2012,05,14,3,704.7317
2012,05,14,4,703.5646
2012,05,14,5,702.84718
2012,05,14,6,702.54876
2012,05,14,7,702.49966
2012,05,15,0,702.75855
2012,05,15,1,703.24415
2012,05,15,2,703.78692
2012,05,15,3,704.55693
2012,05,15,4,705.61201
2012,05,15,5,706.62414
2012,05,15,6,707.41123
2012,05,15,7,708.44473
2012,05,16,0,709.58948
2012,05,16,1,710.94662
2012,05,16,2,711.89719
2012,05,16,3,712.75173
2012,05,16,4,713.58354
2012,05,16,5,714.31654
2012,05,16,6,714.75628
2012,05,16,7,714.74171
2012,05,17,0,715.34559
2012,05,17,1,715.50752
2012,05,17,2,714.30538
2012,05,17,3,713.16536
2012,05,17,4,712.96941
2012,05,17,5,712.61373
2012,05,17,6,711.38267
2012,05,17,7,710.56412
2012,05,18,0,710.00959
2012,05,18,1,709.38491
2012,05,18,2,708.96023
2012,05,18,3,708.5791
2012,05,18,4,708.09506
2012,05,18,5,707.86572
2012,05,18,6,707.83534
2012,05,18,7,707.75796
2012,05,19,0,707.88412
2012,05,19,1,708.72872
2012,05,19,2,709.07217
2012,05,19,3,709.22127
2012,05,19,4,709.97369
2012,05,19,5,710.72145
2012,05,19,6,711.38795
2012,05,19,7,712.37456
2012,05,20,0,713.09854
2012,05,20,1,713.36432
2012,05,20,2,713.43851
2012,05,20,3,713.11248
2012,05,20,4,712.94619
2012,05,20,5,712.87794
2012,05,20,6,713.09666
2012,05,20,7,713.4293
2012,05,21,0,713.06407
2012,05,21,1,713.06666
2012,05,21,2,713.46441
2012,05,21,3,713.17129
2012,05,21,4,712.61479
2012,05,21,5,712.56042
2012,05,21,6,712.55638
2012,05,21,7,711.87534
2012,05,22,0,711.36372
2012,05,22,1,711.11724
2012,05,22,2,710.53269
2012,05,22,3,710.36005
2012,05,22,4,710.4501
2012,05,22,5,710.88999
2012,05,22,6,711.41374
2012,05,22,7,712.0093
2012,05,23,0,711.91095
2012,05,23,1,712.17204
2012,05,23,2,712.53933
2012,05,23,3,712.64837
2012,05,23,4,713.08743
2012,05,23,5,713.13187
2012,05,23,6,712.8933
2012,05,23,7,712.70751
2012,05,24,0,713.10337
2012,05,24,1,713.72057
2012,05,24,2,714.06696
2012,05,24,3,714.58648
2012,05,24,4,715.06482
2012,05,24,5,715.11162
2012,05,24,6,715.53937
2012,05,24,7,715.91879
2012,05,25,0,715.19734
2012,05,25,1,714.63808
2012,05,25,2,714.52306
2012,05,25,3,714.50857
2012,05,25,4,714.18633
2012,05,25,5,714.02784
2012,05,25,6,713.62938
2012,05,25,7,714.05108
2012,05,26,0,714.813
2012,05,26,1,714.6839
2012,05,26,2,714.70976
2012,05,26,3,715.19852
2012,05,26,4,715.53167
2012,05,26,5,716.07149
2012,05,26,6,717.06253
2012,05,26,7,717.72733
2012,05,27,0,717.51033
2012,05,27,1,717.344
2012,05,27,2,718.317
2012,05,27,3,719.18319
2012,05,27,4,719.33292
2012,05,27,5,719.94329
2012,05,27,6,720.03632
2012,05,27,7,720.17822
2012,05,28,0,720.23832
2012,05,28,1,719.76458
2012,05,28,2,720.1516
2012,05,28,3,720.48899
2012,05,28,4,720.58026
2012,05,28,5,720.70019
2012,05,28,6,720.38393
2012,05,28,7,720.02755
2012,05,29,0,719.7
2012,05,29,1,719.53636
2012,05,29,2,719.77819
2012,05,29,3,719.88966
2012,05,29,4,719.58591
2012,05,29,5,719.21264
2012,05,29,6,719.65878
2012,05,29,7,719.53169
2012,05,30,0,719.22464
2012,05,30,1,719.93303
2012,05,30,2,720.11216
2012,05,30,3,720.06496
2012,05,30,4,719.99162
2012,05,30,5,719.99968
2012,05,30,6,720.11081
2012,05,30,7,720.14352
2012,05,31,0,720.69506
2012,05,31,1,721.31403
2012,05,31,2,721.72358
2012,05,31,3,721.75445
2012,05,31,4,721.56649
2012,05,31,5,721.31523
2012,05,31,6,720.73775
2012,05,31,7,720.09484
2012,05,1,0,719.83845
2012,05,1,1,719.23043
2012,05,1,2,719.06458
2012,05,1,3,718.4799
2012,05,1,4,717.76941
2012,05,1,5,717.46079
2012,05,1,6,716.89611
2012,05,1,7,716.32194
2012,05,2,0,715.95677
2012,05,2,1,715.43487
2012,05,2,2,715.29352
2012,05,2,3,715.17402
2012,05,2,4,714.68175
2012,05,2,5,714.21168
2012,05,2,6,714.00637
2012,05,2,7,713.97145
2012,05,3,0,714.44911
2012,05,3,1,714.57814
2012,05,3,2,714.79216
2012,05,3,3,714.90736
2012,05,3,4,715.19135
2012,05,3,5,715.27573
2012,05,3,6,715.08396
2012,05,3,7,715.21041
2012,05,4,0,715.54524
2012,05,4,1,715.44029
2012,05,4,2,715.1743
2012,05,4,3,714.68486
2012,05,4,4,714.1929
2012,05,4,5,713.1233
2012,05,4,6,711.40619
2012,05,4,7,710.04984
2012,05,5,0,708.95559
2012,05,5,1,707.58397
2012,05,5,2,706.52938
2012,05,5,3,705.68967
2012,05,5,4,705.65601
2012,05,5,5,705.44492
2012,05,5,6,704.86848
2012,05,5,7,704.83237
2012,05,6,0,705.59086
2012,05,6,1,706.47759
2012,05,6,2,707.46616
2012,05,6,3,708.38798
2012,05,6,4,709.28868
2012,05,6,5,709.85437
2012,05,6,6,710.65536
2012,05,6,7,711.3933
2012,05,7,0,711.87278
2012,05,7,1,712.10802
2012,05,7,2,712.7117
2012,05,7,3,712.93313
2012,05,7,4,713.00404
2012,05,7,5,713.10634
2012,05,7,6,713.06316
2012,05,7,7,712.99136
2012,05,8,0,713.25838
2012,05,8,1,712.96727
2012,05,8,2,712.43726
2012,05,8,3,712.0795
2012,05,8,4,711.85118
2012,05,8,5,711.46724
2012,05,8,6,711.06539
2012,05,8,7,710.77168
2012,05,9,0,710.93485
2012,05,9,1,711.09937
2012,05,9,2,711.28015
2012,05,9,3,711.58874
2012,05,9,4,711.88543
2012,05,9,5,712.32381
2012,05,9,6,713.2437
2012,05,9,7,713.88421
2012,05,10,0,714.07916
2012,05,10,1,713.70656
2012,05,10,2,713.78787
2012,05,10,3,713.89632
2012,05,10,4,713.76451
2012,05,10,5,713.48292
2012,05,10,6,713.41096
2012,05,10,7,713.29007
2012,05,11,0,713.04684
2012,05,11,1,712.96419
2012,05,11,2,713.75816
2012,05,11,3,714.54147
2012,05,11,4,714.51866
2012,05,11,5,714.38622
2012,05,11,6,714.11913
2012,05,11,7,713.51286
2012,05,12,0,712.76146
2012,05,12,1,712.19064
2012,05,12,2,711.37531
2012,05,12,3,710.34124
2012,05,12,4,709.92925
2012,05,12,5,709.51224
2012,05,12,6,709.04571
2012,05,12,7,709.23529
2012,05,13,0,709.70101
2012,05,13,1,710.16497
2012,05,13,2,709.94612
2012,05,13,3,710.31549
2012,05,13,4,710.65519
2012,05,13,5,710.39613
2012,05,13,6,710.98822
2012,05,13,7,711.54014
2012,05,14,0,711.90214
2012,05,14,1,711.94635
2012,05,14,2,711.91412
2012,05,14,3,711.84781
2012,05,14,4,712.23569
2012,05,14,5,712.75319
2012,05,14,6,712.9788
2012,05,14,7,712.91365
2012,05,15,0,713.08964
2012,05,15,1,712.75888
2012,05,15,2,712.40016
2012,05,15,3,712.40921
2012,05,15,4,712.67778
2012,05,15,5,712.96891
2012,05,15,6,712.23606
2012,05,15,7,711.54888
2012,05,16,0,710.84556
2012,05,16,1,709.45312
2012,05,16,2,709.25571
2012,05,16,3,709.04903
2012,05,16,4,708.34369
2012,05,16,5,707.79837
2012,05,16,6,707.49663
2012,05,16,7,707.25786
2012,05,17,0,706.904
2012,05,17,1,706.40633
2012,05,17,2,706.23642
2012,05,17,3,705.88192
2012,05,17,4,705.7585
2012,05,17,5,705.81645
2012,05,17,6,705.84395
2012,05,17,7,705.80669
2012,05,18,0,705.47325
2012,05,18,1,705.03741
2012,05,18,2,705.50931
2012,05,18,3,705.83458
2012,05,18,4,705.79135
2012,05,18,5,706.3013
2012,05,18,6,706.95868
2012,05,18,7,707.45432
2012,05,19,0,707.77631
2012,05,19,1,708.32441
2012,05,19,2,709.68692
2012,05,19,3,711.0656
2012,05,19,4,712.31203
2012,05,19,5,713.62163
2012,05,19,6,714.50327
2012,05,19,7,715.10635
2012,05,20,0,715.86628
2012,05,20,1,716.46393
2012,05,20,2,717.27223
2012,05,20,3,718.64573
2012,05,20,4,720.75107
2012,05,20,5,722.42732
2012,05,20,6,724.16297
2012,05,20,7,725.46366
2012,05,21,0,726.50353
2012,05,21,1,726.55124
2012,05,21,2,726.98152
2012,05,21,3,727.72628
2012,05,21,4,728.57097
2012,05,21,5,729.15238
2012,05,21,6,728.96342
2012,05,21,7,729.23991
2012,05,22,0,730.20235
2012,05,22,1,730.4468
2012,05,22,2,730.98343
2012,05,22,3,731.28206
2012,05,22,4,729.70876
2012,05,22,5,728.68403
2012,05,22,6,727.31516
2012,05,22,7,725.29747
2012,05,23,0,723.9713
2012,05,23,1,722.60357
2012,05,23,2,720.7249
2012,05,23,3,719.19062
2012,05,23,4,718.3996
2012,05,23,5,717.52147
2012,05,23,6,716.62848
2012,05,23,7,715.9209
2012,05,24,0,715.19829
2012,05,24,1,714.34233
2012,05,24,2,714.03464
2012,05,24,3,713.96641
2012,05,24,4,713.44929
2012,05,24,5,713.41443
2012,05,24,6,713.14556
2012,05,24,7,712.45584
2012,05,25,0,712.54681
2012,05,25,1,712.41593
2012,05,25,2,712.20188
2012,05,25,3,711.72575
2012,05,25,4,711.37827
2012,05,25,5,711.26662
2012,05,25,6,710.93712
2012,05,25,7,710.9397
2012,05,26,0,711.56875
2012,05,26,1,711.93118
2012,05,26,2,712.91537
2012,05,26,3,714.02481
2012,05,26,4,714.58317
2012,05,26,5,715.05452
2012,05,26,6,714.77647
2012,05,26,7,714.42518
2012,05,27,0,714.87945
2012,05,27,1,714.50595
2012,05,27,2,714.12827
2012,05,27,3,714.02295
2012,05,27,4,713.63061
2012,05,27,5,713.54679
2012,05,27,6,713.99927
2012,05,27,7,714.37734
2012,05,28,0,713.62881
2012,05,28,1,712.57665
2012,05,28,2,711.90079
2012,05,28,3,711.24545
2012,05,28,4,710.85256
2012,05,28,5,710.16206
2012,05,28,6,710.15803
2012,05,28,7,710.25782
2012,05,29,0,709.50121
2012,05,29,1,708.09087
2012,05,29,2,707.73422
2012,05,29,3,707.02981
2012,05,29,4,706.49293
2012,05,29,5,706.58266
2012,05,29,6,707.50317
2012,05,29,7,708.41663
2012,05,30,0,709.22277
2012,05,30,1,709.33318
2012,05,30,2,710.50304
2012,05,30,3,711.71113
2012,05,30,4,711.92513
2012,05,30,5,711.89871
2012,05,30,6,712.57795
2012,05,30,7,713.08856
2012,05,1,0,714.19512
2012,05,1,1,714.88914
2012,05,1,2,715.24685
2012,05,1,3,715.85727
2012,05,1,4,716.22376
2012,05,1,5,716.09684
2012,05,1,6,716.0934
2012,05,1,7,716.0831
2012,05,2,0,716.19879
2012,05,2,1,716.32178
2012,05,2,2,716.17717
2012,05,2,3,716.06262
2012,05,2,4,715.92795
2012,05,2,5,715.43409
2012,05,2,6,714.70483
2012,05,2,7,714.13271
2012,05,3,0,713.24968
2012,05,3,1,712.32083
2012,05,3,2,712.11021
2012,05,3,3,711.74002
2012,05,3,4,711.6758
2012,05,3,5,711.34012
2012,05,3,6,710.86267
2012,05,3,7,710.6354
2012,05,4,0,710.23839
2012,05,4,1,710.01869
2012,05,4,2,709.97398
2012,05,4,3,709.90586
2012,05,4,4,709.76074
2012,05,4,5,709.96592
2012,05,4,6,710.17658
2012,05,4,7,710.26449
2012,05,5,0,710.51573
2012,05,5,1,710.83116
2012,05,5,2,711.32698
2012,05,5,3,711.95697
2012,05,5,4,712.38486
2012,05,5,5,712.39976
2012,05,5,6,712.85936
2012,05,5,7,713.16424
2012,05,6,0,713.69082
2012,05,6,1,713.95188
2012,05,6,2,714.03034
2012,05,6,3,714.09664
2012,05,6,4,713.78425
2012,05,6,5,713.32859
2012,05,6,6,712.46718
2012,05,6,7,711.71987
2012,05,7,0,711.13941
2012,05,7,1,710.40798
2012,05,7,2,709.71533
2012,05,7,3,709.18196
2012,05,7,4,708.67213
2012,05,7,5,708.25428
2012,05,7,6,707.66847
2012,05,7,7,706.81622
2012,05,8,0,705.62711
2012,05,8,1,705.25321
2012,05,8,2,704.7376
2012,05,8,3,703.89906
2012,05,8,4,704.61775
2012,05,8,5,705.42301
2012,05,8,6,704.82792
2012,05,8,7,704.17464
2012,05,9,0,703.36243
2012,05,9,1,702.88292
2012,05,9,2,703.32627
2012,05,9,3,703.27214
2012,05,9,4,702.96008
2012,05,9,5,703.22283
2012,05,9,6,703.4574
2012,05,9,7,703.64749
2012,05,10,0,704.10166
2012,05,10,1,704.42073
2012,05,10,2,704.68594
2012,05,10,3,704.9916
2012,05,10,4,705.48285
2012,05,10,5,705.72174
2012,05,10,6,706.02094
2012,05,10,7,706.30476
2012,05,11,0,706.08661
2012,05,11,1,705.53473
2012,05,11,2,705.75381
2012,05,11,3,706.41952
2012,05,11,4,706.77046
2012,05,11,5,706.85609
2012,05,11,6,707.18781
2012,05,11,7,707.55347
2012,05,12,0,708.14801
2012,05,12,1,708.34016
2012,05,12,2,708.48163
2012,05,12,3,708.53405
2012,05,12,4,708.01108
2012,05,12,5,707.40156
2012,05,12,6,707.39295
2012,05,12,7,707.81674
2012,05,13,0,708.04473
2012,05,13,1,707.76726
2012,05,13,2,708.34675
2012,05,13,3,709.29943
2012,05,13,4,709.68803
2012,05,13,5,710.04464
2012,05,13,6,710.74748
2012,05,13,7,711.3219
2012,05,14,0,711.39152
2012,05,14,1,711.6646
2012,05,14,2,712.14481
2012,05,14,3,711.84694
2012,05,14,4,711.49723
2012,05,14,5,711.36794
2012,05,14,6,711.40262
2012,05,14,7,711.41675
2012,05,15,0,711.14202
2012,05,15,1,710.64793
2012,05,15,2,710.13334
2012,05,15,3,709.5548
2012,05,15,4,709.6989
2012,05,15,5,710.17187
2012,05,15,6,710.78867
2012,05,15,7,711.32371
2012,05,16,0,711.39514
2012,05,16,1,711.2986
2012,05,16,2,711.95901
2012,05,16,3,712.6915
2012,05,16,4,713.33753
2012,05,16,5,713.79246
2012,05,16,6,714.41946
2012,05,16,7,715.00581
2012,05,17,0,715.37149
2012,05,17,1,715.16413
2012,05,17,2,716.07493
2012,05,17,3,717.38442
2012,05,17,4,717.8366
2012,05,17,5,717.66897
2012,05,17,6,718.5811
2012,05,17,7,719.93912
2012,05,18,0,720.81717
2012,05,18,1,720.98685
2012,05,18,2,721.82755
2012,05,18,3,722.42304
2012,05,18,4,721.80723
2012,05,18,5,720.74745
2012,05,18,6,720.88761
2012,05,18,7,719.95509
2012,05,19,0,718.02777
2012,05,19,1,715.68833
2012,05,19,2,715.03408
2012,05,19,3,714.66743
2012,05,19,4,713.18817
2012,05,19,5,712.06597
2012,05,19,6,711.48838
2012,05,19,7,711.29445
2012,05,20,0,711.39943
2012,05,20,1,710.91822
2012,05,20,2,712.16773
2012,05,20,3,713.64555
2012,05,20,4,713.85474
2012,05,20,5,714.14777
2012,05,20,6,716.58246
2012,05,20,7,718.46436
2012,05,21,0,719.32823
2012,05,21,1,719.92189
2012,05,21,2,720.79047
2012,05,21,3,721.23721
2012,05,21,4,720.60057
2012,05,21,5,720.34312
2012,05,21,6,720.2982
2012,05,21,7,719.94361
2012,05,22,0,720.16455
2012,05,22,1,720.24886
2012,05,22,2,719.90041
2012,05,22,3,719.40044
2012,05,22,4,719.42003
2012,05,22,5,719.42787
2012,05,22,6,718.20058
2012,05,22,7,716.92731
2012,05,23,0,716.74525
2012,05,23,1,716.27584
2012,05,23,2,716.02741
2012,05,23,3,715.64349
2012,05,23,4,715.89878
2012,05,23,5,716.59044
2012,05,23,6,716.40293
2012,05,23,7,716.74857
2012,05,24,0,717.61007
2012,05,24,1,718.17629
2012,05,24,2,718.8912
2012,05,24,3,719.1683
2012,05,24,4,719.05771
2012,05,24,5,718.88541
2012,05,24,6,717.80591
2012,05,24,7,716.1601
2012,05,25,0,714.91881
2012,05,25,1,713.75531
2012,05,25,2,713.33298
2012,05,25,3,713.19144
2012,05,25,4,713.01901
2012,05,25,5,713.38302
2012,05,25,6,714.15927
2012,05,25,7,714.71098
2012,05,26,0,715.21128
2012,05,26,1,715.35461
2012,05,26,2,715.72299
2012,05,26,3,716.4722
2012,05,26,4,717.18244
2012,05,26,5,717.27905
2012,05,26,6,717.89714
2012,05,26,7,719.14923
2012,05,27,0,719.73665
2012,05,27,1,719.31067
2012,05,27,2,719.56598
2012,05,27,3,719.80437
2012,05,27,4,720.13278
2012,05,27,5,719.58509
2012,05,27,6,719.03209
2012,05,27,7,718.66212
2012,05,28,0,717.41786
2012,05,28,1,715.65574
2012,05,28,2,714.47484
2012,05,28,3,713.60012
2012,05,28,4,713.10731
2012,05,28,5,712.65452
2012,05,28,6,712.40897
2012,05,28,7,712.22042
2012,05,29,0,712.08816
2012,05,29,1,711.8344
2012,05,29,2,712.06292
2012,05,29,3,712.94107
2012,05,29,4,713.65781
2012,05,29,5,714.29275
2012,05,29,6,715.05496
2012,05,29,7,716.18898
2012,05,30,0,717.26283
2012,05,30,1,716.9997
2012,05,30,2,717.33747
2012,05,30,3,718.15647
2012,05,30,4,718.09477
2012,05,30,5,717.67222
2012,05,30,6,718.54335
2012,05,30,7,719.5411
2012,05,31,0,719.87349
2012,05,31,1,719.53987
2012,05,31,2,719.71721
2012,05,31,3,719.91653
2012,05,31,4,719.54983
2012,05,31,5,719.16248
2012,05,31,6,719.66254
2012,05,31,7,719.93943
2012,05,1,0,720.23997
2012,05,1,1,720.15059
2012,05,1,2,719.89041
2012,05,1,3,720.00924
2012,05,1,4,720.43843
2012,05,1,5,720.9993
2012,05,1,6,721.90409
2012,05,1,7,722.63573
2012,05,2,0,723.14405
2012,05,2,1,723.36774
2012,05,2,2,724.19014
2012,05,2,3,724.56132
2012,05,2,4,724.49291
2012,05,2,5,724.44
2012,05,2,6,724.63648
2012,05,2,7,724.5038
2012,05,3,0,724.75161
2012,05,3,1,724.96236
2012,05,3,2,725.35573
2012,05,3,3,725.83428
2012,05,3,4,726.07534
2012,05,3,5,725.86319
2012,05,3,6,725.7113
2012,05,3,7,725.62172
2012,05,4,0,725.48759
2012,05,4,1,724.71075
2012,05,4,2,724.71936
2012,05,4,3,724.79539
2012,05,4,4,724.41477
2012,05,4,5,723.90517
2012,05,4,6,723.8103
2012,05,4,7,723.97884
2012,05,5,0,723.89114
2012,05,5,1,723.80656
2012,05,5,2,724.52847
2012,05,5,3,725.29
2012,05,5,4,724.48495
2012,05,5,5,723.43847
2012,05,5,6,723.2645
2012,05,5,7,723.14564
2012,05,6,0,723.13457
2012,05,6,1,722.46302
2012,05,6,2,721.54859
2012,05,6,3,720.25335
2012,05,6,4,718.38224
2012,05,6,5,716.58588
2012,05,6,6,715.5533
2012,05,6,7,714.8
2012,05,7,0,714.16089
2012,05,7,1,714.46907
2012,05,7,2,717.2891
2012,05,7,3,719.80626
2012,05,7,4,721.88156
2012,05,7,5,723.99649
2012,05,7,6,725.04085
2012,05,7,7,725.66503
2012,05,8,0,727.15323
2012,05,8,1,727.69799
2012,05,8,2,728.03477
2012,05,8,3,728.17903
2012,05,8,4,727.99256
2012,05,8,5,727.49795
2012,05,8,6,726.7866
2012,05,8,7,725.87076
2012,05,9,0,724.90962
2012,05,9,1,723.40614
2012,05,9,2,722.25832
2012,05,9,3,721.25296
2012,05,9,4,719.88169
2012,05,9,5,718.97385
2012,05,9,6,719.44681
2012,05,9,7,720.7985
2012,05,10,0,722.36933
2012,05,10,1,723.61088
2012,05,10,2,724.41984
2012,05,10,3,724.96652
2012,05,10,4,724.89556
2012,05,10,5,724.47387
2012,05,10,6,724.35478
2012,05,10,7,724.6203
2012,05,11,0,724.88883
2012,05,11,1,725.03697
2012,05,11,2,725.5625
2012,05,11,3,726.2812
2012,05,11,4,726.7179
2012,05,11,5,727.1263
2012,05,11,6,727.065
2012,05,11,7,726.96052
2012,05,12,0,727.50563
2012,05,12,1,727.38848
2012,05,12,2,727.36306
2012,05,12,3,727.23115
2012,05,12,4,726.7899
2012,05,12,5,726.01866
2012,05,12,6,725.42711
2012,05,12,7,725.28119
2012,05,13,0,725.00948
2012,05,13,1,724.10886
2012,05,13,2,723.33951
2012,05,13,3,723.14269
2012,05,13,4,723.15448
2012,05,13,5,722.92975
2012,05,13,6,723.20719
2012,05,13,7,723.61891
2012,05,14,0,723.51693
2012,05,14,1,723.61267
2012,05,14,2,724.23672
2012,05,14,3,724.7211
2012,05,14,4,724.86075
2012,05,14,5,724.95969
2012,05,14,6,725.52901
2012,05,14,7,725.95926
2012,05,15,0,725.77211
2012,05,15,1,725.87199
2012,05,15,2,726.7485
2012,05,15,3,727.01639
2012,05,15,4,726.74362
2012,05,15,5,726.431
2012,05,15,6,726.09956
2012,05,15,7,725.33249
2012,05,16,0,724.01716
2012,05,16,1,723.17617
2012,05,16,2,722.70526
2012,05,16,3,721.7155
2012,05,16,4,720.61704
2012,05,16,5,720.48539
2012,05,16,6,720.81418
2012,05,16,7,720.68534
2012,05,17,0,720.29086
2012,05,17,1,719.96359
2012,05,17,2,720.00444
2012,05,17,3,719.95139
2012,05,17,4,719.96646
2012,05,17,5,720.15509
2012,05,17,6,720.50001
2012,05,17,7,720.94135
2012,05,18,0,721.26994
2012,05,18,1,721.25055
2012,05,18,2,720.96598
2012,05,18,3,720.18783
2012,05,18,4,719.73109
2012,05,18,5,719.44378
2012,05,18,6,719.45932
2012,05,18,7,719.83105
2012,05,19,0,720.47394
2012,05,19,1,720.73252
2012,05,19,2,721.17965
2012,05,19,3,721.65389
2012,05,19,4,721.94388
2012,05,19,5,721.8307
2012,05,19,6,722.72638
2012,05,19,7,723.91663
2012,05,20,0,724.68679
2012,05,20,1,725.2676
2012,05,20,2,725.52867
2012,05,20,3,725.23473
2012,05,20,4,725.06061
2012,05,20,5,724.48409
2012,05,20,6,724.42456
2012,05,20,7,724.43491
2012,05,21,0,723.79586
2012,05,21,1,722.43393
2012,05,21,2,722.32347
2012,05,21,3,722.89233
2012,05,21,4,722.97853
2012,05,21,5,723.38468
2012,05,21,6,724.07554
2012,05,21,7,725.18007
2012,05,22,0,725.485
2012,05,22,1,725.20669
2012,05,22,2,725.72973
2012,05,22,3,725.91144
2012,05,22,4,725.96981
2012,05,22,5,725.53206
2012,05,22,6,725.40579
2012,05,22,7,725.33721
2012,05,23,0,724.38528
2012,05,23,1,722.83901
2012,05,23,2,721.65824
2012,05,23,3,720.73594
2012,05,23,4,718.92833
2012,05,23,5,717.52345
2012,05,23,6,717.56708
2012,05,23,7,718.39964
2012,05,24,0,719.37825
2012,05,24,1,720.02606
2012,05,24,2,720.51863
2012,05,24,3,720.92163
2012,05,24,4,720.65227
2012,05,24,5,719.42289
2012,05,24,6,718.56677
2012,05,24,7,718.42865
2012,05,25,0,717.90301
2012,05,25,1,717.07588
2012,05,25,2,717.49271
2012,05,25,3,718.32212
2012,05,25,4,718.84735
2012,05,25,5,719.58741
2012,05,25,6,720.45417
2012,05,25,7,721.38399
2012,05,26,0,721.08537
2012,05,26,1,720.35224
2012,05,26,2,720.99431
2012,05,26,3,721.26992
2012,05,26,4,721.424
2012,05,26,5,721.91484
2012,05,26,6,722.18218
2012,05,26,7,722.6318
2012,05,27,0,722.89272
2012,05,27,1,723.01223
2012,05,27,2,723.09713
2012,05,27,3,722.30789
2012,05,27,4,721.47125
2012,05,27,5,720.99992
2012,05,27,6,720.47618
2012,05,27,7,719.93812
2012,05,28,0,719.85561
2012,05,28,1,720.09542
2012,05,28,2,720.00766
2012,05,28,3,719.82555
2012,05,28,4,719.61273
2012,05,28,5,719.61346
2012,05,28,6,719.79216
2012,05,28,7,719.62475
2012,05,29,0,719.43308
2012,05,29,1,719.57618
2012,05,29,2,719.91443
2012,05,29,3,719.8234
2012,05,29,4,719.8401
2012,05,29,5,720.15159
2012,05,29,6,720.65168
2012,05,29,7,720.93371
2012,05,30,0,721.34277
2012,05,30,1,721.46608
2012,05,30,2,721.72545
2012,05,30,3,721.52747
2012,05,30,4,721.1503
2012,05,30,5,720.59301
2012,05,30,6,720.60747
2012,05,30,7,720.46386
2012,05,1,0,720.27168
2012,05,1,1,719.84248
2012,05,1,2,720.22875
2012,05,1,3,720.59542
2012,05,1,4,720.61931
2012,05,1,5,720.50785
2012,05,1,6,720.96105
2012,05,1,7,721.1344
2012,05,2,0,721.16899
2012,05,2,1,720.6623
2012,05,2,2,720.33366
2012,05,2,3,719.92117
2012,05,2,4,719.79589
2012,05,2,5,719.38233
2012,05,2,6,719.1486
2012,05,2,7,719.15757
2012,05,3,0,719.60321
2012,05,3,1,720.12211
2012,05,3,2,720.17204
2012,05,3,3,720.3397
2012,05,3,4,721.88262
2012,05,3,5,722.92994
2012,05,3,6,723.59985
2012,05,3,7,724.36185
2012,05,4,0,724.46425
2012,05,4,1,723.90391
2012,05,4,2,724.10854
2012,05,4,3,724.18543
2012,05,4,4,723.84988
2012,05,4,5,723.29736
2012,05,4,6,723.38203
2012,05,4,7,723.61777
2012,05,5,0,723.02985
2012,05,5,1,722.08047
2012,05,5,2,722.16959
2012,05,5,3,722.20062
2012,05,5,4,721.72806
2012,05,5,5,721.2035
2012,05,5,6,721.41803
2012,05,5,7,721.8014
2012,05,6,0,721.32343
2012,05,6,1,720.71422
2012,05,6,2,720.6729
2012,05,6,3,721.01067
2012,05,6,4,721.29284
2012,05,6,5,721.70941
2012,05,6,6,722.14182
2012,05,6,7,722.73363
2012,05,7,0,722.77255
2012,05,7,1,722.61767
2012,05,7,2,723.15257
2012,05,7,3,723.53832
2012,05,7,4,723.78941
2012,05,7,5,724.02249
2012,05,7,6,724.52005
2012,05,7,7,724.94938
2012,05,8,0,724.40924
2012,05,8,1,723.66947
2012,05,8,2,723.49132
2012,05,8,3,723.43622
2012,05,8,4,723.05892
2012,05,8,5,722.42551
2012,05,8,6,722.45608
2012,05,8,7,722.69651
2012,05,9,0,722.55823
2012,05,9,1,722.6001
2012,05,9,2,722.69022
2012,05,9,3,722.66796
2012,05,9,4,722.49794
2012,05,9,5,722.16605
2012,05,9,6,722.89028
2012,05,9,7,723.98598
2012,05,10,0,724.0291
2012,05,10,1,723.87603
2012,05,10,2,724.60133
2012,05,10,3,725.1738
2012,05,10,4,725.24098
2012,05,10,5,724.86686
2012,05,10,6,725.11375
2012,05,10,7,725.29396
2012,05,11,0,724.72415
2012,05,11,1,723.94367
2012,05,11,2,723.50333
2012,05,11,3,723.14639
2012,05,11,4,721.87033
2012,05,11,5,720.5002
2012,05,11,6,720.47548
2012,05,11,7,720.73955
2012,05,12,0,720.85641
2012,05,12,1,720.7822
2012,05,12,2,720.7384
2012,05,12,3,720.4642
2012,05,12,4,720.62151
2012,05,12,5,721.05225
2012,05,12,6,721.17651
2012,05,12,7,721.4636
2012,05,13,0,721.68325
2012,05,13,1,721.45832
2012,05,13,2,721.38052
2012,05,13,3,721.35774
2012,05,13,4,721.42443
2012,05,13,5,721.47467
2012,05,13,6,721.92239
2012,05,13,7,722.59608
2012,05,14,0,722.82311
2012,05,14,1,722.71692
2012,05,14,2,722.58368
2012,05,14,3,722.34212
2012,05,14,4,721.80532
2012,05,14,5,721.55189
2012,05,14,6,721.66899
2012,05,14,7,721.70284
2012,05,15,0,721.49765
2012,05,15,1,721.13822
2012,05,15,2,720.82276
2012,05,15,3,720.52511
2012,05,15,4,720.74867
2012,05,15,5,721.225
2012,05,15,6,721.83554
2012,05,15,7,722.09557
2012,05,16,0,722.14594
2012,05,16,1,722.01636
2012,05,16,2,722.10339
2012,05,16,3,722.08639
2012,05,16,4,722.04598
2012,05,16,5,721.79568
2012,05,16,6,721.74157
2012,05,16,7,721.71628
2012,05,17,0,721.69314
2012,05,17,1,721.57093
2012,05,17,2,721.90658
2012,05,17,3,722.00492
2012,05,17,4,722.6644
2012,05,17,5,723.04459
2012,05,17,6,723.41988
2012,05,17,7,723.36565
2012,05,18,0,723.22392
2012,05,18,1,722.79223
2012,05,18,2,722.04383
2012,05,18,3,722.22349
2012,05,18,4,722.32077
2012,05,18,5,722.29016
2012,05,18,6,722.78134
2012,05,18,7,723.40326
2012,05,19,0,724.27015
2012,05,19,1,724.72519
2012,05,19,2,725.42983
2012,05,19,3,726.20467
2012,05,19,4,726.82983
2012,05,19,5,726.96723
2012,05,19,6,727.1532
2012,05,19,7,727.46635
2012,05,20,0,727.5395
2012,05,20,1,726.97589
2012,05,20,2,726.03828
2012,05,20,3,725.64444
2012,05,20,4,726.25339
2012,05,20,5,726.21777
2012,05,20,6,725.79748
2012,05,20,7,726.05137
2012,05,21,0,726.04507
2012,05,21,1,725.73435
2012,05,21,2,725.92588
2012,05,21,3,726.31001
2012,05,21,4,726.78281
2012,05,21,5,727.09643
2012,05,21,6,727.27282
2012,05,21,7,727.70337
2012,05,22,0,727.97498
2012,05,22,1,727.27541
2012,05,22,2,727.73582
2012,05,22,3,728.77876
2012,05,22,4,729.45797
2012,05,22,5,729.90511
2012,05,22,6,730.62971
2012,05,22,7,731.41237
2012,05,23,0,731.4967
2012,05,23,1,730.86265
2012,05,23,2,730.91794
2012,05,23,3,731.41688
2012,05,23,4,731.18696
2012,05,23,5,730.94847
2012,05,23,6,730.67781
2012,05,23,7,730.56311
2012,05,24,0,730.32414
2012,05,24,1,729.72067
2012,05,24,2,729.85421
2012,05,24,3,730.17648
2012,05,24,4,730.17881
2012,05,24,5,730.11856
2012,05,24,6,730.231
2012,05,24,7,730.36391
2012,05,25,0,730.00949
2012,05,25,1,729.65225
2012,05,25,2,729.8194
2012,05,25,3,730.06153
2012,05,25,4,730.44719
2012,05,25,5,731.09306
2012,05,25,6,732.04386
2012,05,25,7,732.99758
2012,05,26,0,733.74366
2012,05,26,1,734.3033
2012,05,26,2,734.64058
2012,05,26,3,734.95394
2012,05,26,4,734.65493
2012,05,26,5,734.47853
2012,05,26,6,734.18921
2012,05,26,7,733.82552
2012,05,27,0,733.92
2012,05,27,1,733.5035
2012,05,27,2,732.57405
2012,05,27,3,731.88722
2012,05,27,4,731.39123
2012,05,27,5,730.70808
2012,05,27,6,730.25962
2012,05,27,7,729.95432
2012,05,28,0,729.44392
2012,05,28,1,728.59589
2012,05,28,2,727.17905
2012,05,28,3,726.07763
2012,05,28,4,725.33947
2012,05,28,5,724.6586
2012,05,28,6,724.32385
2012,05,28,7,724.57377
2012,05,29,0,724.6076
2012,05,29,1,724.41714
2012,05,29,2,724.44503
2012,05,29,3,724.47174
2012,05,29,4,724.31168
2012,05,29,5,724.0371
2012,05,29,6,724.46453
2012,05,29,7,724.9897
2012,05,30,0,724.85949
2012,05,30,1,724.30809
2012,05,30,2,724.02238
2012,05,30,3,723.48848
2012,05,30,4,723.18808
2012,05,30,5,723.13606
2012,05,30,6,722.99296
2012,05,30,7,723.05554
2012,05,31,0,723.04541
2012,05,31,1,722.63667
2012,05,31,2,722.35441
2012,05,31,3,722.26872
2012,05,31,4,723.00889
2012,05,31,5,723.58834
2012,05,31,6,723.97452
2012,05,31,7,724.94798
2013,05,1,0,725.71336
2013,05,1,1,726.1144
2013,05,1,2,726.81095
2013,05,1,3,727.8416
2013,05,1,4,728.07437
2013,05,1,5,728.39873
2013,05,1,6,729.18586
2013,05,1,7,729.77569
2013,05,2,0,729.96324
2013,05,2,1,729.73279
2013,05,2,2,730.21891
2013,05,2,3,730.62138
2013,05,2,4,730.61664
2013,05,2,5,730.48237
2013,05,2,6,730.50314
2013,05,2,7,730.50318
2013,05,3,0,729.70943
2013,05,3,1,729.25049
2013,05,3,2,729.45656
2013,05,3,3,729.3622
2013,05,3,4,728.88856
2013,05,3,5,728.37798
2013,05,3,6,728.65942
2013,05,3,7,728.70869
2013,05,4,0,729.01751
2013,05,4,1,729.448
2013,05,4,2,729.80583
2013,05,4,3,729.84087
2013,05,4,4,729.68927
2013,05,4,5,729.37323
2013,05,4,6,728.83626
2013,05,4,7,728.21559
2013,05,5,0,727.61093
2013,05,5,1,726.50071
2013,05,5,2,725.46688
2013,05,5,3,724.7542
2013,05,5,4,724.43964
2013,05,5,5,724.05506
2013,05,5,6,723.87134
2013,05,5,7,723.84854
2013,05,6,0,723.82659
2013,05,6,1,723.41287
2013,05,6,2,723.22838
2013,05,6,3,723.39111
2013,05,6,4,723.87255
2013,05,6,5,723.93635
2013,05,6,6,724.37117
2013,05,6,7,724.82167
2013,05,7,0,724.74608
2013,05,7,1,724.95069
2013,05,7,2,725.26708
2013,05,7,3,725.58276
2013,05,7,4,725.84964
2013,05,7,5,725.67017
2013,05,7,6,725.10348
2013,05,7,7,724.82373
2013,05,8,0,724.93222
2013,05,8,1,724.68945
2013,05,8,2,724.74108
2013,05,8,3,724.70447
2013,05,8,4,724.80096
2013,05,8,5,724.80755
2013,05,8,6,725.21609
2013,05,8,7,725.88461
2013,05,9,0,725.9854
2013,05,9,1,725.7769
2013,05,9,2,725.25881
2013,05,9,3,724.78875
2013,05,9,4,724.89424
2013,05,9,5,724.49941
2013,05,9,6,724.08364
2013,05,9,7,723.45549
2013,05,10,0,722.67416
2013,05,10,1,721.6344
2013,05,10,2,720.78898
2013,05,10,3,719.99563
2013,05,10,4,719.71069
2013,05,10,5,719.49469
2013,05,10,6,719.34496
2013,05,10,7,719.54301
2013,05,11,0,719.67392
2013,05,11,1,719.57612
2013,05,11,2,719.22856
2013,05,11,3,718.87481
2013,05,11,4,718.94527
2013,05,11,5,718.61268
2013,05,11,6,718.74107
2013,05,11,7,719.55354
2013,05,12,0,719.89314
2013,05,12,1,720.04834
2013,05,12,2,719.8559
2013,05,12,3,719.61177
2013,05,12,4,720.05318
2013,05,12,5,719.89437
2013,05,12,6,720.43611
2013,05,12,7,721.44719
2013,05,13,0,721.8071
2013,05,13,1,721.77393
2013,05,13,2,721.62525
2013,05,13,3,722.04147
2013,05,13,4,723.04179
2013,05,13,5,723.91009
2013,05,13,6,724.81783
2013,05,13,7,725.52187
2013,05,14,0,726.48033
2013,05,14,1,727.07144
2013,05,14,2,727.53978
2013,05,14,3,728.11493
2013,05,14,4,728.42145
2013,05,14,5,728.44462
2013,05,14,6,728.45295
2013,05,14,7,728.08458
2013,05,15,0,727.32718
2013,05,15,1,726.35155
2013,05,15,2,725.66095
2013,05,15,3,724.701
2013,05,15,4,723.97826
2013,05,15,5,723.30356
2013,05,15,6,722.28087
2013,05,15,7,721.58099
2013,05,16,0,720.72851
2013,05,16,1,720.0947
2013,05,16,2,719.46658
2013,05,16,3,718.90011
2013,05,16,4,719.18554
2013,05,16,5,719.45467
2013,05,16,6,719.45608
2013,05,16,7,719.98342
2013,05,17,0,720.23494
2013,05,17,1,720.35182
2013,05,17,2,720.90923
2013,05,17,3,721.34464
2013,05,17,4,721.62362
2013,05,17,5,721.73967
2013,05,17,6,721.97187
2013,05,17,7,722.25667
2013,05,18,0,722.60813
2013,05,18,1,722.39058
2013,05,18,2,722.19154
2013,05,18,3,722.17213
2013,05,18,4,721.97377
2013,05,18,5,721.72236
2013,05,18,6,721.32774
2013,05,18,7,720.62632
2013,05,19,0,720.14105
2013,05,19,1,719.76781
2013,05,19,2,720.02197
2013,05,19,3,719.77404
2013,05,19,4,719.86956
2013,05,19,5,720.14344
2013,05,19,6,720.34571
2013,05,19,7,720.78836
2013,05,20,0,720.50076
2013,05,20,1,719.73202
2013,05,20,2,719.71776
2013,05,20,3,720.02388
2013,05,20,4,720.9001
2013,05,20,5,721.84309
2013,05,20,6,722.31571
2013,05,20,7,722.75821
2013,05,21,0,723.23594
2013,05,21,1,723.61081
2013,05,21,2,723.62891
2013,05,21,3,723.7263
2013,05,21,4,723.76696
2013,05,21,5,723.35723
2013,05,21,6,724.10868
2013,05,21,7,724.88521
2013,05,22,0,724.71249
2013,05,22,1,724.44556
2013,05,22,2,724.08242
2013,05,22,3,723.85313
2013,05,22,4,722.93695
2013,05,22,5,721.68483
2013,05,22,6,721.47854
2013,05,22,7,721.61239
2013,05,23,0,720.5696
2013,05,23,1,719.57696
2013,05,23,2,719.52742
2013,05,23,3,719.64825
2013,05,23,4,719.47432
2013,05,23,5,719.26918
2013,05,23,6,719.57292
2013,05,23,7,720.05555
2013,05,24,0,720.66638
2013,05,24,1,721.03353
2013,05,24,2,721.34503
2013,05,24,3,721.85317
2013,05,24,4,722.2689
2013,05,24,5,722.8739
2013,05,24,6,723.43905
2013,05,24,7,723.96592
2013,05,25,0,724.13682
2013,05,25,1,724.17128
2013,05,25,2,724.45674
2013,05,25,3,724.51151
2013,05,25,4,724.64513
2013,05,25,5,725.00984
2013,05,25,6,725.01403
2013,05,25,7,724.70493
2013,05,26,0,724.66581
2013,05,26,1,724.31502
2013,05,26,2,723.86095
2013,05,26,3,723.73804
2013,05,26,4,723.16962
2013,05,26,5,722.6728
2013,05,26,6,722.56311
2013,05,26,7,722.36869
2013,05,27,0,722.20563
2013,05,27,1,721.82487
2013,05,27,2,721.4241
2013,05,27,3,720.78071
2013,05,27,4,720.91794
2013,05,27,5,721.58438
2013,05,27,6,721.78288
2013,05,27,7,721.38434
2013,05,28,0,721.02737
2013,05,28,1,720.95284
2013,05,28,2,720.72234
2013,05,28,3,720.75399
2013,05,28,4,720.5305
2013,05,28,5,720.41012
2013,05,28,6,720.37182
2013,05,28,7,720.42461
2013,05,29,0,720.09726
2013,05,29,1,719.76429
2013,05,29,2,719.60945
2013,05,29,3,719.32162
2013,05,29,4,719.25165
2013,05,29,5,719.41127
2013,05,29,6,720.37658
2013,05,29,7,721.16664
2013,05,30,0,721.80806
2013,05,30,1,722.33979
2013,05,30,2,722.72021
2013,05,30,3,723.0052
2013,05,30,4,722.98183
2013,05,30,5,722.94205
2013,05,30,6,722.77716
2013,05,30,7,722.54253
2013,05,31,0,722.54204
2013,05,31,1,721.92797
2013,05,31,2,721.38954
2013,05,31,3,720.91781
2013,05,31,4,719.92448
2013,05,31,5,718.63106
2013,05,31,6,717.63379
2013,05,31,7,716.78551
2013,05,1,0,716.04757
2013,05,1,1,715.65954
2013,05,1,2,715.34615
2013,05,1,3,715.08465
2013,05,1,4,714.84483
2013,05,1,5,714.83431
2013,05,1,6,715.01759
2013,05,1,7,715.23709
2013,05,2,0,715.21167
2013,05,2,1,714.87322
2013,05,2,2,714.85275
2013,05,2,3,714.84073
2013,05,2,4,714.385
2013,05,2,5,714.03951
2013,05,2,6,714.23417
2013,05,2,7,714.21037
2013,05,3,0,713.91492
2013,05,3,1,713.44051
2013,05,3,2,713.14949
2013,05,3,3,712.95575
2013,05,3,4,712.71295
2013,05,3,5,712.40466
2013,05,3,6,712.51954
2013,05,3,7,712.58744
2013,05,4,0,712.4175
2013,05,4,1,712.21099
2013,05,4,2,712.22179
2013,05,4,3,712.35513
2013,05,4,4,712.32876
2013,05,4,5,712.01515
2013,05,4,6,711.92144
2013,05,4,7,711.69336
2013,05,5,0,711.49481
2013,05,5,1,711.30897
2013,05,5,2,710.90714
2013,05,5,3,710.46794
2013,05,5,4,710.30496
2013,05,5,5,710.04176
2013,05,5,6,710.26854
2013,05,5,7,710.63054
2013,05,6,0,710.47297
2013,05,6,1,710.3106
2013,05,6,2,710.6541
2013,05,6,3,710.6792
2013,05,6,4,710.66828
2013,05,6,5,710.76151
2013,05,6,6,710.79603
2013,05,6,7,710.74879
2013,05,7,0,710.61858
2013,05,7,1,710.21295
2013,05,7,2,709.93829
2013,05,7,3,709.52699
2013,05,7,4,709.20008
2013,05,7,5,708.91196
2013,05,7,6,709.33472
2013,05,7,7,709.6153
2013,05,8,0,709.73882
2013,05,8,1,710.0038
2013,05,8,2,710.35952
2013,05,8,3,710.80904
2013,05,8,4,711.1826
2013,05,8,5,711.6348
2013,05,8,6,711.93663
2013,05,8,7,712.18995
2013,05,9,0,712.25466
2013,05,9,1,712.23979
2013,05,9,2,712.63685
2013,05,9,3,712.98768
2013,05,9,4,712.63309
2013,05,9,5,712.13484
2013,05,9,6,712.28201
2013,05,9,7,712.51968
2013,05,10,0,712.32013
2013,05,10,1,712.14435
2013,05,10,2,712.24109
2013,05,10,3,712.26333
2013,05,10,4,712.4389
2013,05,10,5,712.28354
2013,05,10,6,712.73436
2013,05,10,7,713.14806
2013,05,11,0,712.9866
2013,05,11,1,712.94776
2013,05,11,2,713.2275
2013,05,11,3,713.45712
2013,05,11,4,713.84008
2013,05,11,5,714.01213
2013,05,11,6,714.39389
2013,05,11,7,715.08478
2013,05,12,0,715.35592
2013,05,12,1,715.48664
2013,05,12,2,715.82287
2013,05,12,3,715.8609
2013,05,12,4,716.02278
2013,05,12,5,716.12504
2013,05,12,6,716.55549
2013,05,12,7,717.01069
2013,05,13,0,717.13579
2013,05,13,1,717.16135
2013,05,13,2,717.11385
2013,05,13,3,717.31354
2013,05,13,4,717.57916
2013,05,13,5,717.96142
2013,05,13,6,718.68111
2013,05,13,7,719.3032
2013,05,14,0,719.74389
2013,05,14,1,719.85993
2013,05,14,2,720.16646
2013,05,14,3,720.58444
2013,05,14,4,720.90467
2013,05,14,5,720.70864
2013,05,14,6,720.92284
2013,05,14,7,721.24635
2013,05,15,0,720.89319
2013,05,15,1,720.20869
2013,05,15,2,719.85161
2013,05,15,3,719.51955
2013,05,15,4,718.67225
2013,05,15,5,717.46665
2013,05,15,6,716.97079
2013,05,15,7,716.55119
2013,05,16,0,716.19834
2013,05,16,1,715.25683
2013,05,16,2,714.34076
2013,05,16,3,714.01971
2013,05,16,4,713.50294
2013,05,16,5,713.06025
2013,05,16,6,712.98365
2013,05,16,7,712.8134
2013,05,17,0,712.61722
2013,05,17,1,712.28289
2013,05,17,2,712.05269
2013,05,17,3,712.14568
2013,05,17,4,712.70961
2013,05,17,5,713.20487
2013,05,17,6,713.57104
2013,05,17,7,714.42277
2013,05,18,0,714.65291
2013,05,18,1,714.55784
2013,05,18,2,715.17384
2013,05,18,3,716.06643
2013,05,18,4,716.39361
2013,05,18,5,716.54812
2013,05,18,6,717.30292
2013,05,18,7,717.96243
2013,05,19,0,718.27139
2013,05,19,1,718.52149
2013,05,19,2,718.87953
2013,05,19,3,719.35349
2013,05,19,4,719.84935
2013,05,19,5,720.26317
2013,05,19,6,720.44417
2013,05,19,7,720.84901
2013,05,20,0,722.03297
2013,05,20,1,722.51571
2013,05,20,2,722.7343
2013,05,20,3,723.02948
2013,05,20,4,723.09226
2013,05,20,5,722.80252
2013,05,20,6,722.01451
2013,05,20,7,721.02555
2013,05,21,0,721.07102
2013,05,21,1,721.45313
2013,05,21,2,721.86604
2013,05,21,3,720.95003
2013,05,21,4,719.95297
2013,05,21,5,718.62324
2013,05,21,6,717.72817
2013,05,21,7,717.0694
2013,05,22,0,717.23709
2013,05,22,1,717.26703
2013,05,22,2,717.13479
2013,05,22,3,717.14636
2013,05,22,4,717.34474
2013,05,22,5,717.41301
2013,05,22,6,717.41097
2013,05,22,7,717.39448
2013,05,23,0,717.47382
2013,05,23,1,717.65816
2013,05,23,2,717.87228
2013,05,23,3,718.41359
2013,05,23,4,718.82118
2013,05,23,5,719.24411
2013,05,23,6,719.81708
2013,05,23,7,720.36593
2013,05,24,0,720.73049
2013,05,24,1,720.82288
2013,05,24,2,720.87957
2013,05,24,3,720.89907
2013,05,24,4,720.67324
2013,05,24,5,720.32624
2013,05,24,6,719.57
2013,05,24,7,719.15308
2013,05,25,0,718.61716
2013,05,25,1,717.76999
2013,05,25,2,717.18176
2013,05,25,3,716.76805
2013,05,25,4,716.22431
2013,05,25,5,715.8822
2013,05,25,6,715.44805
2013,05,25,7,715.31051
2013,05,26,0,714.43702
2013,05,26,1,713.00943
2013,05,26,2,712.3254
2013,05,26,3,712.33976
2013,05,26,4,712.15614
2013,05,26,5,712.48415
2013,05,26,6,713.12201
2013,05,26,7,713.77289
2013,05,27,0,714.04634
2013,05,27,1,713.96983
2013,05,27,2,714.16447
2013,05,27,3,714.79194
2013,05,27,4,715.60555
2013,05,27,5,715.80831
2013,05,27,6,716.96985
2013,05,27,7,718.39584
2013,05,28,0,718.54521
2013,05,28,1,717.94204
2013,05,28,2,718.50561
2013,05,28,3,719.30236
2013,05,28,4,719.16964
2013,05,28,5,718.59705
2013,05,28,6,718.56618
2013,05,28,7,718.6829
2013,05,1,0,718.09234
2013,05,1,1,717.04221
2013,05,1,2,716.38554
2013,05,1,3,716.03028
2013,05,1,4,715.53076
2013,05,1,5,714.84567
2013,05,1,6,714.50098
2013,05,1,7,714.30845
2013,05,2,0,714.06885
2013,05,2,1,713.56208
2013,05,2,2,713.49759
2013,05,2,3,713.60207
2013,05,2,4,713.6366
2013,05,2,5,713.56428
2013,05,2,6,713.85562
2013,05,2,7,714.40845
2013,05,3,0,714.85154
2013,05,3,1,715.13573
2013,05,3,2,715.5917
2013,05,3,3,715.91421
2013,05,3,4,716.81564
2013,05,3,5,717.59311
2013,05,3,6,717.6808
2013,05,3,7,717.50838
2013,05,4,0,717.32217
2013,05,4,1,716.75876
2013,05,4,2,716.27508
2013,05,4,3,715.69148
2013,05,4,4,715.10309
2013,05,4,5,714.26926
2013,05,4,6,713.4787
2013,05,4,7,712.67996
2013,05,5,0,711.91444
2013,05,5,1,710.93123
2013,05,5,2,709.57718
2013,05,5,3,708.65041
2013,05,5,4,708.48904
2013,05,5,5,708.22606
2013,05,5,6,708.56878
2013,05,5,7,709.31505
2013,05,6,0,709.55497
2013,05,6,1,709.41601
2013,05,6,2,710.24628
2013,05,6,3,711.64475
2013,05,6,4,712.97286
2013,05,6,5,713.84466
2013,05,6,6,714.95449
2013,05,6,7,716.05725
2013,05,7,0,716.57684
2013,05,7,1,716.85132
2013,05,7,2,717.78104
2013,05,7,3,718.44105
2013,05,7,4,718.45698
2013,05,7,5,718.43417
2013,05,7,6,718.75809
2013,05,7,7,718.73378
2013,05,8,0,718.37825
2013,05,8,1,717.84625
2013,05,8,2,717.72391
2013,05,8,3,717.48162
2013,05,8,4,717.50039
2013,05,8,5,717.77273
2013,05,8,6,717.91012
2013,05,8,7,717.79394
2013,05,9,0,718.133
2013,05,9,1,718.43547
2013,05,9,2,718.64712
2013,05,9,3,718.42504
2013,05,9,4,718.59651
2013,05,9,5,718.78597
2013,05,9,6,719.21785
2013,05,9,7,719.50721
2013,05,10,0,719.82018
2013,05,10,1,720.14934
2013,05,10,2,720.32898
2013,05,10,3,720.17491
2013,05,10,4,719.86015
2013,05,10,5,719.22327
2013,05,10,6,719.04787
2013,05,10,7,719.23547
2013,05,11,0,719.39825
2013,05,11,1,719.33685
2013,05,11,2,720.18167
2013,05,11,3,720.83057
2013,05,11,4,721.03628
2013,05,11,5,720.93244
2013,05,11,6,719.91786
2013,05,11,7,719.72524
2013,05,12,0,720.21561
2013,05,12,1,719.87534
2013,05,12,2,719.93035
2013,05,12,3,719.88476
2013,05,12,4,719.41458
2013,05,12,5,719.13853
2013,05,12,6,719.04908
2013,05,12,7,718.70697
2013,05,13,0,718.50007
2013,05,13,1,717.4791
2013,05,13,2,717.08512
2013,05,13,3,717.06016
2013,05,13,4,716.76367
2013,05,13,5,716.42002
2013,05,13,6,716.34985
2013,05,13,7,716.7557
2013,05,14,0,716.95893
2013,05,14,1,716.67496
2013,05,14,2,717.19648
2013,05,14,3,717.54612
2013,05,14,4,717.97737
2013,05,14,5,717.64431
2013,05,14,6,716.9174
2013,05,14,7,716.37642
2013,05,15,0,715.66829
2013,05,15,1,714.92607
2013,05,15,2,715.3848
2013,05,15,3,715.25762
2013,05,15,4,714.41241
2013,05,15,5,713.79732
2013,05,15,6,713.95507
2013,05,15,7,714.29733
2013,05,16,0,714.60276
2013,05,16,1,714.75693
2013,05,16,2,715.0186
2013,05,16,3,714.9313
2013,05,16,4,715.1465
2013,05,16,5,715.09608
2013,05,16,6,715.68661
2013,05,16,7,716.15862
2013,05,17,0,716.02226
2013,05,17,1,715.97673
2013,05,17,2,716.0543
2013,05,17,3,715.95347
2013,05,17,4,715.8979
2013,05,17,5,715.63307
2013,05,17,6,715.84054
2013,05,17,7,716.22758
2013,05,18,0,716.77353
2013,05,18,1,717.00855
2013,05,18,2,717.08952
2013,05,18,3,717.29008
2013,05,18,4,718.15264
2013,05,18,5,718.10681
2013,05,18,6,717.48754
2013,05,18,7,716.83804
2013,05,19,0,715.5446
2013,05,19,1,713.92048
2013,05,19,2,712.74721
2013,05,19,3,711.54616
2013,05,19,4,711.07814
2013,05,19,5,710.21668
2013,05,19,6,709.11083
2013,05,19,7,708.19935
2013,05,20,0,707.33184
2013,05,20,1,706.74528
2013,05,20,2,706.32903
2013,05,20,3,706.06958
2013,05,20,4,706.25092
2013,05,20,5,706.39695
2013,05,20,6,706.10361
2013,05,20,7,706.1053
2013,05,21,0,706.87056
2013,05,21,1,707.37294
2013,05,21,2,707.90573
2013,05,21,3,708.5317
2013,05,21,4,709.31496
2013,05,21,5,709.80993
2013,05,21,6,710.08606
2013,05,21,7,710.46473
2013,05,22,0,710.38534
2013,05,22,1,709.90398
2013,05,22,2,710.40085
2013,05,22,3,710.67815
2013,05,22,4,710.85456
2013,05,22,5,711.08036
2013,05,22,6,711.06476
2013,05,22,7,711.01738
2013,05,23,0,711.1209
2013,05,23,1,710.96368
2013,05,23,2,710.69028
2013,05,23,3,710.19044
2013,05,23,4,710.3789
2013,05,23,5,710.49984
2013,05,23,6,710.31994
2013,05,23,7,710.17797
2013,05,24,0,710.07655
2013,05,24,1,709.3707
2013,05,24,2,708.67779
2013,05,24,3,707.90658
2013,05,24,4,707.35989
2013,05,24,5,706.82113
2013,05,24,6,706.4872
2013,05,24,7,706.186
2013,05,25,0,705.87586
2013,05,25,1,705.62397
2013,05,25,2,705.89624
2013,05,25,3,706.4334
2013,05,25,4,707.2515
2013,05,25,5,707.66525
2013,05,25,6,708.79952
2013,05,25,7,709.80695
2013,05,26,0,710.48653
2013,05,26,1,711.0486
2013,05,26,2,711.12983
2013,05,26,3,711.21939
2013,05,26,4,711.77643
2013,05,26,5,711.70249
2013,05,26,6,712.15071
2013,05,26,7,712.30024
2013,05,27,0,711.54431
2013,05,27,1,710.26206
2013,05,27,2,709.49763
2013,05,27,3,708.53753
2013,05,27,4,708.92233
2013,05,27,5,709.61878
2013,05,27,6,710.3623
2013,05,27,7,710.91337
2013,05,28,0,711.22779
2013,05,28,1,710.82841
2013,05,28,2,710.59292
2013,05,28,3,710.11074
2013,05,28,4,710.06085
2013,05,28,5,710.07452
2013,05,28,6,710.33602
2013,05,28,7,710.98785
2013,05,29,0,711.82045
2013,05,29,1,712.5343
2013,05,29,2,713.5756
2013,05,29,3,714.33688
2013,05,29,4,714.25731
2013,05,29,5,714.09939
2013,05,29,6,714.03007
2013,05,29,7,714.24886
2013,05,30,0,713.9913
2013,05,30,1,713.2043
2013,05,30,2,713.21424
2013,05,30,3,713.45645
2013,05,30,4,713.07731
2013,05,30,5,712.52766
2013,05,30,6,711.93562
2013,05,30,7,711.2937
2013,05,31,0,709.62114
2013,05,31,1,708.39685
2013,05,31,2,708.74378
2013,05,31,3,708.49076
2013,05,31,4,707.93523
2013,05,31,5,707.15955
2013,05,31,6,705.84053
2013,05,31,7,704.87138
2013,05,1,0,704.72664
2013,05,1,1,704.22288
2013,05,1,2,704.24416
2013,05,1,3,704.24838
2013,05,1,4,704.51379
2013,05,1,5,705.10188
2013,05,1,6,705.23492
2013,05,1,7,705.3783
2013,05,2,0,705.653
2013,05,2,1,705.74366
2013,05,2,2,705.54442
2013,05,2,3,705.56909
2013,05,2,4,705.73475
2013,05,2,5,705.73613
2013,05,2,6,706.00178
2013,05,2,7,706.27291
2013,05,3,0,706.58268
2013,05,3,1,706.97641
2013,05,3,2,707.30595
2013,05,3,3,708.40375
2013,05,3,4,709.1338
2013,05,3,5,709.91122
2013,05,3,6,710.61722
2013,05,3,7,711.40682
2013,05,4,0,712.20948
2013,05,4,1,712.13248
2013,05,4,2,712.25408
2013,05,4,3,712.3828
2013,05,4,4,712.14318
2013,05,4,5,711.58645
2013,05,4,6,710.91374
2013,05,4,7,710.15438
2013,05,5,0,709.07006
2013,05,5,1,707.83964
2013,05,5,2,707.279
2013,05,5,3,706.96208
2013,05,5,4,706.66686
2013,05,5,5,706.7005
2013,05,5,6,707.18738
2013,05,5,7,707.99001
2013,05,6,0,708.56214
2013,05,6,1,709.1009
2013,05,6,2,710.5833
2013,05,6,3,712.19382
2013,05,6,4,712.81097
2013,05,6,5,713.29597
2013,05,6,6,714.06047
2013,05,6,7,715.48924
2013,05,7,0,716.88155
2013,05,7,1,717.7618
2013,05,7,2,718.87007
2013,05,7,3,720.06738
2013,05,7,4,720.74712
2013,05,7,5,721.42313
2013,05,7,6,722.74013
2013,05,7,7,723.71666
2013,05,8,0,723.93335
2013,05,8,1,723.52676
2013,05,8,2,723.39535
2013,05,8,3,722.9334
2013,05,8,4,722.62107
2013,05,8,5,722.35233
2013,05,8,6,721.10668
2013,05,8,7,719.77158
2013,05,9,0,717.90424
2013,05,9,1,715.86569
2013,05,9,2,713.70032
2013,05,9,3,712.41898
2013,05,9,4,712.66147
2013,05,9,5,712.62727
2013,05,9,6,713.61112
2013,05,9,7,714.27319
2013,05,10,0,714.3017
2013,05,10,1,714.50938
2013,05,10,2,715.63538
2013,05,10,3,716.65986
2013,05,10,4,717.63058
2013,05,10,5,718.0607
2013,05,10,6,717.50606
2013,05,10,7,716.94251
2013,05,11,0,715.53451
2013,05,11,1,714.18359
2013,05,11,2,713.91829
2013,05,11,3,713.86986
2013,05,11,4,714.12416
2013,05,11,5,713.91757
2013,05,11,6,714.12773
2013,05,11,7,714.48976
2013,05,12,0,714.55246
2013,05,12,1,714.5171
2013,05,12,2,713.92367
2013,05,12,3,713.04334
2013,05,12,4,712.48053
2013,05,12,5,711.75031
2013,05,12,6,711.18876
2013,05,12,7,710.67515
2013,05,13,0,710.2521
2013,05,13,1,709.94778
2013,05,13,2,710.02789
2013,05,13,3,709.96203
2013,05,13,4,710.2245
2013,05,13,5,710.47887
2013,05,13,6,711.03644
2013,05,13,7,711.33909
2013,05,14,0,710.85665
2013,05,14,1,710.17731
2013,05,14,2,710.72369
2013,05,14,3,711.24095
2013,05,14,4,711.58513
2013,05,14,5,712.22967
2013,05,14,6,712.7153
2013,05,14,7,713.2113
2013,05,15,0,713.87193
2013,05,15,1,714.14718
2013,05,15,2,714.975
2013,05,15,3,715.77867
2013,05,15,4,716.10744
2013,05,15,5,716.46843
2013,05,15,6,717.50816
2013,05,15,7,717.72471
2013,05,16,0,717.62148
2013,05,16,1,716.99821
2013,05,16,2,716.15838
2013,05,16,3,715.14573
2013,05,16,4,714.37752
2013,05,16,5,713.66054
2013,05,16,6,712.53116
2013,05,16,7,711.46833
2013,05,17,0,710.41958
2013,05,17,1,710.52573
2013,05,17,2,711.63013
2013,05,17,3,713.37506
2013,05,17,4,714.94363
2013,05,17,5,716.41471
2013,05,17,6,718.37762
2013,05,17,7,719.45799
2013,05,18,0,718.34048
2013,05,18,1,716.73955
2013,05,18,2,716.82604
2013,05,18,3,717.17361
2013,05,18,4,717.48477
2013,05,18,5,717.15358
2013,05,18,6,716.4877
2013,05,18,7,716.04175
2013,05,19,0,714.94285
2013,05,19,1,713.8492
2013,05,19,2,713.09052
2013,05,19,3,712.1529
2013,05,19,4,710.69067
2013,05,19,5,709.38219
2013,05,19,6,709.12357
2013,05,19,7,709.68549
2013,05,20,0,709.24629
2013,05,20,1,708.97575
2013,05,20,2,709.99598
2013,05,20,3,710.73299
2013,05,20,4,711.3285
2013,05,20,5,711.96039
2013,05,20,6,713.11598
2013,05,20,7,714.41172
2013,05,21,0,715.04017
2013,05,21,1,715.27995
2013,05,21,2,715.60619
2013,05,21,3,715.91258
2013,05,21,4,716.42143
2013,05,21,5,716.53304
2013,05,21,6,715.95316
2013,05,21,7,715.72254
2013,05,22,0,715.115
2013,05,22,1,714.39891
2013,05,22,2,714.27653
2013,05,22,3,714.23284
2013,05,22,4,713.82031
2013,05,22,5,713.29157
2013,05,22,6,712.8238
2013,05,22,7,712.3792
2013,05,23,0,711.95794
2013,05,23,1,711.60329
2013,05,23,2,711.17963
2013,05,23,3,711.22341
2013,05,23,4,711.11624
2013,05,23,5,711.41509
2013,05,23,6,712.10545
2013,05,23,7,712.79465
2013,05,24,0,713.6328
2013,05,24,1,714.58908
2013,05,24,2,715.44769
2013,05,24,3,716.01793
2013,05,24,4,716.21482
2013,05,24,5,716.25142
2013,05,24,6,715.91187
2013,05,24,7,715.63347
2013,05,25,0,715.36962
2013,05,25,1,714.6939
2013,05,25,2,714.42138
2013,05,25,3,714.12041
2013,05,25,4,713.04639
2013,05,25,5,712.12146
2013,05,25,6,711.52494
2013,05,25,7,711.35901
2013,05,26,0,711.39219
2013,05,26,1,711.7501
2013,05,26,2,712.25818
2013,05,26,3,712.99022
2013,05,26,4,712.50029
2013,05,26,5,712.06633
2013,05,26,6,711.97356
2013,05,26,7,711.85525
2013,05,27,0,711.62753
2013,05,27,1,711.14265
2013,05,27,2,711.47766
2013,05,27,3,712.34098
2013,05,27,4,713.19246
2013,05,27,5,713.87248
2013,05,27,6,714.27847
2013,05,27,7,714.56609
2013,05,28,0,714.69399
2013,05,28,1,714.64803
2013,05,28,2,715.25733
2013,05,28,3,716.45853
2013,05,28,4,716.75205
2013,05,28,5,716.9692
2013,05,28,6,717.27767
2013,05,28,7,717.53982
2013,05,29,0,718.24998
2013,05,29,1,718.42005
2013,05,29,2,718.96955
2013,05,29,3,719.52332
2013,05,29,4,719.77626
2013,05,29,5,720.24436
2013,05,29,6,720.34443
2013,05,29,7,720.88298
2013,05,30,0,721.02552
2013,05,30,1,720.87154
2013,05,30,2,721.07877
2013,05,30,3,721.28823
2013,05,30,4,721.3017
2013,05,30,5,721.34747
2013,05,30,6,720.94321
2013,05,30,7,720.88283
2013,05,1,0,720.93663
2013,05,1,1,720.59179
2013,05,1,2,720.55981
2013,05,1,3,720.24663
2013,05,1,4,718.93287
2013,05,1,5,717.79251
2013,05,1,6,717.42748
2013,05,1,7,716.92696
2013,05,2,0,716.36037
2013,05,2,1,715.41483
2013,05,2,2,715.33055
2013,05,2,3,715.44178
2013,05,2,4,714.62714
2013,05,2,5,714.26413
2013,05,2,6,714.26793
2013,05,2,7,714.55481
2013,05,3,0,714.58099
2013,05,3,1,714.74467
2013,05,3,2,714.80773
2013,05,3,3,714.70118
2013,05,3,4,714.44919
2013,05,3,5,714.11429
2013,05,3,6,714.07859
2013,05,3,7,714.01404
2013,05,4,0,713.65609
2013,05,4,1,712.87767
2013,05,4,2,712.37838
2013,05,4,3,711.80519
2013,05,4,4,710.91082
2013,05,4,5,710.24744
2013,05,4,6,710.0152
2013,05,4,7,710.0377
2013,05,5,0,709.41042
2013,05,5,1,708.72457
2013,05,5,2,709.08545
2013,05,5,3,709.50805
2013,05,5,4,709.62503
2013,05,5,5,709.82225
2013,05,5,6,710.1517
2013,05,5,7,710.75869
2013,05,6,0,710.69491
2013,05,6,1,710.28444
2013,05,6,2,710.36707
2013,05,6,3,710.75703
2013,05,6,4,710.89498
2013,05,6,5,710.77292
2013,05,6,6,711.05897
2013,05,6,7,711.21394
2013,05,7,0,711.21117
2013,05,7,1,711.00357
2013,05,7,2,710.86273
2013,05,7,3,711.26751
2013,05,7,4,711.6281
2013,05,7,5,712.046
2013,05,7,6,711.7792
2013,05,7,7,712.25007
2013,05,8,0,712.93405
2013,05,8,1,713.65801
2013,05,8,2,713.77283
2013,05,8,3,714.03609
2013,05,8,4,714.27164
2013,05,8,5,714.17423
2013,05,8,6,713.73627
2013,05,8,7,713.3292
2013,05,9,0,712.44909
2013,05,9,1,711.11218
2013,05,9,2,710.19916
2013,05,9,3,709.35495
2013,05,9,4,708.57695
2013,05,9,5,708.18063
2013,05,9,6,706.94701
2013,05,9,7,705.39581
2013,05,10,0,705.00225
2013,05,10,1,704.62551
2013,05,10,2,704.59601
2013,05,10,3,705.15025
2013,05,10,4,705.61908
2013,05,10,5,706.1457
2013,05,10,6,707.00293
2013,05,10,7,707.91791
2013,05,11,0,708.81332
2013,05,11,1,709.51524
2013,05,11,2,710.01465
2013,05,11,3,710.45656
2013,05,11,4,711.31459
2013,05,11,5,711.98136
2013,05,11,6,711.92329
2013,05,11,7,712.01252
2013,05,12,0,712.31241
2013,05,12,1,711.90133
2013,05,12,2,712.07041
2013,05,12,3,712.1353
2013,05,12,4,711.29034
2013,05,12,5,710.16237
2013,05,12,6,710.11014
2013,05,12,7,711.17132
2013,05,13,0,712.02252
2013,05,13,1,712.26621
2013,05,13,2,713.55199
2013,05,13,3,715.00833
2013,05,13,4,716.52769
2013,05,13,5,717.49991
2013,05,13,6,718.36137
2013,05,13,7,718.62134
2013,05,14,0,718.18904
2013,05,14,1,717.73728
2013,05,14,2,717.75705
2013,05,14,3,717.62737
2013,05,14,4,716.48448
2013,05,14,5,715.91629
2013,05,14,6,715.63393
2013,05,14,7,714.86379
2013,05,15,0,714.60177
2013,05,15,1,714.18551
2013,05,15,2,714.35804
2013,05,15,3,714.23982
2013,05,15,4,714.20173
2013,05,15,5,714.58374
2013,05,15,6,714.92739
2013,05,15,7,715.24897
2013,05,16,0,715.15956
2013,05,16,1,715.34018
2013,05,16,2,715.28212
2013,05,16,3,714.88677
2013,05,16,4,714.27017
2013,05,16,5,713.7464
2013,05,16,6,713.56496
2013,05,16,7,713.3808
2013,05,17,0,713.63726
2013,05,17,1,714.11311
2013,05,17,2,714.98289
2013,05,17,3,715.39812
2013,05,17,4,715.33223
2013,05,17,5,715.26632
2013,05,17,6,715.48137
2013,05,17,7,715.5094
2013,05,18,0,715.42265
2013,05,18,1,715.36213
2013,05,18,2,715.39042
2013,05,18,3,715.44404
2013,05,18,4,715.17454
2013,05,18,5,714.78014
2013,05,18,6,714.39977
2013,05,18,7,714.20289
2013,05,19,0,714.55182
2013,05,19,1,715.17524
2013,05,19,2,715.47935
2013,05,19,3,715.55542
2013,05,19,4,715.62537
2013,05,19,5,715.88391
2013,05,19,6,716.54719
2013,05,19,7,716.7822
2013,05,20,0,716.75982
2013,05,20,1,716.63076
2013,05,20,2,715.78943
2013,05,20,3,714.8416
2013,05,20,4,713.62471
2013,05,20,5,711.97579
2013,05,20,6,711.12364
2013,05,20,7,711.13332
2013,05,21,0,711.08864
2013,05,21,1,710.71198
2013,05,21,2,710.59233
2013,05,21,3,710.6375
2013,05,21,4,710.64409
2013,05,21,5,710.88859
2013,05,21,6,711.10345
2013,05,21,7,711.42012
2013,05,22,0,711.76112
2013,05,22,1,712.07122
2013,05,22,2,712.04018
2013,05,22,3,712.07504
2013,05,22,4,711.38094
2013,05,22,5,710.98022
2013,05,22,6,711.40414
2013,05,22,7,711.558
2013,05,23,0,712.25878
2013,05,23,1,713.21129
2013,05,23,2,713.53702
2013,05,23,3,713.82601
2013,05,23,4,713.38616
2013,05,23,5,713.65332
2013,05,23,6,715.11212
2013,05,23,7,716.23421
2013,05,24,0,716.59551
2013,05,24,1,717.40327
2013,05,24,2,717.89489
2013,05,24,3,717.83607
2013,05,24,4,717.05634
2013,05,24,5,716.10965
2013,05,24,6,715.42787
2013,05,24,7,714.92494
2013,05,25,0,714.23536
2013,05,25,1,713.49955
2013,05,25,2,713.59098
2013,05,25,3,713.14147
2013,05,25,4,711.82952
2013,05,25,5,711.62759
2013,05,25,6,711.48848
2013,05,25,7,711.2472
2013,05,26,0,710.48433
2013,05,26,1,710.15673
2013,05,26,2,710.59486
2013,05,26,3,710.81283
2013,05,26,4,711.06793
2013,05,26,5,711.28874
2013,05,26,6,711.38016
2013,05,26,7,711.2327
2013,05,27,0,711.20097
2013,05,27,1,711.26176
2013,05,27,2,711.32467
2013,05,27,3,711.56942
2013,05,27,4,712.48719
2013,05,27,5,712.9278
2013,05,27,6,713.24716
2013,05,27,7,713.61215
2013,05,28,0,713.11279
2013,05,28,1,712.60108
2013,05,28,2,712.08561
2013,05,28,3,711.4586
2013,05,28,4,711.21992
2013,05,28,5,711.66026
2013,05,28,6,712.32563
2013,05,28,7,713.08674
2013,05,29,0,714.02067
2013,05,29,1,714.84512
2013,05,29,2,715.33695
2013,05,29,3,715.69481
2013,05,29,4,715.84627
2013,05,29,5,716.39689
2013,05,29,6,716.93503
2013,05,29,7,717.27568
2013,05,30,0,717.81333
2013,05,30,1,718.29938
2013,05,30,2,718.89282
2013,05,30,3,719.19924
2013,05,30,4,718.50894
2013,05,30,5,717.61981
2013,05,30,6,718.27979
2013,05,30,7,718.79014
2013,05,31,0,717.49229
2013,05,31,1,716.42496
2013,05,31,2,716.18305
2013,05,31,3,716.23864
2013,05,31,4,716.46408
2013,05,31,5,716.93619
2013,05,31,6,718.28458
2013,05,31,7,719.28297
2013,05,1,0,718.9433
2013,05,1,1,717.40439
2013,05,1,2,716.94714
2013,05,1,3,716.6193
2013,05,1,4,715.80539
2013,05,1,5,715.46932
2013,05,1,6,714.42416
2013,05,1,7,712.65412
2013,05,2,0,710.53337
2013,05,2,1,709.47093
2013,05,2,2,708.42231
2013,05,2,3,708.11198
2013,05,2,4,709.28946
2013,05,2,5,710.03166
2013,05,2,6,710.37012
2013,05,2,7,711.65698
2013,05,3,0,714.13279
2013,05,3,1,715.72206
2013,05,3,2,717.04066
2013,05,3,3,717.24026
2013,05,3,4,716.37974
2013,05,3,5,715.16046
2013,05,3,6,713.97603
2013,05,3,7,713.16015
2013,05,4,0,712.49518
2013,05,4,1,711.86424
2013,05,4,2,710.81071
2013,05,4,3,709.78153
2013,05,4,4,710.21938
2013,05,4,5,710.84248
2013,05,4,6,710.9819
2013,05,4,7,711.11397
2013,05,5,0,711.35696
2013,05,5,1,711.14911
2013,05,5,2,710.86337
2013,05,5,3,710.43216
2013,05,5,4,710.11816
2013,05,5,5,709.67641
2013,05,5,6,709.16841
2013,05,5,7,708.77259
2013,05,6,0,708.02842
2013,05,6,1,707.06598
2013,05,6,2,706.16089
2013,05,6,3,705.49865
2013,05,6,4,705.44858
2013,05,6,5,705.60005
2013,05,6,6,705.99744
2013,05,6,7,706.52329
2013,05,7,0,706.74066
2013,05,7,1,706.81652
2013,05,7,2,707.19235
2013,05,7,3,707.72499
2013,05,7,4,708.14432
2013,05,7,5,708.99158
2013,05,7,6,709.91058
2013,05,7,7,710.84006
2013,05,8,0,711.27401
2013,05,8,1,711.4955
2013,05,8,2,711.96163
2013,05,8,3,712.57031
2013,05,8,4,713.21157
2013,05,8,5,714.00315
2013,05,8,6,714.90984
2013,05,8,7,715.58567
2013,05,9,0,715.88772
2013,05,9,1,715.88557
2013,05,9,2,715.84726
2013,05,9,3,715.88529
2013,05,9,4,715.90841
2013,05,9,5,716.54959
2013,05,9,6,716.94974
2013,05,9,7,717.09971
2013,05,10,0,717.16695
2013,05,10,1,716.95538
2013,05,10,2,717.50773
2013,05,10,3,718.38291
2013,05,10,4,718.80547
2013,05,10,5,718.93184
2013,05,10,6,718.80573
2013,05,10,7,718.7381
2013,05,11,0,718.62864
2013,05,11,1,718.54898
2013,05,11,2,718.58289
2013,05,11,3,718.51375
2013,05,11,4,719.45024
2013,05,11,5,720.03077
2013,05,11,6,719.80103
2013,05,11,7,719.36562
2013,05,12,0,718.13325
2013,05,12,1,717.40584
2013,05,12,2,717.82213
2013,05,12,3,718.57596
2013,05,12,4,718.5599
2013,05,12,5,718.6351
2013,05,12,6,719.00588
2013,05,12,7,719.08618
2013,05,13,0,718.83583
2013,05,13,1,720.02628
2013,05,13,2,721.66119
2013,05,13,3,723.48173
2013,05,13,4,725.4223
2013,05,13,5,726.38745
2013,05,13,6,726.51588
2013,05,13,7,726.68132
2013,05,14,0,726.24855
2013,05,14,1,725.25822
2013,05,14,2,724.52593
2013,05,14,3,724.11575
2013,05,14,4,723.8123
2013,05,14,5,723.9494
2013,05,14,6,724.80673
2013,05,14,7,725.11234
2013,05,15,0,725.39832
2013,05,15,1,725.03541
2013,05,15,2,724.22993
2013,05,15,3,723.24771
2013,05,15,4,721.51811
2013,05,15,5,720.19572
2013,05,15,6,720.44597
2013,05,15,7,721.64802
2013,05,16,0,721.9329
2013,05,16,1,721.28113
2013,05,16,2,722.12114
2013,05,16,3,722.99582
2013,05,16,4,722.78588
2013,05,16,5,722.67443
2013,05,16,6,722.91956
2013,05,16,7,723.60847
2013,05,17,0,724.71253
2013,05,17,1,725.45871
2013,05,17,2,726.0804
2013,05,17,3,725.62734
2013,05,17,4,724.92959
2013,05,17,5,723.50489
2013,05,17,6,726.38835
2013,05,17,7,729.00392
2013,05,18,0,730.74004
2013,05,18,1,732.08554
2013,05,18,2,733.13888
2013,05,18,3,734.61029
2013,05,18,4,735.115
2013,05,18,5,735.06465
2013,05,18,6,734.16035
2013,05,18,7,733.22041
2013,05,19,0,733.21014
2013,05,19,1,732.8932
2013,05,19,2,732.48912
2013,05,19,3,732.96425
2013,05,19,4,733.37407
2013,05,19,5,733.70151
2013,05,19,6,734.03121
2013,05,19,7,734.42282
2013,05,20,0,735.12559
2013,05,20,1,735.27982
2013,05,20,2,735.02122
2013,05,20,3,734.87014
2013,05,20,4,733.51102
2013,05,20,5,731.94311
2013,05,20,6,731.32581
2013,05,20,7,731.20263
2013,05,21,0,730.96381
2013,05,21,1,730.16898
2013,05,21,2,730.33375
2013,05,21,3,729.75039
2013,05,21,4,729.1418
2013,05,21,5,728.78684
2013,05,21,6,727.24299
2013,05,21,7,726.46562
2013,05,22,0,725.95126
2013,05,22,1,725.79158
2013,05,22,2,725.62172
2013,05,22,3,725.56464
2013,05,22,4,725.09874
2013,05,22,5,724.37494
2013,05,22,6,722.84162
2013,05,22,7,722.54098
2013,05,23,0,723.4501
2013,05,23,1,725.34469
2013,05,23,2,726.29674
2013,05,23,3,726.98908
2013,05,23,4,728.97293
2013,05,23,5,730.6712
2013,05,23,6,732.04101
2013,05,23,7,733.14559
2013,05,24,0,733.48004
2013,05,24,1,734.41847
2013,05,24,2,734.21187
2013,05,24,3,733.79494
2013,05,24,4,733.52902
2013,05,24,5,733.24637
2013,05,24,6,732.9562
2013,05,24,7,732.49019
2013,05,25,0,732.07047
2013,05,25,1,731.70218
2013,05,25,2,731.28828
2013,05,25,3,730.63934
2013,05,25,4,730.08027
2013,05,25,5,729.43035
2013,05,25,6,728.7511
2013,05,25,7,728.43537
2013,05,26,0,727.17499
2013,05,26,1,726.12416
2013,05,26,2,725.84798
2013,05,26,3,725.86917
2013,05,26,4,726.24828
2013,05,26,5,726.58423
2013,05,26,6,726.38767
2013,05,26,7,726.24212
2013,05,27,0,726.05313
2013,05,27,1,725.61364
2013,05,27,2,725.6016
2013,05,27,3,725.16433
2013,05,27,4,724.62435
2013,05,27,5,724.14229
2013,05,27,6,723.87689
2013,05,27,7,724.24835
2013,05,28,0,725.20228
2013,05,28,1,725.84041
2013,05,28,2,726.40786
2013,05,28,3,726.76059
2013,05,28,4,727.08173
2013,05,28,5,727.36285
2013,05,28,6,727.66119
2013,05,28,7,728.03258
2013,05,29,0,728.22798
2013,05,29,1,727.91456
2013,05,29,2,727.20925
2013,05,29,3,726.71968
2013,05,29,4,726.68514
2013,05,29,5,725.77799
2013,05,29,6,724.27603
2013,05,29,7,722.57114
2013,05,30,0,720.64028
2013,05,30,1,718.40587
2013,05,30,2,717.23747
2013,05,30,3,716.03903
2013,05,30,4,715.5951
2013,05,30,5,714.95532
2013,05,30,6,714.85171
2013,05,30,7,715.76381
2013,05,1,0,715.85172
2013,05,1,1,716.11143
2013,05,1,2,716.75396
2013,05,1,3,716.80104
2013,05,1,4,717.16186
2013,05,1,5,717.85846
2013,05,1,6,717.88733
2013,05,1,7,717.71012
2013,05,2,0,718.21572
2013,05,2,1,718.15557
2013,05,2,2,718.48548
2013,05,2,3,718.76528
2013,05,2,4,718.4694
2013,05,2,5,717.92432
2013,05,2,6,717.74565
2013,05,2,7,717.29765
2013,05,3,0,716.74285
2013,05,3,1,716.23282
2013,05,3,2,716.48003
2013,05,3,3,716.58811
2013,05,3,4,716.86116
2013,05,3,5,717.30255
2013,05,3,6,717.39668
2013,05,3,7,717.71195
2013,05,4,0,717.88315
2013,05,4,1,718.20106
2013,05,4,2,719.06648
2013,05,4,3,719.72729
2013,05,4,4,720.13892
2013,05,4,5,720.70673
2013,05,4,6,721.58344
2013,05,4,7,722.91223
2013,05,5,0,723.36884
2013,05,5,1,722.18462
2013,05,5,2,722.47204
2013,05,5,3,723.12264
2013,05,5,4,723.43753
2013,05,5,5,723.32526
2013,05,5,6,722.67541
2013,05,5,7,722.08574
2013,05,6,0,721.93083
2013,05,6,1,721.62107
2013,05,6,2,721.57876
2013,05,6,3,722.07641
2013,05,6,4,721.85769
2013,05,6,5,721.95177
2013,05,6,6,722.41334
2013,05,6,7,722.78404
2013,05,7,0,723.03957
2013,05,7,1,723.68257
2013,05,7,2,724.6413
2013,05,7,3,725.30312
2013,05,7,4,725.18711
2013,05,7,5,724.74803
2013,05,7,6,723.83986
2013,05,7,7,722.77838
2013,05,8,0,719.70628
2013,05,8,1,715.66614
2013,05,8,2,712.68246
2013,05,8,3,709.42359
2013,05,8,4,707.3844
2013,05,8,5,707.02145
2013,05,8,6,707.35362
2013,05,8,7,708.54825
2013,05,9,0,710.64775
2013,05,9,1,713.03423
2013,05,9,2,715.73998
2013,05,9,3,718.28312
2013,05,9,4,720.63878
2013,05,9,5,722.55757
2013,05,9,6,723.68942
2013,05,9,7,724.43654
2013,05,10,0,724.71718
2013,05,10,1,724.80487
2013,05,10,2,724.89926
2013,05,10,3,725.17227
2013,05,10,4,725.40168
2013,05,10,5,724.41006
2013,05,10,6,721.3085
2013,05,10,7,717.85102
2013,05,11,0,715.6284
2013,05,11,1,714.54798
2013,05,11,2,713.94595
2013,05,11,3,714.03625
2013,05,11,4,714.30557
2013,05,11,5,714.93481
2013,05,11,6,714.92269
2013,05,11,7,714.84183
2013,05,12,0,714.03716
2013,05,12,1,713.22209
2013,05,12,2,713.29122
2013,05,12,3,713.68687
2013,05,12,4,713.43275
2013,05,12,5,713.16967
2013,05,12,6,713.62025
2013,05,12,7,714.11325
2013,05,13,0,714.30586
2013,05,13,1,714.22599
2013,05,13,2,714.77675
2013,05,13,3,715.41068
2013,05,13,4,715.56885
2013,05,13,5,715.4474
2013,05,13,6,715.09248
2013,05,13,7,714.68326
2013,05,14,0,714.20316
2013,05,14,1,713.34895
2013,05,14,2,712.90303
2013,05,14,3,712.38319
2013,05,14,4,712.08043
2013,05,14,5,711.58733
2013,05,14,6,711.22732
2013,05,14,7,710.86904
2013,05,15,0,710.0169
2013,05,15,1,709.46351
2013,05,15,2,709.0307
2013,05,15,3,708.80692
2013,05,15,4,708.56135
2013,05,15,5,708.19709
2013,05,15,6,708.07234
2013,05,15,7,708.01467
2013,05,16,0,707.79128
2013,05,16,1,707.51723
2013,05,16,2,707.78998
2013,05,16,3,708.05741
2013,05,16,4,708.1194
2013,05,16,5,707.91645
2013,05,16,6,707.53073
2013,05,16,7,707.10954
2013,05,17,0,706.77873
2013,05,17,1,705.97018
2013,05,17,2,705.09351
2013,05,17,3,704.21876
2013,05,17,4,703.4044
2013,05,17,5,702.45721
2013,05,17,6,702.33868
2013,05,17,7,702.53169
2013,05,18,0,702.67887
2013,05,18,1,703.06156
2013,05,18,2,703.94947
2013,05,18,3,705.26183
2013,05,18,4,706.958
2013,05,18,5,708.44843
2013,05,18,6,709.35796
2013,05,18,7,710.23642
2013,05,19,0,710.75967
2013,05,19,1,710.85531
2013,05,19,2,711.2284
2013,05,19,3,711.50648
2013,05,19,4,711.43536
2013,05,19,5,710.90825
2013,05,19,6,709.94658
2013,05,19,7,708.45347
2013,05,20,0,707.50957
2013,05,20,1,706.93154
2013,05,20,2,706.29754
2013,05,20,3,705.82317
2013,05,20,4,705.48736
2013,05,20,5,705.42532
2013,05,20,6,705.47218
2013,05,20,7,705.45327
2013,05,21,0,705.03756
2013,05,21,1,705.17649
2013,05,21,2,705.70835
2013,05,21,3,706.20262
2013,05,21,4,707.03098
2013,05,21,5,707.74908
2013,05,21,6,708.33924
2013,05,21,7,707.90981
2013,05,22,0,707.99022
2013,05,22,1,708.94234
2013,05,22,2,708.65904
2013,05,22,3,709.016
2013,05,22,4,709.69479
2013,05,22,5,709.87833
2013,05,22,6,710.65603
2013,05,22,7,711.30858
2013,05,23,0,712.24532
2013,05,23,1,713.20017
2013,05,23,2,714.1239
2013,05,23,3,715.37648
2013,05,23,4,715.90881
2013,05,23,5,716.333
2013,05,23,6,717.15417
2013,05,23,7,717.80143
2013,05,24,0,717.61255
2013,05,24,1,716.39435
2013,05,24,2,714.97925
2013,05,24,3,712.6055
2013,05,24,4,710.80411
2013,05,24,5,708.89765
2013,05,24,6,708.09095
2013,05,24,7,708.00249
2013,05,25,0,707.18974
2013,05,25,1,707.65872
2013,05,25,2,708.34919
2013,05,25,3,708.42101
2013,05,25,4,708.1307
2013,05,25,5,708.64647
2013,05,25,6,708.79466
2013,05,25,7,709.29604
2013,05,26,0,709.73204
2013,05,26,1,710.13892
2013,05,26,2,711.14602
2013,05,26,3,712.49874
2013,05,26,4,713.43868
2013,05,26,5,713.69215
2013,05,26,6,714.06219
2013,05,26,7,714.9028
2013,05,27,0,715.34498
2013,05,27,1,715.29382
2013,05,27,2,714.7633
2013,05,27,3,714.78603
2013,05,27,4,715.34134
2013,05,27,5,715.59696
2013,05,27,6,715.408
2013,05,27,7,714.98135
2013,05,28,0,713.9074
2013,05,28,1,712.56772
2013,05,28,2,711.18006
2013,05,28,3,709.56112
2013,05,28,4,708.56314
2013,05,28,5,707.74187
2013,05,28,6,706.43296
2013,05,28,7,705.09018
2013,05,29,0,703.47097
2013,05,29,1,702.36797
2013,05,29,2,701.80435
2013,05,29,3,701.67428
2013,05,29,4,702.52995
2013,05,29,5,703.30478
2013,05,29,6,704.03264
2013,05,29,7,704.87426
2013,05,30,0,704.93457
2013,05,30,1,705.11538
2013,05,30,2,705.55036
2013,05,30,3,706.34695
2013,05,30,4,706.6442
2013,05,30,5,707.14431
2013,05,30,6,707.8931
2013,05,30,7,708.68576
2013,05,31,0,709.32772
2013,05,31,1,709.37348
2013,05,31,2,709.5697
2013,05,31,3,710.10713
2013,05,31,4,710.08319
2013,05,31,5,710.20618
2013,05,31,6,710.58229
2013,05,31,7,710.90487
2013,05,1,0,711.25905
2013,05,1,1,711.87553
2013,05,1,2,712.56547
2013,05,1,3,713.0423
2013,05,1,4,712.95861
2013,05,1,5,712.61879
2013,05,1,6,711.6935
2013,05,1,7,711.33432
2013,05,2,0,711.68493
2013,05,2,1,711.29609
2013,05,2,2,711.31968
2013,05,2,3,710.98774
2013,05,2,4,710.85537
2013,05,2,5,710.63282
2013,05,2,6,710.93263
2013,05,2,7,711.689
2013,05,3,0,712.05959
2013,05,3,1,712.56277
2013,05,3,2,712.90921
2013,05,3,3,712.78335
2013,05,3,4,712.53849
2013,05,3,5,711.9633
2013,05,3,6,711.93351
2013,05,3,7,711.50053
2013,05,4,0,709.68229
2013,05,4,1,707.99894
2013,05,4,2,707.27383
2013,05,4,3,706.85991
2013,05,4,4,706.64842
2013,05,4,5,706.76694
2013,05,4,6,706.80699
2013,05,4,7,707.66062
2013,05,5,0,708.9753
2013,05,5,1,709.48234
2013,05,5,2,709.18098
2013,05,5,3,709.60478
2013,05,5,4,709.73759
2013,05,5,5,709.48216
2013,05,5,6,710.13335
2013,05,5,7,710.93546
2013,05,6,0,711.55782
2013,05,6,1,711.97051
2013,05,6,2,712.28402
2013,05,6,3,713.21642
2013,05,6,4,715.29908
2013,05,6,5,716.1596
2013,05,6,6,717.92351
2013,05,6,7,719.58985
2013,05,7,0,719.97515
2013,05,7,1,720.44279
2013,05,7,2,721.59562
2013,05,7,3,722.64021
2013,05,7,4,723.2627
2013,05,7,5,723.46166
2013,05,7,6,723.96975
2013,05,7,7,723.83111
2013,05,8,0,723.04794
2013,05,8,1,723.89076
2013,05,8,2,726.34605
2013,05,8,3,727.80746
2013,05,8,4,727.50923
2013,05,8,5,725.95437
2013,05,8,6,724.83038
2013,05,8,7,724.43092
2013,05,9,0,723.91636
2013,05,9,1,724.7314
2013,05,9,2,725.56086
2013,05,9,3,724.68513
2013,05,9,4,724.89142
2013,05,9,5,726.48075
2013,05,9,6,726.06833
2013,05,9,7,725.53122
2013,05,10,0,725.39089
2013,05,10,1,727.5317
2013,05,10,2,728.6948
2013,05,10,3,729.76796
2013,05,10,4,730.80222
2013,05,10,5,731.35302
2013,05,10,6,731.08305
2013,05,10,7,731.28976
2013,05,11,0,730.96461
2013,05,11,1,731.95461
2013,05,11,2,733.39711
2013,05,11,3,734.91689
2013,05,11,4,736.89474
2013,05,11,5,747.3228
2013,05,11,6,747.93503
2013,05,11,7,748.37946
2013,05,12,0,746.53777
2013,05,12,1,745.10078
2013,05,12,2,736.88453
2013,05,12,3,735.34082
2013,05,12,4,734.74144
2013,05,12,5,734.55458
2013,05,12,6,735.40405
2013,05,12,7,747.45467
2013,05,13,0,748.03753
2013,05,13,1,748.55274
2013,05,13,2,749.71232
2013,05,13,3,751.72622
2013,05,13,4,752.35209
2013,05,13,5,751.7625
2013,05,13,6,752.99478
2013,05,13,7,753.92367
2013,05,14,0,753.42278
2013,05,14,1,752.96109
2013,05,14,2,752.37215
2013,05,14,3,751.07387
2013,05,14,4,749.7739
2013,05,14,5,748.6749
2013,05,14,6,747.72858
2013,05,14,7,746.7823
2013,05,15,0,737.47099
2013,05,15,1,736.06673
2013,05,15,2,735.3182
2013,05,15,3,734.40737
2013,05,15,4,733.90693
2013,05,15,5,733.96033
2013,05,15,6,733.82752
2013,05,15,7,733.60189
2013,05,16,0,733.06653
2013,05,16,1,732.82589
2013,05,16,2,733.08024
2013,05,16,3,733.09602
2013,05,16,4,733.27426
2013,05,16,5,733.67649
2013,05,16,6,734.22024
2013,05,16,7,735.53764
2013,05,17,0,735.19276
2013,05,17,1,733.94909
2013,05,17,2,733.33482
2013,05,17,3,731.98013
2013,05,17,4,730.15339
2013,05,17,5,728.01409
2013,05,17,6,726.40528
2013,05,17,7,725.2321
2013,05,18,0,723.42944
2013,05,18,1,722.10126
2013,05,18,2,722.57165
2013,05,18,3,723.50236
2013,05,18,4,723.86316
2013,05,18,5,723.9376
2013,05,18,6,723.76365
2013,05,18,7,723.85254
2013,05,19,0,723.80453
2013,05,19,1,723.28494
2013,05,19,2,723.05679
2013,05,19,3,722.99848
2013,05,19,4,722.80308
2013,05,19,5,722.69878
2013,05,19,6,722.61649
2013,05,19,7,722.34103
2013,05,20,0,721.59517
2013,05,20,1,721.0274
2013,05,20,2,721.29062
2013,05,20,3,721.37627
2013,05,20,4,721.09992
2013,05,20,5,721.16359
2013,05,20,6,721.46726
2013,05,20,7,721.95708
2013,05,21,0,722.1234
2013,05,21,1,722.53222
2013,05,21,2,723.35212
2013,05,21,3,724.17594
2013,05,21,4,724.04196
2013,05,21,5,723.55733
2013,05,21,6,723.20809
2013,05,21,7,722.36047
2013,05,22,0,721.95779
2013,05,22,1,721.46634
2013,05,22,2,720.41595
2013,05,22,3,719.33898
2013,05,22,4,718.12125
2013,05,22,5,717.40834
2013,05,22,6,716.62916
2013,05,22,7,716.02821
2013,05,23,0,715.35965
2013,05,23,1,714.6586
2013,05,23,2,714.50805
2013,05,23,3,714.30044
2013,05,23,4,714.40051
2013,05,23,5,714.5566
2013,05,23,6,714.19505
2013,05,23,7,713.89919
2013,05,24,0,713.70088
2013,05,24,1,713.77148
2013,05,24,2,712.88139
2013,05,24,3,712.16423
2013,05,24,4,711.45067
2013,05,24,5,710.37712
2013,05,24,6,709.90816
2013,05,24,7,709.66543
2013,05,25,0,709.16426
2013,05,25,1,708.80349
2013,05,25,2,708.47412
2013,05,25,3,708.14794
2013,05,25,4,708.16608
2013,05,25,5,707.99699
2013,05,25,6,707.65246
2013,05,25,7,707.72455
2013,05,26,0,708.02494
2013,05,26,1,708.26792
2013,05,26,2,708.4158
2013,05,26,3,708.3508
2013,05,26,4,707.88782
2013,05,26,5,707.73185
2013,05,26,6,707.6387
2013,05,26,7,707.60286
2013,05,27,0,707.50795
2013,05,27,1,706.6701
2013,05,27,2,705.99841
2013,05,27,3,705.80679
2013,05,27,4,705.32137
2013,05,27,5,704.97041
2013,05,27,6,705.01258
2013,05,27,7,705.36785
2013,05,28,0,705.65385
2013,05,28,1,705.82795
2013,05,28,2,706.37137
2013,05,28,3,707.08972
2013,05,28,4,706.85153
2013,05,28,5,706.77439
2013,05,28,6,707.79181
2013,05,28,7,708.67676
2013,05,29,0,708.56817
2013,05,29,1,708.5636
2013,05,29,2,709.06206
2013,05,29,3,709.58428
2013,05,29,4,709.83655
2013,05,29,5,710.42863
2013,05,29,6,711.4956
2013,05,29,7,712.64636
2013,05,30,0,712.53112
2013,05,30,1,712.93898
2013,05,30,2,713.85599
2013,05,30,3,714.79935
2013,05,30,4,716.8045
2013,05,30,5,718.78069
2013,05,30,6,721.0962
2013,05,30,7,722.84193
2013,05,31,0,721.78907
2013,05,31,1,721.58349
2013,05,31,2,721.27869
2013,05,31,3,720.61847
2013,05,31,4,719.55764
2013,05,31,5,718.30769
2013,05,31,6,717.89175
2013,05,31,7,718.52895
2013,05,1,0,719.71752
2013,05,1,1,720.93657
2013,05,1,2,721.22515
2013,05,1,3,721.49362
2013,05,1,4,721.45048
2013,05,1,5,720.68011
2013,05,1,6,720.83153
2013,05,1,7,721.31068
2013,05,2,0,720.97146
2013,05,2,1,720.42063
2013,05,2,2,720.32737
2013,05,2,3,720.11508
2013,05,2,4,719.66891
2013,05,2,5,719.10468
2013,05,2,6,718.56539
2013,05,2,7,717.69303
2013,05,3,0,716.87427
2013,05,3,1,715.71693
2013,05,3,2,714.82991
2013,05,3,3,713.51046
2013,05,3,4,711.82212
2013,05,3,5,710.81047
2013,05,3,6,709.27448
2013,05,3,7,708.11997
2013,05,4,0,707.62296
2013,05,4,1,706.98832
2013,05,4,2,706.86389
2013,05,4,3,708.04707
2013,05,4,4,708.19554
2013,05,4,5,707.31374
2013,05,4,6,706.89727
2013,05,4,7,706.96194
2013,05,5,0,706.4766
2013,05,5,1,706.11257
2013,05,5,2,706.47589
2013,05,5,3,707.6427
2013,05,5,4,708.27318
2013,05,5,5,708.79512
2013,05,5,6,710.29187
2013,05,5,7,711.38877
2013,05,6,0,712.71915
2013,05,6,1,714.06813
2013,05,6,2,715.23418
2013,05,6,3,715.39082
2013,05,6,4,714.86134
2013,05,6,5,714.31774
2013,05,6,6,714.08844
2013,05,6,7,713.2069
2013,05,7,0,711.37077
2013,05,7,1,710.09702
2013,05,7,2,710.82635
2013,05,7,3,711.81471
2013,05,7,4,712.33852
2013,05,7,5,713.43735
2013,05,7,6,713.98667
2013,05,7,7,714.2955
2013,05,8,0,714.66752
2013,05,8,1,714.98831
2013,05,8,2,716.11276
2013,05,8,3,716.77704
2013,05,8,4,715.30304
2013,05,8,5,714.53076
2013,05,8,6,713.83185
2013,05,8,7,712.32052
2013,05,9,0,710.36497
2013,05,9,1,709.51724
2013,05,9,2,708.97403
2013,05,9,3,707.66723
2013,05,9,4,708.05236
2013,05,9,5,708.32757
2013,05,9,6,708.18068
2013,05,9,7,708.41961
2013,05,10,0,708.9708
2013,05,10,1,709.77226
2013,05,10,2,710.75571
2013,05,10,3,712.27219
2013,05,10,4,713.3189
2013,05,10,5,714.28405
2013,05,10,6,715.47997
2013,05,10,7,716.48786
2013,05,11,0,717.25765
2013,05,11,1,717.10176
2013,05,11,2,715.95015
2013,05,11,3,715.70258
2013,05,11,4,717.56582
2013,05,11,5,718.62795
2013,05,11,6,718.78112
2013,05,11,7,718.90517
2013,05,12,0,718.8645
2013,05,12,1,720.38491
2013,05,12,2,723.40687
2013,05,12,3,724.74521
2013,05,12,4,723.63033
2013,05,12,5,721.63692
2013,05,12,6,721.46191
2013,05,12,7,722.40173
2013,05,13,0,722.58178
2013,05,13,1,722.65029
2013,05,13,2,723.4557
2013,05,13,3,724.55174
2013,05,13,4,725.12638
2013,05,13,5,725.27922
2013,05,13,6,725.42198
2013,05,13,7,725.4051
2013,05,14,0,724.2738
2013,05,14,1,723.60229
2013,05,14,2,723.47965
2013,05,14,3,723.62317
2013,05,14,4,724.08728
2013,05,14,5,724.14404
2013,05,14,6,723.96884
2013,05,14,7,723.82159
2013,05,15,0,723.24633
2013,05,15,1,722.54477
2013,05,15,2,722.44349
2013,05,15,3,723.13699
2013,05,15,4,723.23209
2013,05,15,5,722.78641
2013,05,15,6,722.62455
2013,05,15,7,722.16559
2013,05,16,0,720.90682
2013,05,16,1,720.02975
2013,05,16,2,720.16839
2013,05,16,3,719.98632
2013,05,16,4,719.84471
2013,05,16,5,719.63931
2013,05,16,6,719.28741
2013,05,16,7,719.28378
2013,05,17,0,719.19534
2013,05,17,1,718.83045
2013,05,17,2,719.01448
2013,05,17,3,719.22382
2013,05,17,4,719.34969
2013,05,17,5,719.30342
2013,05,17,6,719.42481
2013,05,17,7,719.42607
2013,05,18,0,719.96175
2013,05,18,1,720.70302
2013,05,18,2,721.52059
2013,05,18,3,721.84958
2013,05,18,4,721.76799
2013,05,18,5,721.77325
2013,05,18,6,722.40898
2013,05,18,7,722.94501
2013,05,19,0,723.14396
2013,05,19,1,723.61609
2013,05,19,2,724.6818
2013,05,19,3,725.30585
2013,05,19,4,726.12787
2013,05,19,5,727.3023
2013,05,19,6,728.26918
2013,05,19,7,728.91242
2013,05,20,0,729.50966
2013,05,20,1,729.47503
2013,05,20,2,729.97408
2013,05,20,3,730.00114
2013,05,20,4,729.98529
2013,05,20,5,729.84766
2013,05,20,6,729.23695
2013,05,20,7,728.57348
2013,05,21,0,727.69334
2013,05,21,1,726.07747
2013,05,21,2,724.94912
2013,05,21,3,723.56237
2013,05,21,4,721.99553
2013,05,21,5,720.70966
2013,05,21,6,720.03578
2013,05,21,7,719.98368
2013,05,22,0,719.5725
2013,05,22,1,719.58151
2013,05,22,2,720.30531
2013,05,22,3,721.21931
2013,05,22,4,721.31841
2013,05,22,5,721.10734
2013,05,22,6,722.03724
2013,05,22,7,723.95184
2013,05,23,0,724.6854
2013,05,23,1,725.01383
2013,05,23,2,725.65601
2013,05,23,3,726.21595
2013,05,23,4,726.23333
2013,05,23,5,725.75074
2013,05,23,6,726.30015
2013,05,23,7,728.33623
2013,05,24,0,728.73469
2013,05,24,1,728.30306
2013,05,24,2,728.26615
2013,05,24,3,728.32671
2013,05,24,4,728.23261
2013,05,24,5,728.02383
2013,05,24,6,728.03594
2013,05,24,7,728.21782
2013,05,25,0,728.87882
2013,05,25,1,728.84594
2013,05,25,2,728.83233
2013,05,25,3,729.19993
2013,05,25,4,730.02073
2013,05,25,5,730.41041
2013,05,25,6,730.85795
2013,05,25,7,731.49227
2013,05,26,0,732.41738
2013,05,26,1,733.07977
2013,05,26,2,733.4614
2013,05,26,3,733.78505
2013,05,26,4,733.52278
2013,05,26,5,733.44893
2013,05,26,6,733.52036
2013,05,26,7,733.22482
2013,05,27,0,732.54192
2013,05,27,1,731.45086
2013,05,27,2,730.93849
2013,05,27,3,729.74969
2013,05,27,4,728.14264
2013,05,27,5,727.15928
2013,05,27,6,725.91915
2013,05,27,7,724.6563
2013,05,28,0,723.85051
2013,05,28,1,723.67843
2013,05,28,2,724.66584
2013,05,28,3,725.30587
2013,05,28,4,725.37084
2013,05,28,5,726.11478
2013,05,28,6,726.69937
2013,05,28,7,726.95884
2013,05,29,0,727.51051
2013,05,29,1,727.89201
2013,05,29,2,728.92556
2013,05,29,3,729.99441
2013,05,29,4,730.39955
2013,05,29,5,730.33121
2013,05,29,6,730.4768
2013,05,29,7,730.116
2013,05,30,0,730.11404
2013,05,30,1,730.00933
2013,05,30,2,729.19642
2013,05,30,3,728.26306
2013,05,30,4,727.83152
2013,05,30,5,727.15193
2013,05,30,6,726.71887
2013,05,30,7,726.38508
2013,05,1,0,725.69364
2013,05,1,1,725.02115
2013,05,1,2,725.01962
2013,05,1,3,724.85227
2013,05,1,4,724.60104
2013,05,1,5,724.02284
2013,05,1,6,723.24033
2013,05,1,7,722.14743
2013,05,2,0,720.6623
2013,05,2,1,719.56904
2013,05,2,2,719.63356
2013,05,2,3,719.3476
2013,05,2,4,719.43064
2013,05,2,5,719.29345
2013,05,2,6,719.44206
2013,05,2,7,719.61941
2013,05,3,0,719.14781
2013,05,3,1,718.83628
2013,05,3,2,719.67999
2013,05,3,3,720.61647
2013,05,3,4,720.83392
2013,05,3,5,721.26514
2013,05,3,6,722.49419
2013,05,3,7,723.6935
2013,05,4,0,724.77065
2013,05,4,1,726.18618
2013,05,4,2,727.85667
2013,05,4,3,729.18277
2013,05,4,4,729.2306
2013,05,4,5,729.3028
2013,05,4,6,729.40481
2013,05,4,7,729.40117
2013,05,5,0,729.03975
2013,05,5,1,728.71773
2013,05,5,2,729.08196
2013,05,5,3,728.90239
2013,05,5,4,727.69661
2013,05,5,5,726.79169
2013,05,5,6,725.97238
2013,05,5,7,725.35814
2013,05,6,0,725.11537
2013,05,6,1,724.24726
2013,05,6,2,723.62457
2013,05,6,3,723.14071
2013,05,6,4,722.83325
2013,05,6,5,722.30666
2013,05,6,6,721.20344
2013,05,6,7,720.1459
2013,05,7,0,720.18332
2013,05,7,1,720.33462
2013,05,7,2,720.2531
2013,05,7,3,720.059
2013,05,7,4,720.48382
2013,05,7,5,720.6529
2013,05,7,6,720.89139
2013,05,7,7,721.20337
2013,05,8,0,720.84247
2013,05,8,1,720.32723
2013,05,8,2,720.62551
2013,05,8,3,720.43297
2013,05,8,4,720.1481
2013,05,8,5,720.02789
2013,05,8,6,719.5339
2013,05,8,7,718.99373
2013,05,9,0,718.95032
2013,05,9,1,718.82638
2013,05,9,2,718.37783
2013,05,9,3,717.84157
2013,05,9,4,717.53112
2013,05,9,5,717.19905
2013,05,9,6,716.88929
2013,05,9,7,716.33779
2013,05,10,0,715.59963
2013,05,10,1,714.82468
2013,05,10,2,714.98334
2013,05,10,3,714.98124
2013,05,10,4,714.08374
2013,05,10,5,713.51414
2013,05,10,6,713.84275
2013,05,10,7,713.95668
2013,05,11,0,713.53314
2013,05,11,1,713.17358
2013,05,11,2,713.0955
2013,05,11,3,713.12836
2013,05,11,4,712.89785
2013,05,11,5,712.79691
2013,05,11,6,713.1851
2013,05,11,7,713.20497
2013,05,12,0,712.76512
2013,05,12,1,712.72844
2013,05,12,2,712.75926
2013,05,12,3,712.55846
2013,05,12,4,712.37946
2013,05,12,5,712.28282
2013,05,12,6,712.35023
2013,05,12,7,712.37851
2013,05,13,0,712.13062
2013,05,13,1,712.24613
2013,05,13,2,712.83954
2013,05,13,3,713.00096
2013,05,13,4,713.12321
2013,05,13,5,713.54902
2013,05,13,6,714.00648
2013,05,13,7,714.44097
2013,05,14,0,715.29392
2013,05,14,1,716.03514
2013,05,14,2,716.40508
2013,05,14,3,716.41467
2013,05,14,4,716.11383
2013,05,14,5,715.88995
2013,05,14,6,716.09246
2013,05,14,7,715.87925
2013,05,15,0,715.84697
2013,05,15,1,715.33124
2013,05,15,2,714.98915
2013,05,15,3,714.89657
2013,05,15,4,714.57049
2013,05,15,5,714.03066
2013,05,15,6,714.87217
2013,05,15,7,715.60411
2013,05,16,0,715.48556
2013,05,16,1,714.88058
2013,05,16,2,714.31735
2013,05,16,3,713.91802
2013,05,16,4,713.97278
2013,05,16,5,714.12375
2013,05,16,6,714.56581
2013,05,16,7,715.02167
2013,05,17,0,715.03021
2013,05,17,1,715.08456
2013,05,17,2,715.49962
2013,05,17,3,716.39367
2013,05,17,4,716.13893
2013,05,17,5,715.71053
2013,05,17,6,715.78939
2013,05,17,7,715.34321
2013,05,18,0,714.56856
2013,05,18,1,712.93169
2013,05,18,2,711.49507
2013,05,18,3,710.92162
2013,05,18,4,710.76025
2013,05,18,5,710.52511
2013,05,18,6,710.73145
2013,05,18,7,711.48198
2013,05,19,0,711.45126
2013,05,19,1,710.70915
2013,05,19,2,710.92007
2013,05,19,3,711.29139
2013,05,19,4,710.94137
2013,05,19,5,710.05311
2013,05,19,6,709.43062
2013,05,19,7,708.90501
2013,05,20,0,708.07215
2013,05,20,1,707.46717
2013,05,20,2,707.32816
2013,05,20,3,707.42396
2013,05,20,4,707.43062
2013,05,20,5,707.41212
2013,05,20,6,707.64063
2013,05,20,7,707.92879
2013,05,21,0,707.89107
2013,05,21,1,708.09277
2013,05,21,2,709.39721
2013,05,21,3,710.72265
2013,05,21,4,711.72413
2013,05,21,5,712.65908
2013,05,21,6,713.46052
2013,05,21,7,714.01944
2013,05,22,0,713.9489
2013,05,22,1,713.21371
2013,05,22,2,712.88295
2013,05,22,3,712.78038
2013,05,22,4,712.58069
2013,05,22,5,711.92489
2013,05,22,6,710.80284
2013,05,22,7,709.87346
2013,05,23,0,709.1203
2013,05,23,1,708.37009
2013,05,23,2,708.24378
2013,05,23,3,707.88218
2013,05,23,4,706.87901
2013,05,23,5,706.45685
2013,05,23,6,706.52465
2013,05,23,7,706.77477
2013,05,24,0,707.623
2013,05,24,1,708.78044
2013,05,24,2,710.23157
2013,05,24,3,711.60177
2013,05,24,4,712.9394
2013,05,24,5,713.74957
2013,05,24,6,714.86875
2013,05,24,7,715.915
2013,05,25,0,716.26362
2013,05,25,1,716.23541
2013,05,25,2,716.58929
2013,05,25,3,716.84654
2013,05,25,4,715.98124
2013,05,25,5,715.01466
2013,05,25,6,715.57982
2013,05,25,7,717.30483
2013,05,26,0,718.49881
2013,05,26,1,718.9042
2013,05,26,2,718.89479
2013,05,26,3,718.73767
2013,05,26,4,719.02254
2013,05,26,5,719.37345
2013,05,26,6,719.37099
2013,05,26,7,719.1001
2013,05,27,0,718.76139
2013,05,27,1,718.50278
2013,05,27,2,718.54196
2013,05,27,3,718.044
2013,05,27,4,717.37532
2013,05,27,5,716.70059
2013,05,27,6,716.21711
2013,05,27,7,715.98948
2013,05,28,0,716.01759
2013,05,28,1,715.68467
2013,05,28,2,715.86819
2013,05,28,3,716.36018
2013,05,28,4,716.97351
2013,05,28,5,717.37189
2013,05,28,6,717.97985
2013,05,28,7,718.82679
2013,05,29,0,718.89668
2013,05,29,1,718.85349
2013,05,29,2,719.21671
2013,05,29,3,719.27319
2013,05,29,4,719.82475
2013,05,29,5,720.26758
2013,05,29,6,720.91969
2013,05,29,7,721.71783
2013,05,30,0,723.10391
2013,05,30,1,724.26616
2013,05,30,2,724.71871
2013,05,30,3,725.06031
2013,05,30,4,726.33785
2013,05,30,5,726.94182
2013,05,30,6,726.53134
2013,05,30,7,726.55575
2013,05,31,0,726.34473
2013,05,31,1,725.91239
2013,05,31,2,725.59716
2013,05,31,3,724.86886
2013,05,31,4,724.41407
2013,05,31,5,723.55919
2013,05,31,6,722.76321
2013,05,31,7,722.23677
2013,05,1,0,721.99578
2013,05,1,1,721.3789
2013,05,1,2,720.32975
2013,05,1,3,719.1604
2013,05,1,4,718.13344
2013,05,1,5,717.02476
2013,05,1,6,716.76014
2013,05,1,7,715.84334
2013,05,2,0,714.43454
2013,05,2,1,713.03302
2013,05,2,2,712.09654
2013,05,2,3,711.7848
2013,05,2,4,711.16957
2013,05,2,5,711.22882
2013,05,2,6,712.46348
2013,05,2,7,713.06538
2013,05,3,0,712.92562
2013,05,3,1,712.28877
2013,05,3,2,712.53726
2013,05,3,3,712.73596
2013,05,3,4,711.70163
2013,05,3,5,710.52403
2013,05,3,6,710.66991
2013,05,3,7,710.71019
2013,05,4,0,710.22165
2013,05,4,1,709.47052
2013,05,4,2,709.08485
2013,05,4,3,708.31272
2013,05,4,4,706.7645
2013,05,4,5,705.88972
2013,05,4,6,705.97444
2013,05,4,7,705.73711
2013,05,5,0,705.19313
2013,05,5,1,704.83276
2013,05,5,2,705.23743
2013,05,5,3,705.63413
2013,05,5,4,705.18179
2013,05,5,5,704.91757
2013,05,5,6,705.16654
2013,05,5,7,705.17652
2013,05,6,0,705.41309
2013,05,6,1,705.58159
2013,05,6,2,707.07312
2013,05,6,3,708.51729
2013,05,6,4,708.43258
2013,05,6,5,708.08086
2013,05,6,6,708.70334
2013,05,6,7,709.13518
2013,05,7,0,710.11594
2013,05,7,1,710.53288
2013,05,7,2,711.22392
2013,05,7,3,711.91376
2013,05,7,4,711.63732
2013,05,7,5,710.74388
2013,05,7,6,711.08289
2013,05,7,7,711.67883
2013,05,8,0,712.2
2013,05,8,1,712.3727
2013,05,8,2,712.99799
2013,05,8,3,713.52802
2013,05,8,4,713.98152
2013,05,8,5,714.35945
2013,05,8,6,714.5742
2013,05,8,7,715.10033
2013,05,9,0,715.68459
2013,05,9,1,714.63093
2013,05,9,2,714.24623
2013,05,9,3,713.95671
2013,05,9,4,713.86095
2013,05,9,5,714.74946
2013,05,9,6,715.58963
2013,05,9,7,716.32143
2013,05,10,0,717.41234
2013,05,10,1,717.7766
2013,05,10,2,718.72454
2013,05,10,3,719.98952
2013,05,10,4,720.54152
2013,05,10,5,720.8135
2013,05,10,6,721.63861
2013,05,10,7,721.70532
2013,05,11,0,721.44277
2013,05,11,1,721.03742
2013,05,11,2,721.47978
2013,05,11,3,721.29163
2013,05,11,4,720.3392
2013,05,11,5,719.33032
2013,05,11,6,718.74842
2013,05,11,7,718.05885
2013,05,12,0,716.60613
2013,05,12,1,715.03237
2013,05,12,2,715.67075
2013,05,12,3,716.97094
2013,05,12,4,717.87994
2013,05,12,5,718.09138
2013,05,12,6,719.33645
2013,05,12,7,720.68037
2013,05,13,0,720.87543
2013,05,13,1,720.03698
2013,05,13,2,719.46617
2013,05,13,3,718.95198
2013,05,13,4,718.38023
2013,05,13,5,717.34358
2013,05,13,6,717.00782
2013,05,13,7,716.97362
2013,05,14,0,717.83558
2013,05,14,1,718.14247
2013,05,14,2,718.60127
2013,05,14,3,719.08166
2013,05,14,4,718.8016
2013,05,14,5,718.66735
2013,05,14,6,719.53695
2013,05,14,7,720.50979
2013,05,15,0,720.49471
2013,05,15,1,720.07387
2013,05,15,2,719.92059
2013,05,15,3,719.25263
2013,05,15,4,718.57111
2013,05,15,5,717.68172
2013,05,15,6,717.39444
2013,05,15,7,717.6862
2013,05,16,0,716.9144
2013,05,16,1,716.05067
2013,05,16,2,715.89854
2013,05,16,3,715.87324
2013,05,16,4,716.09435
2013,05,16,5,716.08854
2013,05,16,6,716.4167
2013,05,16,7,716.81616
2013,05,17,0,716.77792
2013,05,17,1,716.68572
2013,05,17,2,717.22256
2013,05,17,3,717.83671
2013,05,17,4,718.49523
2013,05,17,5,718.8064
2013,05,17,6,719.1051
2013,05,17,7,719.68903
2013,05,18,0,719.60895
2013,05,18,1,719.26595
2013,05,18,2,719.12525
2013,05,18,3,718.53868
2013,05,18,4,717.78352
2013,05,18,5,717.33612
2013,05,18,6,717.47813
2013,05,18,7,717.71851
2013,05,19,0,717.36316
2013,05,19,1,716.36683
2013,05,19,2,714.58909
2013,05,19,3,713.25562
2013,05,19,4,713.2814
2013,05,19,5,713.7699
2013,05,19,6,714.36655
2013,05,19,7,715.25676
2013,05,20,0,715.97279
2013,05,20,1,716.13887
2013,05,20,2,716.56956
2013,05,20,3,716.7052
2013,05,20,4,716.64235
2013,05,20,5,717.05311
2013,05,20,6,718.28099
2013,05,20,7,719.9422
2013,05,21,0,721.28193
2013,05,21,1,722.17152
2013,05,21,2,723.87679
2013,05,21,3,725.23858
2013,05,21,4,726.31418
2013,05,21,5,727.10386
2013,05,21,6,728.21575
2013,05,21,7,728.92673
2013,05,22,0,729.32853
2013,05,22,1,729.214
2013,05,22,2,728.95102
2013,05,22,3,728.5073
2013,05,22,4,728.43355
2013,05,22,5,728.17246
2013,05,22,6,727.7942
2013,05,22,7,727.51467
2013,05,23,0,727.65783
2013,05,23,1,727.58796
2013,05,23,2,727.4754
2013,05,23,3,727.38821
2013,05,23,4,727.45396
2013,05,23,5,727.69661
2013,05,23,6,728.19496
2013,05,23,7,728.69613
2013,05,24,0,728.37448
2013,05,24,1,727.68016
2013,05,24,2,728.0634
2013,05,24,3,728.18495
2013,05,24,4,727.38853
2013,05,24,5,726.26561
2013,05,24,6,725.15246
2013,05,24,7,724.36793
2013,05,25,0,724.77018
2013,05,25,1,724.66805
2013,05,25,2,724.22798
2013,05,25,3,723.99208
2013,05,25,4,723.1414
2013,05,25,5,722.4551
2013,05,25,6,722.57709
2013,05,25,7,722.74926
2013,05,26,0,723.13786
2013,05,26,1,723.39187
2013,05,26,2,723.68447
2013,05,26,3,723.61537
2013,05,26,4,723.82959
2013,05,26,5,724.08604
2013,05,26,6,724.32408
2013,05,26,7,724.49756
2013,05,27,0,724.87677
2013,05,27,1,724.77602
2013,05,27,2,724.61866
2013,05,27,3,724.5241
2013,05,27,4,723.52784
2013,05,27,5,722.81058
2013,05,27,6,722.39348
2013,05,27,7,722.14196
2013,05,28,0,722.59008
2013,05,28,1,722.44364
2013,05,28,2,722.13503
2013,05,28,3,721.92885
2013,05,28,4,722.23486
2013,05,28,5,722.41326
2013,05,28,6,722.66517
2013,05,28,7,722.81652
2013,05,29,0,722.81056
2013,05,29,1,722.86215
2013,05,29,2,722.80345
2013,05,29,3,722.30109
2013,05,29,4,722.3728
2013,05,29,5,722.54558
2013,05,29,6,723.20708
2013,05,29,7,723.77321
2013,05,30,0,723.29067
2013,05,30,1,722.3269
2013,05,30,2,722.7026
2013,05,30,3,723.00314
2013,05,30,4,722.17261
2013,05,30,5,720.83136
2013,05,30,6,720.14393
2013,05,30,7,719.33312
2013,05,1,0,718.70135
2013,05,1,1,718.18296
2013,05,1,2,717.99231
2013,05,1,3,717.74744
2013,05,1,4,717.25015
2013,05,1,5,716.98404
2013,05,1,6,717.94074
2013,05,1,7,718.875
2013,05,2,0,719.07267
2013,05,2,1,718.87188
2013,05,2,2,719.36423
2013,05,2,3,719.25448
2013,05,2,4,718.6995
2013,05,2,5,718.25237
2013,05,2,6,718.88004
2013,05,2,7,719.2768
2013,05,3,0,719.14954
2013,05,3,1,718.67401
2013,05,3,2,718.98303
2013,05,3,3,718.77006
2013,05,3,4,718.23845
2013,05,3,5,717.4416
2013,05,3,6,717.42509
2013,05,3,7,717.37939
2013,05,4,0,716.75808
2013,05,4,1,716.3506
2013,05,4,2,716.07732
2013,05,4,3,715.53506
2013,05,4,4,715.25316
2013,05,4,5,714.87547
2013,05,4,6,714.56884
2013,05,4,7,714.3217
2013,05,5,0,714.40785
2013,05,5,1,714.50919
2013,05,5,2,715.09719
2013,05,5,3,715.62889
2013,05,5,4,716.6202
2013,05,5,5,717.62767
2013,05,5,6,718.79362
2013,05,5,7,719.89682
2013,05,6,0,720.28313
2013,05,6,1,719.41573
2013,05,6,2,719.1689
2013,05,6,3,719.14523
2013,05,6,4,718.5227
2013,05,6,5,717.44553
2013,05,6,6,717.21817
2013,05,6,7,716.93905
2013,05,7,0,716.31744
2013,05,7,1,715.81007
2013,05,7,2,715.89932
2013,05,7,3,715.77271
2013,05,7,4,715.58951
2013,05,7,5,715.70536
2013,05,7,6,717.02678
2013,05,7,7,718.24779
2013,05,8,0,719.91819
2013,05,8,1,721.25341
2013,05,8,2,722.25691
2013,05,8,3,723.1113
2013,05,8,4,723.79606
2013,05,8,5,724.08058
2013,05,8,6,724.34412
2013,05,8,7,724.79908
2013,05,9,0,724.64458
2013,05,9,1,724.15057
2013,05,9,2,724.02114
2013,05,9,3,723.79478
2013,05,9,4,723.5334
2013,05,9,5,723.04275
2013,05,9,6,722.63854
2013,05,9,7,722.20828
2013,05,10,0,721.68738
2013,05,10,1,721.24624
2013,05,10,2,721.10481
2013,05,10,3,720.99691
2013,05,10,4,720.53461
2013,05,10,5,720.51307
2013,05,10,6,720.8997
2013,05,10,7,721.07515
2013,05,11,0,720.84452
2013,05,11,1,720.57586
2013,05,11,2,720.60244
2013,05,11,3,720.91599
2013,05,11,4,721.42527
2013,05,11,5,721.39098
2013,05,11,6,721.28103
2013,05,11,7,721.55285
2013,05,12,0,721.63646
2013,05,12,1,721.67281
2013,05,12,2,722.48282
2013,05,12,3,722.95018
2013,05,12,4,723.1486
2013,05,12,5,723.09608
2013,05,12,6,723.13547
2013,05,12,7,723.33771
2013,05,13,0,722.93074
2013,05,13,1,722.14279
2013,05,13,2,721.63981
2013,05,13,3,721.07715
2013,05,13,4,720.41071
2013,05,13,5,719.61216
2013,05,13,6,719.53716
2013,05,13,7,719.40648
2013,05,14,0,718.93337
2013,05,14,1,718.45825
2013,05,14,2,718.28826
2013,05,14,3,718.53871
2013,05,14,4,718.58041
2013,05,14,5,718.2054
2013,05,14,6,718.78836
2013,05,14,7,719.5435
2013,05,15,0,720.14514
2013,05,15,1,720.37785
2013,05,15,2,720.77885
2013,05,15,3,721.19334
2013,05,15,4,721.38046
2013,05,15,5,721.73397
2013,05,15,6,722.29798
2013,05,15,7,722.74473
2013,05,16,0,723.0892
2013,05,16,1,723.19101
2013,05,16,2,723.53174
2013,05,16,3,723.67361
2013,05,16,4,723.92079
2013,05,16,5,723.68999
2013,05,16,6,723.51512
2013,05,16,7,723.46913
2013,05,17,0,723.81346
2013,05,17,1,723.74735
2013,05,17,2,722.97066
2013,05,17,3,722.16747
2013,05,17,4,721.76778
2013,05,17,5,721.36867
2013,05,17,6,721.59008
2013,05,17,7,721.56438
2013,05,18,0,721.48602
2013,05,18,1,721.28153
2013,05,18,2,721.56398
2013,05,18,3,721.66712
2013,05,18,4,721.18372
2013,05,18,5,720.79566
2013,05,18,6,721.00204
2013,05,18,7,721.21519
2013,05,19,0,721.78658
2013,05,19,1,721.9808
2013,05,19,2,722.19181
2013,05,19,3,722.44614
2013,05,19,4,722.83783
2013,05,19,5,722.99105
2013,05,19,6,723.51723
2013,05,19,7,723.96333
2013,05,20,0,723.72893
2013,05,20,1,723.51897
2013,05,20,2,723.76416
2013,05,20,3,723.76863
2013,05,20,4,723.44947
2013,05,20,5,723.08928
2013,05,20,6,722.838
2013,05,20,7,722.41327
2013,05,21,0,721.5667
2013,05,21,1,720.55417
2013,05,21,2,719.97134
2013,05,21,3,719.46105
2013,05,21,4,718.74821
2013,05,21,5,717.92473
2013,05,21,6,717.5581
2013,05,21,7,717.36709
2013,05,22,0,717.66018
2013,05,22,1,717.77172
2013,05,22,2,717.9523
2013,05,22,3,718.23159
2013,05,22,4,718.64441
2013,05,22,5,718.8414
2013,05,22,6,719.03488
2013,05,22,7,719.03571
2013,05,23,0,719.03906
2013,05,23,1,718.87193
2013,05,23,2,718.75257
2013,05,23,3,718.80136
2013,05,23,4,719.32311
2013,05,23,5,719.7954
2013,05,23,6,720.48282
2013,05,23,7,721.50009
2013,05,24,0,721.90255
2013,05,24,1,722.04842
2013,05,24,2,722.35848
2013,05,24,3,722.81148
2013,05,24,4,723.51905
2013,05,24,5,723.59835
2013,05,24,6,723.60686
2013,05,24,7,723.66564
2013,05,25,0,723.6386
2013,05,25,1,723.34748
2013,05,25,2,723.17918
2013,05,25,3,722.91977
2013,05,25,4,722.5431
2013,05,25,5,721.91043
2013,05,25,6,721.98026
2013,05,25,7,722.21749
2013,05,26,0,721.99076
2013,05,26,1,721.27947
2013,05,26,2,720.68993
2013,05,26,3,720.08266
2013,05,26,4,719.82494
2013,05,26,5,719.718
2013,05,26,6,719.45872
2013,05,26,7,719.40768
2013,05,27,0,719.01202
2013,05,27,1,718.58741
2013,05,27,2,718.97058
2013,05,27,3,719.43312
2013,05,27,4,720.00781
2013,05,27,5,720.61257
2013,05,27,6,721.73952
2013,05,27,7,722.95127
2013,05,28,0,723.65219
2013,05,28,1,724.0506
2013,05,28,2,724.55444
2013,05,28,3,724.66158
2013,05,28,4,724.5231
2013,05,28,5,724.5041
2013,05,28,6,724.64247
2013,05,28,7,724.81825
2013,05,29,0,724.68061
2013,05,29,1,724.40144
2013,05,29,2,724.44364
2013,05,29,3,724.45268
2013,05,29,4,724.57897
2013,05,29,5,724.79658
2013,05,29,6,724.98451
2013,05,29,7,725.09426
2013,05,30,0,725.23849
2013,05,30,1,725.27868
2013,05,30,2,724.80664
2013,05,30,3,724.64384
2013,05,30,4,725.21224
2013,05,30,5,725.49237
2013,05,30,6,725.70567
2013,05,30,7,725.921
2013,05,31,0,726.19891
2013,05,31,1,726.21425
2013,05,31,2,726.68576
2013,05,31,3,727.22091
2013,05,31,4,727.21265
2013,05,31,5,727.31208
2013,05,31,6,728.1065
2013,05,31,7,728.60617
2014,05,1,0,728.76939
2014,05,1,1,728.56568
2014,05,1,2,728.29313
2014,05,1,3,727.58602
2014,05,1,4,727.1184
2014,05,1,5,726.83203
2014,05,1,6,727.14535
2014,05,1,7,727.57525
2014,05,2,0,727.90096
2014,05,2,1,727.66815
2014,05,2,2,727.97358
2014,05,2,3,728.1864
2014,05,2,4,727.79674
2014,05,2,5,727.51376
2014,05,2,6,726.90299
2014,05,2,7,726.10572
2014,05,3,0,725.25654
2014,05,3,1,724.31614
2014,05,3,2,723.84285
2014,05,3,3,723.19952
2014,05,3,4,722.84647
2014,05,3,5,722.86646
2014,05,3,6,723.75786
2014,05,3,7,724.62178
2014,05,4,0,725.31883
2014,05,4,1,725.9903
2014,05,4,2,726.82852
2014,05,4,3,727.62018
2014,05,4,4,728.31166
2014,05,4,5,728.60136
2014,05,4,6,729.3604
2014,05,4,7,729.90116
2014,05,5,0,730.26689
2014,05,5,1,730.18553
2014,05,5,2,730.27193
2014,05,5,3,730.20097
2014,05,5,4,729.36226
2014,05,5,5,728.56998
2014,05,5,6,728.38087
2014,05,5,7,728.16645
2014,05,6,0,727.83192
2014,05,6,1,727.59458
2014,05,6,2,727.84103
2014,05,6,3,728.18491
2014,05,6,4,728.3214
2014,05,6,5,728.47277
2014,05,6,6,729.13045
2014,05,6,7,729.62484
2014,05,7,0,729.26166
2014,05,7,1,728.92363
2014,05,7,2,729.09617
2014,05,7,3,729.1968
2014,05,7,4,728.74321
2014,05,7,5,728.14171
2014,05,7,6,727.97131
2014,05,7,7,727.87041
2014,05,8,0,727.31608
2014,05,8,1,726.76626
2014,05,8,2,726.41519
2014,05,8,3,726.3482
2014,05,8,4,725.7875
2014,05,8,5,725.24818
2014,05,8,6,725.94149
2014,05,8,7,726.83906
2014,05,9,0,727.13753
2014,05,9,1,726.99989
2014,05,9,2,727.57623
2014,05,9,3,727.93951
2014,05,9,4,728.03865
2014,05,9,5,727.96486
2014,05,9,6,727.34582
2014,05,9,7,727.20416
2014,05,10,0,727.42199
2014,05,10,1,726.9569
2014,05,10,2,726.66557
2014,05,10,3,726.83376
2014,05,10,4,726.71813
2014,05,10,5,726.55725
2014,05,10,6,726.48624
2014,05,10,7,726.57297
2014,05,11,0,726.23471
2014,05,11,1,725.61793
2014,05,11,2,725.17649
2014,05,11,3,724.82674
2014,05,11,4,724.49546
2014,05,11,5,724.10519
2014,05,11,6,724.56358
2014,05,11,7,725.19039
2014,05,12,0,725.25024
2014,05,12,1,724.98464
2014,05,12,2,725.84039
2014,05,12,3,726.90919
2014,05,12,4,727.4312
2014,05,12,5,727.33468
2014,05,12,6,727.67779
2014,05,12,7,727.86974
2014,05,13,0,727.66548
2014,05,13,1,727.67644
2014,05,13,2,727.55433
2014,05,13,3,727.50923
2014,05,13,4,727.62014
2014,05,13,5,727.73556
2014,05,13,6,728.10301
2014,05,13,7,728.46961
2014,05,14,0,728.09116
2014,05,14,1,727.70409
2014,05,14,2,728.57327
2014,05,14,3,729.2781
2014,05,14,4,728.70578
2014,05,14,5,728.06332
2014,05,14,6,728.34611
2014,05,14,7,728.59718
2014,05,15,0,728.6408
2014,05,15,1,728.20708
2014,05,15,2,728.42119
2014,05,15,3,728.05978
2014,05,15,4,727.16281
2014,05,15,5,726.46186
2014,05,15,6,726.94777
2014,05,15,7,727.34318
2014,05,16,0,727.13346
2014,05,16,1,726.93937
2014,05,16,2,727.02569
2014,05,16,3,727.42514
2014,05,16,4,727.38215
2014,05,16,5,727.41307
2014,05,16,6,728.47364
2014,05,16,7,729.273
2014,05,17,0,730.00462
2014,05,17,1,730.37848
2014,05,17,2,730.47619
2014,05,17,3,730.53435
2014,05,17,4,730.33325
2014,05,17,5,729.78067
2014,05,17,6,728.9141
2014,05,17,7,728.25324
2014,05,18,0,727.74827
2014,05,18,1,726.79891
2014,05,18,2,725.63697
2014,05,18,3,724.31398
2014,05,18,4,723.33671
2014,05,18,5,722.16514
2014,05,18,6,721.56665
2014,05,18,7,721.24823
2014,05,19,0,720.1943
2014,05,19,1,719.33475
2014,05,19,2,718.68056
2014,05,19,3,718.83453
2014,05,19,4,719.2628
2014,05,19,5,719.32707
2014,05,19,6,720.26383
2014,05,19,7,721.78963
2014,05,20,0,722.31744
2014,05,20,1,722.53057
2014,05,20,2,723.58342
2014,05,20,3,724.67108
2014,05,20,4,725.23214
2014,05,20,5,725.8532
2014,05,20,6,727.05843
2014,05,20,7,728.11997
2014,05,21,0,728.65845
2014,05,21,1,728.45443
2014,05,21,2,728.03965
2014,05,21,3,727.45883
2014,05,21,4,726.59754
2014,05,21,5,725.72921
2014,05,21,6,725.55665
2014,05,21,7,724.86773
2014,05,22,0,723.69226
2014,05,22,1,722.3793
2014,05,22,2,722.1286
2014,05,22,3,721.84652
2014,05,22,4,720.92144
2014,05,22,5,720.37789
2014,05,22,6,720.76069
2014,05,22,7,721.14884
2014,05,23,0,721.61713
2014,05,23,1,721.65402
2014,05,23,2,721.94707
2014,05,23,3,722.37065
2014,05,23,4,722.76623
2014,05,23,5,723.01702
2014,05,23,6,723.74853
2014,05,23,7,724.4027
2014,05,24,0,724.77262
2014,05,24,1,725.21859
2014,05,24,2,725.8314
2014,05,24,3,726.21014
2014,05,24,4,726.25874
2014,05,24,5,726.17222
2014,05,24,6,726.49435
2014,05,24,7,726.86754
2014,05,25,0,726.4294
2014,05,25,1,725.95628
2014,05,25,2,726.38026
2014,05,25,3,726.62736
2014,05,25,4,725.88086
2014,05,25,5,725.22439
2014,05,25,6,725.26771
2014,05,25,7,725.11243
2014,05,26,0,724.65588
2014,05,26,1,723.99982
2014,05,26,2,723.2863
2014,05,26,3,722.62672
2014,05,26,4,721.64431
2014,05,26,5,720.83032
2014,05,26,6,720.74942
2014,05,26,7,720.57745
2014,05,27,0,720.32101
2014,05,27,1,719.81536
2014,05,27,2,720.00227
2014,05,27,3,720.20655
2014,05,27,4,719.33934
2014,05,27,5,718.40305
2014,05,27,6,718.09355
2014,05,27,7,717.65704
2014,05,28,0,717.2401
2014,05,28,1,716.66455
2014,05,28,2,716.44221
2014,05,28,3,716.24292
2014,05,28,4,716.12247
2014,05,28,5,716.07908
2014,05,28,6,716.76345
2014,05,28,7,717.27265
2014,05,29,0,717.49025
2014,05,29,1,717.34722
2014,05,29,2,717.67568
2014,05,29,3,717.84685
2014,05,29,4,717.59701
2014,05,29,5,717.45133
2014,05,29,6,717.97697
2014,05,29,7,718.42416
2014,05,30,0,718.42563
2014,05,30,1,718.30277
2014,05,30,2,718.71083
2014,05,30,3,718.93026
2014,05,30,4,718.75255
2014,05,30,5,718.50096
2014,05,30,6,718.93957
2014,05,30,7,719.08829
2014,05,31,0,719.1401
2014,05,31,1,719.20471
2014,05,31,2,719.31312
2014,05,31,3,719.24455
2014,05,31,4,719.03783
2014,05,31,5,718.77801
2014,05,31,6,718.93718
2014,05,31,7,719.31033
2014,05,1,0,719.51849
2014,05,1,1,719.17331
2014,05,1,2,719.55688
2014,05,1,3,719.7576
2014,05,1,4,719.63066
2014,05,1,5,719.7129
2014,05,1,6,719.99498
2014,05,1,7,720.25424
2014,05,2,0,720.43311
2014,05,2,1,720.1181
2014,05,2,2,720.54805
2014,05,2,3,721.01486
2014,05,2,4,721.15073
2014,05,2,5,721.30874
2014,05,2,6,721.66902
2014,05,2,7,721.92604
2014,05,3,0,722.75333
2014,05,3,1,723.01886
2014,05,3,2,723.30375
2014,05,3,3,723.72663
2014,05,3,4,723.73076
2014,05,3,5,723.37487
2014,05,3,6,723.4596
2014,05,3,7,723.42344
2014,05,4,0,723.0422
2014,05,4,1,722.35883
2014,05,4,2,721.3696
2014,05,4,3,720.31524
2014,05,4,4,719.27539
2014,05,4,5,718.28789
2014,05,4,6,717.70629
2014,05,4,7,717.33242
2014,05,5,0,716.96094
2014,05,5,1,716.20906
2014,05,5,2,715.93678
2014,05,5,3,715.94298
2014,05,5,4,716.29552
2014,05,5,5,716.6711
2014,05,5,6,717.71934
2014,05,5,7,718.9466
2014,05,6,0,719.75299
2014,05,6,1,720.20798
2014,05,6,2,721.08032
2014,05,6,3,721.85958
2014,05,6,4,722.0914
2014,05,6,5,722.21039
2014,05,6,6,722.56136
2014,05,6,7,723.01377
2014,05,7,0,722.94804
2014,05,7,1,722.5751
2014,05,7,2,722.79631
2014,05,7,3,722.98856
2014,05,7,4,723.2443
2014,05,7,5,723.26551
2014,05,7,6,723.21912
2014,05,7,7,723.55502
2014,05,8,0,723.67619
2014,05,8,1,723.42047
2014,05,8,2,723.4229
2014,05,8,3,723.33832
2014,05,8,4,723.74702
2014,05,8,5,724.32569
2014,05,8,6,724.97253
2014,05,8,7,725.63663
2014,05,9,0,725.42277
2014,05,9,1,724.4835
2014,05,9,2,725.09245
2014,05,9,3,726.07336
2014,05,9,4,726.12444
2014,05,9,5,726.11852
2014,05,9,6,726.33662
2014,05,9,7,727.03293
2014,05,10,0,727.01441
2014,05,10,1,726.40257
2014,05,10,2,727.20479
2014,05,10,3,727.87079
2014,05,10,4,727.89139
2014,05,10,5,727.7757
2014,05,10,6,728.22722
2014,05,10,7,728.73554
2014,05,11,0,728.99558
2014,05,11,1,728.83884
2014,05,11,2,728.5635
2014,05,11,3,728.49662
2014,05,11,4,728.7292
2014,05,11,5,728.78976
2014,05,11,6,729.03404
2014,05,11,7,729.34067
2014,05,12,0,729.45775
2014,05,12,1,728.84513
2014,05,12,2,728.44771
2014,05,12,3,727.70742
2014,05,12,4,726.95563
2014,05,12,5,725.79194
2014,05,12,6,724.67804
2014,05,12,7,723.92539
2014,05,13,0,723.03504
2014,05,13,1,722.02859
2014,05,13,2,721.33097
2014,05,13,3,720.58599
2014,05,13,4,719.96605
2014,05,13,5,719.52093
2014,05,13,6,719.81033
2014,05,13,7,719.86972
2014,05,14,0,720.25793
2014,05,14,1,720.37258
2014,05,14,2,720.7844
2014,05,14,3,721.14316
2014,05,14,4,721.48578
2014,05,14,5,721.891
2014,05,14,6,722.50665
2014,05,14,7,723.01923
2014,05,15,0,723.39229
2014,05,15,1,723.36872
2014,05,15,2,723.24787
2014,05,15,3,722.74156
2014,05,15,4,722.49414
2014,05,15,5,721.944
2014,05,15,6,721.62182
2014,05,15,7,721.15566
2014,05,16,0,720.50148
2014,05,16,1,719.52368
2014,05,16,2,718.72231
2014,05,16,3,717.90527
2014,05,16,4,716.91733
2014,05,16,5,715.88847
2014,05,16,6,715.34807
2014,05,16,7,714.84638
2014,05,17,0,714.52732
2014,05,17,1,713.86942
2014,05,17,2,713.36352
2014,05,17,3,712.96225
2014,05,17,4,712.7386
2014,05,17,5,712.19538
2014,05,17,6,712.59795
2014,05,17,7,713.1592
2014,05,18,0,713.46813
2014,05,18,1,713.83428
2014,05,18,2,714.90245
2014,05,18,3,715.69446
2014,05,18,4,715.87434
2014,05,18,5,715.8345
2014,05,18,6,716.6447
2014,05,18,7,717.45587
2014,05,19,0,717.55698
2014,05,19,1,717.48165
2014,05,19,2,718.24884
2014,05,19,3,718.35694
2014,05,19,4,717.82792
2014,05,19,5,717.04934
2014,05,19,6,716.91226
2014,05,19,7,716.32078
2014,05,20,0,715.25184
2014,05,20,1,714.27039
2014,05,20,2,713.51395
2014,05,20,3,712.11706
2014,05,20,4,711.00634
2014,05,20,5,710.16934
2014,05,20,6,709.56635
2014,05,20,7,708.78796
2014,05,21,0,708.32051
2014,05,21,1,707.92333
2014,05,21,2,708.32789
2014,05,21,3,709.0311
2014,05,21,4,709.99369
2014,05,21,5,710.92886
2014,05,21,6,711.97477
2014,05,21,7,713.06448
2014,05,22,0,714.36275
2014,05,22,1,714.92415
2014,05,22,2,715.57517
2014,05,22,3,716.303
2014,05,22,4,716.52893
2014,05,22,5,716.18353
2014,05,22,6,715.59199
2014,05,22,7,714.71485
2014,05,23,0,713.73813
2014,05,23,1,712.56785
2014,05,23,2,711.91036
2014,05,23,3,711.51692
2014,05,23,4,711.21979
2014,05,23,5,711.06326
2014,05,23,6,711.68781
2014,05,23,7,712.40374
2014,05,24,0,712.29828
2014,05,24,1,712.00324
2014,05,24,2,712.52114
2014,05,24,3,713.08932
2014,05,24,4,712.84299
2014,05,24,5,712.51326
2014,05,24,6,712.97247
2014,05,24,7,713.32366
2014,05,25,0,713.24527
2014,05,25,1,712.80462
2014,05,25,2,713.37269
2014,05,25,3,714.29477
2014,05,25,4,714.12196
2014,05,25,5,713.77912
2014,05,25,6,714.15783
2014,05,25,7,714.55534
2014,05,26,0,714.83841
2014,05,26,1,714.51681
2014,05,26,2,714.63701
2014,05,26,3,714.74107
2014,05,26,4,714.36009
2014,05,26,5,713.75081
2014,05,26,6,713.63395
2014,05,26,7,713.50691
2014,05,27,0,713.15327
2014,05,27,1,712.64673
2014,05,27,2,712.84119
2014,05,27,3,712.99991
2014,05,27,4,713.11357
2014,05,27,5,713.00904
2014,05,27,6,712.77706
2014,05,27,7,712.12327
2014,05,28,0,711.88568
2014,05,28,1,711.55696
2014,05,28,2,710.91406
2014,05,28,3,710.24324
2014,05,28,4,709.86755
2014,05,28,5,709.80009
2014,05,28,6,709.85928
2014,05,28,7,710.05517
2014,05,1,0,710.10948
2014,05,1,1,710.15087
2014,05,1,2,711.17309
2014,05,1,3,712.04903
2014,05,1,4,712.95391
2014,05,1,5,713.80636
2014,05,1,6,715.15913
2014,05,1,7,716.55208
2014,05,2,0,717.23577
2014,05,2,1,717.80238
2014,05,2,2,719.18468
2014,05,2,3,720.44386
2014,05,2,4,720.48823
2014,05,2,5,719.75987
2014,05,2,6,720.07372
2014,05,2,7,720.82921
2014,05,3,0,720.8007
2014,05,3,1,720.33446
2014,05,3,2,720.38745
2014,05,3,3,720.23726
2014,05,3,4,720.92645
2014,05,3,5,721.73601
2014,05,3,6,721.33759
2014,05,3,7,720.89266
2014,05,4,0,720.10609
2014,05,4,1,719.43853
2014,05,4,2,718.9739
2014,05,4,3,718.47168
2014,05,4,4,718.39331
2014,05,4,5,718.11222
2014,05,4,6,718.00132
2014,05,4,7,718.03408
2014,05,5,0,717.6277
2014,05,5,1,717.34352
2014,05,5,2,717.73927
2014,05,5,3,718.10354
2014,05,5,4,718.15346
2014,05,5,5,718.00851
2014,05,5,6,718.31887
2014,05,5,7,718.8457
2014,05,6,0,718.61832
2014,05,6,1,718.27822
2014,05,6,2,718.67955
2014,05,6,3,718.58493
2014,05,6,4,718.15595
2014,05,6,5,717.68795
2014,05,6,6,716.544
2014,05,6,7,715.59842
2014,05,7,0,715.37449
2014,05,7,1,714.60904
2014,05,7,2,714.02132
2014,05,7,3,713.4037
2014,05,7,4,712.7011
2014,05,7,5,712.16372
2014,05,7,6,711.88689
2014,05,7,7,712.06573
2014,05,8,0,712.17185
2014,05,8,1,712.14778
2014,05,8,2,712.26828
2014,05,8,3,712.51542
2014,05,8,4,713.30147
2014,05,8,5,714.01359
2014,05,8,6,714.55323
2014,05,8,7,715.12448
2014,05,9,0,715.75274
2014,05,9,1,716.04848
2014,05,9,2,716.89419
2014,05,9,3,717.73752
2014,05,9,4,717.92162
2014,05,9,5,717.81642
2014,05,9,6,718.28318
2014,05,9,7,718.75155
2014,05,10,0,718.62983
2014,05,10,1,718.62078
2014,05,10,2,719.20685
2014,05,10,3,719.54201
2014,05,10,4,719.64997
2014,05,10,5,720.08287
2014,05,10,6,720.20795
2014,05,10,7,720.48394
2014,05,11,0,721.76244
2014,05,11,1,722.48937
2014,05,11,2,722.67057
2014,05,11,3,722.99245
2014,05,11,4,722.87636
2014,05,11,5,722.48884
2014,05,11,6,722.43941
2014,05,11,7,722.62438
2014,05,12,0,722.43559
2014,05,12,1,722.02211
2014,05,12,2,721.59927
2014,05,12,3,721.17814
2014,05,12,4,721.20934
2014,05,12,5,721.05095
2014,05,12,6,720.9406
2014,05,12,7,720.89777
2014,05,13,0,720.816
2014,05,13,1,720.29929
2014,05,13,2,720.19533
2014,05,13,3,720.12866
2014,05,13,4,719.68678
2014,05,13,5,718.86084
2014,05,13,6,718.15455
2014,05,13,7,717.51202
2014,05,14,0,716.78859
2014,05,14,1,715.22535
2014,05,14,2,714.42884
2014,05,14,3,713.97736
2014,05,14,4,713.16064
2014,05,14,5,712.74082
2014,05,14,6,713.31283
2014,05,14,7,714.38327
2014,05,15,0,714.66263
2014,05,15,1,714.92319
2014,05,15,2,715.39418
2014,05,15,3,715.88257
2014,05,15,4,716.54641
2014,05,15,5,716.79199
2014,05,15,6,717.05343
2014,05,15,7,717.37611
2014,05,16,0,717.58988
2014,05,16,1,717.5513
2014,05,16,2,718.24739
2014,05,16,3,718.896
2014,05,16,4,719.03535
2014,05,16,5,718.98517
2014,05,16,6,719.56151
2014,05,16,7,720.22766
2014,05,17,0,720.77843
2014,05,17,1,720.83458
2014,05,17,2,721.21365
2014,05,17,3,721.47547
2014,05,17,4,721.08382
2014,05,17,5,720.67923
2014,05,17,6,720.7787
2014,05,17,7,720.78744
2014,05,18,0,719.89585
2014,05,18,1,718.87796
2014,05,18,2,718.27931
2014,05,18,3,717.63687
2014,05,18,4,716.9946
2014,05,18,5,716.24723
2014,05,18,6,715.36845
2014,05,18,7,715.01229
2014,05,19,0,714.76247
2014,05,19,1,714.40998
2014,05,19,2,714.5139
2014,05,19,3,714.56193
2014,05,19,4,714.39084
2014,05,19,5,714.18856
2014,05,19,6,714.10603
2014,05,19,7,714.32916
2014,05,20,0,714.42003
2014,05,20,1,714.14977
2014,05,20,2,714.30883
2014,05,20,3,714.63582
2014,05,20,4,714.34235
2014,05,20,5,714.00785
2014,05,20,6,714.00761
2014,05,20,7,714.01014
2014,05,21,0,713.65836
2014,05,21,1,712.97373
2014,05,21,2,712.89204
2014,05,21,3,712.43195
2014,05,21,4,712.37017
2014,05,21,5,712.23977
2014,05,21,6,712.17391
2014,05,21,7,711.915
2014,05,22,0,711.39894
2014,05,22,1,710.84524
2014,05,22,2,710.20079
2014,05,22,3,709.48164
2014,05,22,4,709.4499
2014,05,22,5,709.70347
2014,05,22,6,709.75381
2014,05,22,7,709.63114
2014,05,23,0,709.64117
2014,05,23,1,709.56626
2014,05,23,2,709.75647
2014,05,23,3,709.53731
2014,05,23,4,709.18702
2014,05,23,5,708.55255
2014,05,23,6,708.36329
2014,05,23,7,708.37
2014,05,24,0,708.29745
2014,05,24,1,708.09752
2014,05,24,2,707.94576
2014,05,24,3,707.75449
2014,05,24,4,707.19668
2014,05,24,5,706.3038
2014,05,24,6,705.65392
2014,05,24,7,704.95666
2014,05,25,0,704.57087
2014,05,25,1,703.90775
2014,05,25,2,703.51183
2014,05,25,3,703.61051
2014,05,25,4,703.58261
2014,05,25,5,703.47986
2014,05,25,6,704.06823
2014,05,25,7,704.8201
2014,05,26,0,705.35094
2014,05,26,1,705.75092
2014,05,26,2,706.76991
2014,05,26,3,707.50335
2014,05,26,4,708.26207
2014,05,26,5,708.6366
2014,05,26,6,709.08389
2014,05,26,7,709.66951
2014,05,27,0,708.25278
2014,05,27,1,707.57538
2014,05,27,2,707.05214
2014,05,27,3,706.84282
2014,05,27,4,706.86865
2014,05,27,5,707.14324
2014,05,27,6,707.21887
2014,05,27,7,707.47605
2014,05,28,0,707.65744
2014,05,28,1,707.93595
2014,05,28,2,708.8182
2014,05,28,3,709.41074
2014,05,28,4,708.83492
2014,05,28,5,708.21903
2014,05,28,6,708.06351
2014,05,28,7,708.11408
2014,05,29,0,708.43631
2014,05,29,1,708.4591
2014,05,29,2,709.33889
2014,05,29,3,710.15082
2014,05,29,4,711.04843
2014,05,29,5,711.88214
2014,05,29,6,712.63582
2014,05,29,7,713.1703
2014,05,30,0,713.58608
2014,05,30,1,713.43682
2014,05,30,2,713.44031
2014,05,30,3,714.10788
2014,05,30,4,714.9587
2014,05,30,5,715.8647
2014,05,30,6,716.37555
2014,05,30,7,716.3454
2014,05,1,0,717.05192
2014,05,1,1,717.64938
2014,05,1,2,718.5439
2014,05,1,3,719.23168
2014,05,1,4,719.04922
2014,05,1,5,718.85596
2014,05,1,6,719.47687
2014,05,1,7,720.07538
2014,05,2,0,719.97685
2014,05,2,1,719.67438
2014,05,2,2,720.49127
2014,05,2,3,721.56217
2014,05,2,4,722.38704
2014,05,2,5,723.09573
2014,05,2,6,724.245
2014,05,2,7,725.03696
2014,05,3,0,725.09499
2014,05,3,1,725.09252
2014,05,3,2,725.61921
2014,05,3,3,726.01934
2014,05,3,4,726.44364
2014,05,3,5,726.49892
2014,05,3,6,726.19862
2014,05,3,7,725.94886
2014,05,4,0,727.27759
2014,05,4,1,728.07849
2014,05,4,2,728.27667
2014,05,4,3,728.26143
2014,05,4,4,727.94015
2014,05,4,5,727.89922
2014,05,4,6,727.71916
2014,05,4,7,727.8322
2014,05,5,0,727.45885
2014,05,5,1,726.54948
2014,05,5,2,726.47763
2014,05,5,3,726.19785
2014,05,5,4,725.28437
2014,05,5,5,724.40293
2014,05,5,6,723.40395
2014,05,5,7,722.48257
2014,05,6,0,721.72707
2014,05,6,1,721.15909
2014,05,6,2,720.02321
2014,05,6,3,719.29954
2014,05,6,4,718.82979
2014,05,6,5,718.63675
2014,05,6,6,718.62616
2014,05,6,7,718.70025
2014,05,7,0,719.17492
2014,05,7,1,719.49361
2014,05,7,2,719.85929
2014,05,7,3,720.29296
2014,05,7,4,720.52633
2014,05,7,5,720.48763
2014,05,7,6,720.40599
2014,05,7,7,720.20633
2014,05,8,0,719.36087
2014,05,8,1,718.2279
2014,05,8,2,718.13841
2014,05,8,3,719.11568
2014,05,8,4,720.28253
2014,05,8,5,720.89596
2014,05,8,6,720.96452
2014,05,8,7,721.4036
2014,05,9,0,722.80101
2014,05,9,1,723.82
2014,05,9,2,725.02925
2014,05,9,3,726.32395
2014,05,9,4,726.86355
2014,05,9,5,727.64703
2014,05,9,6,727.8347
2014,05,9,7,728.44798
2014,05,10,0,728.8806
2014,05,10,1,728.87733
2014,05,10,2,728.32442
2014,05,10,3,728.35528
2014,05,10,4,728.85003
2014,05,10,5,730.31324
2014,05,10,6,730.63645
2014,05,10,7,731.27205
2014,05,11,0,731.78066
2014,05,11,1,731.85062
2014,05,11,2,731.576
2014,05,11,3,731.27979
2014,05,11,4,730.99482
2014,05,11,5,730.63089
2014,05,11,6,730.51137
2014,05,11,7,730.31006
2014,05,12,0,729.4885
2014,05,12,1,728.65815
2014,05,12,2,728.71637
2014,05,12,3,729.88545
2014,05,12,4,730.10451
2014,05,12,5,730.22383
2014,05,12,6,730.67236
2014,05,12,7,731.17588
2014,05,13,0,730.9371
2014,05,13,1,730.09216
2014,05,13,2,729.3809
2014,05,13,3,727.58209
2014,05,13,4,726.0738
2014,05,13,5,724.71195
2014,05,13,6,723.76134
2014,05,13,7,723.00404
2014,05,14,0,722.04211
2014,05,14,1,721.15893
2014,05,14,2,719.49052
2014,05,14,3,717.81324
2014,05,14,4,716.31315
2014,05,14,5,715.27621
2014,05,14,6,714.82376
2014,05,14,7,714.29803
2014,05,15,0,714.00851
2014,05,15,1,713.36045
2014,05,15,2,713.59878
2014,05,15,3,713.66659
2014,05,15,4,713.98808
2014,05,15,5,715.09612
2014,05,15,6,715.93015
2014,05,15,7,716.06704
2014,05,16,0,715.54419
2014,05,16,1,714.60583
2014,05,16,2,714.2173
2014,05,16,3,713.87887
2014,05,16,4,713.38975
2014,05,16,5,712.40426
2014,05,16,6,711.26041
2014,05,16,7,710.53743
2014,05,17,0,709.71459
2014,05,17,1,708.8904
2014,05,17,2,708.39039
2014,05,17,3,707.87435
2014,05,17,4,707.2422
2014,05,17,5,706.93674
2014,05,17,6,707.13022
2014,05,17,7,707.7195
2014,05,18,0,708.50471
2014,05,18,1,709.02468
2014,05,18,2,709.38866
2014,05,18,3,709.94131
2014,05,18,4,710.20079
2014,05,18,5,710.66756
2014,05,18,6,711.23304
2014,05,18,7,711.75411
2014,05,19,0,712.18538
2014,05,19,1,712.15214
2014,05,19,2,712.03095
2014,05,19,3,712.03685
2014,05,19,4,711.61075
2014,05,19,5,711.51435
2014,05,19,6,711.33601
2014,05,19,7,711.0252
2014,05,20,0,711.13709
2014,05,20,1,711.60463
2014,05,20,2,711.85429
2014,05,20,3,712.45882
2014,05,20,4,713.1752
2014,05,20,5,713.90426
2014,05,20,6,714.73182
2014,05,20,7,715.92402
2014,05,21,0,716.80502
2014,05,21,1,717.33178
2014,05,21,2,718.26979
2014,05,21,3,719.35036
2014,05,21,4,719.6834
2014,05,21,5,719.59943
2014,05,21,6,720.05458
2014,05,21,7,720.47283
2014,05,22,0,719.70944
2014,05,22,1,718.73679
2014,05,22,2,718.2973
2014,05,22,3,717.77928
2014,05,22,4,717.06641
2014,05,22,5,716.31983
2014,05,22,6,716.2347
2014,05,22,7,716.60233
2014,05,23,0,716.86
2014,05,23,1,717.1017
2014,05,23,2,717.76913
2014,05,23,3,718.59537
2014,05,23,4,718.51156
2014,05,23,5,718.02206
2014,05,23,6,717.97882
2014,05,23,7,718.02679
2014,05,24,0,717.93905
2014,05,24,1,717.48056
2014,05,24,2,717.37482
2014,05,24,3,717.92752
2014,05,24,4,717.9558
2014,05,24,5,717.97057
2014,05,24,6,718.49665
2014,05,24,7,718.94013
2014,05,25,0,719.52568
2014,05,25,1,719.8511
2014,05,25,2,720.33632
2014,05,25,3,721.01655
2014,05,25,4,721.03071
2014,05,25,5,720.87825
2014,05,25,6,720.07464
2014,05,25,7,719.00649
2014,05,26,0,717.92901
2014,05,26,1,716.89252
2014,05,26,2,717.24015
2014,05,26,3,717.92168
2014,05,26,4,719.24114
2014,05,26,5,720.9325
2014,05,26,6,722.46108
2014,05,26,7,724.08135
2014,05,27,0,726.28282
2014,05,27,1,727.92875
2014,05,27,2,728.99455
2014,05,27,3,730.01106
2014,05,27,4,731.14991
2014,05,27,5,731.51687
2014,05,27,6,732.28956
2014,05,27,7,732.79309
2014,05,28,0,732.62143
2014,05,28,1,732.41926
2014,05,28,2,732.38721
2014,05,28,3,732.38466
2014,05,28,4,732.12452
2014,05,28,5,731.65807
2014,05,28,6,731.2509
2014,05,28,7,730.92769
2014,05,29,0,730.2046
2014,05,29,1,728.86222
2014,05,29,2,727.99962
2014,05,29,3,727.2177
2014,05,29,4,726.13233
2014,05,29,5,725.19752
2014,05,29,6,724.43584
2014,05,29,7,723.5637
2014,05,30,0,722.59209
2014,05,30,1,722.00586
2014,05,30,2,721.7198
2014,05,30,3,721.92052
2014,05,30,4,721.76499
2014,05,30,5,721.64708
2014,05,30,6,721.70026
2014,05,30,7,721.44741
2014,05,31,0,721.55467
2014,05,31,1,721.85278
2014,05,31,2,722.62388
2014,05,31,3,723.09844
2014,05,31,4,723.64725
2014,05,31,5,723.3361
2014,05,31,6,722.00317
2014,05,31,7,720.73348
2014,05,1,0,719.63504
2014,05,1,1,717.97657
2014,05,1,2,716.78859
2014,05,1,3,716.37579
2014,05,1,4,715.16804
2014,05,1,5,714.3938
2014,05,1,6,713.86122
2014,05,1,7,713.40027
2014,05,2,0,713.44599
2014,05,2,1,713.66745
2014,05,2,2,714.3093
2014,05,2,3,715.672
2014,05,2,4,716.71939
2014,05,2,5,717.88856
2014,05,2,6,719.89764
2014,05,2,7,721.01811
2014,05,3,0,721.74288
2014,05,3,1,722.52684
2014,05,3,2,723.83251
2014,05,3,3,724.73346
2014,05,3,4,724.19582
2014,05,3,5,723.73151
2014,05,3,6,723.12285
2014,05,3,7,722.16962
2014,05,4,0,721.50024
2014,05,4,1,720.30888
2014,05,4,2,720.58846
2014,05,4,3,720.52868
2014,05,4,4,719.56921
2014,05,4,5,718.11061
2014,05,4,6,717.77645
2014,05,4,7,717.9004
2014,05,5,0,716.9749
2014,05,5,1,716.54949
2014,05,5,2,716.88242
2014,05,5,3,717.05458
2014,05,5,4,717.81909
2014,05,5,5,718.81082
2014,05,5,6,719.43504
2014,05,5,7,720.06514
2014,05,6,0,719.38726
2014,05,6,1,717.52056
2014,05,6,2,717.34292
2014,05,6,3,717.61518
2014,05,6,4,717.74383
2014,05,6,5,718.00523
2014,05,6,6,718.20303
2014,05,6,7,718.22495
2014,05,7,0,718.44531
2014,05,7,1,718.45824
2014,05,7,2,719.12465
2014,05,7,3,719.70514
2014,05,7,4,720.05937
2014,05,7,5,719.66081
2014,05,7,6,718.98103
2014,05,7,7,718.22235
2014,05,8,0,715.57304
2014,05,8,1,712.67856
2014,05,8,2,711.89137
2014,05,8,3,711.08799
2014,05,8,4,709.84363
2014,05,8,5,709.03326
2014,05,8,6,708.40323
2014,05,8,7,707.57044
2014,05,9,0,706.63329
2014,05,9,1,705.75662
2014,05,9,2,705.57198
2014,05,9,3,705.46296
2014,05,9,4,705.74853
2014,05,9,5,705.97324
2014,05,9,6,705.80577
2014,05,9,7,706.11732
2014,05,10,0,705.77348
2014,05,10,1,705.08047
2014,05,10,2,705.46273
2014,05,10,3,705.91396
2014,05,10,4,705.80013
2014,05,10,5,705.55987
2014,05,10,6,705.39457
2014,05,10,7,704.79716
2014,05,11,0,704.57018
2014,05,11,1,704.32823
2014,05,11,2,704.47273
2014,05,11,3,704.8243
2014,05,11,4,705.23542
2014,05,11,5,705.84413
2014,05,11,6,705.94801
2014,05,11,7,706.3783
2014,05,12,0,707.27731
2014,05,12,1,708.09251
2014,05,12,2,708.85584
2014,05,12,3,709.54511
2014,05,12,4,710.05287
2014,05,12,5,710.74633
2014,05,12,6,712.11309
2014,05,12,7,713.49919
2014,05,13,0,714.90096
2014,05,13,1,715.90911
2014,05,13,2,717.68346
2014,05,13,3,719.04286
2014,05,13,4,719.42096
2014,05,13,5,720.32862
2014,05,13,6,721.04023
2014,05,13,7,721.70467
2014,05,14,0,722.16962
2014,05,14,1,722.35029
2014,05,14,2,723.84973
2014,05,14,3,724.85844
2014,05,14,4,725.45097
2014,05,14,5,726.20976
2014,05,14,6,726.8052
2014,05,14,7,726.31749
2014,05,15,0,726.33688
2014,05,15,1,725.30657
2014,05,15,2,725.12623
2014,05,15,3,724.03758
2014,05,15,4,722.93088
2014,05,15,5,721.48092
2014,05,15,6,721.51448
2014,05,15,7,722.03229
2014,05,16,0,722.66055
2014,05,16,1,723.67245
2014,05,16,2,725.69583
2014,05,16,3,726.95082
2014,05,16,4,726.98176
2014,05,16,5,726.61003
2014,05,16,6,726.19966
2014,05,16,7,725.92634
2014,05,17,0,724.7293
2014,05,17,1,723.47047
2014,05,17,2,724.08094
2014,05,17,3,724.19348
2014,05,17,4,724.27851
2014,05,17,5,724.5981
2014,05,17,6,723.86923
2014,05,17,7,722.76756
2014,05,18,0,720.76685
2014,05,18,1,719.25929
2014,05,18,2,718.81908
2014,05,18,3,719.33498
2014,05,18,4,719.56503
2014,05,18,5,719.12691
2014,05,18,6,717.42306
2014,05,18,7,715.55699
2014,05,19,0,714.18668
2014,05,19,1,713.83836
2014,05,19,2,713.19978
2014,05,19,3,712.28742
2014,05,19,4,712.31549
2014,05,19,5,711.95171
2014,05,19,6,711.45439
2014,05,19,7,711.58103
2014,05,20,0,711.47878
2014,05,20,1,711.8528
2014,05,20,2,713.38272
2014,05,20,3,714.78198
2014,05,20,4,715.36796
2014,05,20,5,715.89419
2014,05,20,6,716.31915
2014,05,20,7,716.79414
2014,05,21,0,717.56636
2014,05,21,1,717.66654
2014,05,21,2,717.9401
2014,05,21,3,717.75127
2014,05,21,4,717.18493
2014,05,21,5,716.93023
2014,05,21,6,717.03475
2014,05,21,7,717.24231
2014,05,22,0,717.78095
2014,05,22,1,718.1986
2014,05,22,2,718.37939
2014,05,22,3,718.64416
2014,05,22,4,719.11717
2014,05,22,5,719.03587
2014,05,22,6,719.06145
2014,05,22,7,718.60442
2014,05,23,0,718.67729
2014,05,23,1,718.62287
2014,05,23,2,718.48674
2014,05,23,3,718.56352
2014,05,23,4,718.84934
2014,05,23,5,719.46027
2014,05,23,6,720.64719
2014,05,23,7,721.83143
2014,05,24,0,722.54776
2014,05,24,1,722.73517
2014,05,24,2,722.71335
2014,05,24,3,722.64039
2014,05,24,4,722.91487
2014,05,24,5,723.36885
2014,05,24,6,723.38924
2014,05,24,7,723.63551
2014,05,25,0,723.31294
2014,05,25,1,722.59978
2014,05,25,2,721.97437
2014,05,25,3,721.55912
2014,05,25,4,722.3939
2014,05,25,5,723.25741
2014,05,25,6,723.11113
2014,05,25,7,722.35358
2014,05,26,0,721.20947
2014,05,26,1,720.29635
2014,05,26,2,719.83843
2014,05,26,3,719.89407
2014,05,26,4,719.36662
2014,05,26,5,718.58292
2014,05,26,6,718.05209
2014,05,26,7,717.93457
2014,05,27,0,717.18819
2014,05,27,1,716.45589
2014,05,27,2,716.29189
2014,05,27,3,716.16164
2014,05,27,4,715.54998
2014,05,27,5,714.72235
2014,05,27,6,714.2637
2014,05,27,7,713.81453
2014,05,28,0,713.31697
2014,05,28,1,713.06251
2014,05,28,2,714.19348
2014,05,28,3,715.87761
2014,05,28,4,716.35211
2014,05,28,5,716.06959
2014,05,28,6,714.34836
2014,05,28,7,712.13394
2014,05,29,0,711.33536
2014,05,29,1,711.47322
2014,05,29,2,712.35685
2014,05,29,3,713.04848
2014,05,29,4,713.55826
2014,05,29,5,714.89377
2014,05,29,6,714.91039
2014,05,29,7,714.71542
2014,05,30,0,715.16332
2014,05,30,1,715.76923
2014,05,30,2,716.7287
2014,05,30,3,717.59697
2014,05,30,4,718.1063
2014,05,30,5,719.07619
2014,05,30,6,719.46454
2014,05,30,7,719.64636
2014,05,1,0,720.19687
2014,05,1,1,720.55933
2014,05,1,2,720.71741
2014,05,1,3,721.23243
2014,05,1,4,721.17648
2014,05,1,5,721.00089
2014,05,1,6,721.22048
2014,05,1,7,721.19596
2014,05,2,0,721.14607
2014,05,2,1,720.62174
2014,05,2,2,719.98241
2014,05,2,3,719.32046
2014,05,2,4,718.5162
2014,05,2,5,717.80643
2014,05,2,6,716.90493
2014,05,2,7,716.11696
2014,05,3,0,714.88973
2014,05,3,1,713.66929
2014,05,3,2,712.62041
2014,05,3,3,711.48281
2014,05,3,4,710.74172
2014,05,3,5,709.94888
2014,05,3,6,708.94902
2014,05,3,7,708.15884
2014,05,4,0,707.33458
2014,05,4,1,706.7372
2014,05,4,2,706.40029
2014,05,4,3,706.12155
2014,05,4,4,705.64209
2014,05,4,5,705.37617
2014,05,4,6,705.38938
2014,05,4,7,705.53995
2014,05,5,0,705.6221
2014,05,5,1,705.72886
2014,05,5,2,706.10681
2014,05,5,3,706.41338
2014,05,5,4,706.22554
2014,05,5,5,706.13273
2014,05,5,6,706.15932
2014,05,5,7,706.17619
2014,05,6,0,706.45656
2014,05,6,1,706.61166
2014,05,6,2,707.0573
2014,05,6,3,707.7251
2014,05,6,4,707.94012
2014,05,6,5,708.14846
2014,05,6,6,708.05674
2014,05,6,7,707.94969
2014,05,7,0,707.48742
2014,05,7,1,706.81443
2014,05,7,2,707.45374
2014,05,7,3,707.91112
2014,05,7,4,707.05975
2014,05,7,5,705.97608
2014,05,7,6,706.1811
2014,05,7,7,705.98445
2014,05,8,0,705.5918
2014,05,8,1,704.39184
2014,05,8,2,703.83676
2014,05,8,3,703.7512
2014,05,8,4,703.62656
2014,05,8,5,703.4747
2014,05,8,6,703.98546
2014,05,8,7,703.69785
2014,05,9,0,701.93749
2014,05,9,1,700.76208
2014,05,9,2,701.19504
2014,05,9,3,702.11316
2014,05,9,4,702.27557
2014,05,9,5,701.78116
2014,05,9,6,701.67278
2014,05,9,7,701.73869
2014,05,10,0,701.29523
2014,05,10,1,700.61257
2014,05,10,2,700.20012
2014,05,10,3,699.89792
2014,05,10,4,699.53723
2014,05,10,5,699.1287
2014,05,10,6,699.25708
2014,05,10,7,699.90813
2014,05,11,0,700.58594
2014,05,11,1,700.74927
2014,05,11,2,701.81137
2014,05,11,3,702.87509
2014,05,11,4,703.87544
2014,05,11,5,704.84886
2014,05,11,6,706.20556
2014,05,11,7,706.97159
2014,05,12,0,707.51236
2014,05,12,1,707.4889
2014,05,12,2,707.47304
2014,05,12,3,707.56059
2014,05,12,4,706.2587
2014,05,12,5,705.8008
2014,05,12,6,705.3516
2014,05,12,7,704.91858
2014,05,13,0,705.00875
2014,05,13,1,705.46742
2014,05,13,2,706.43851
2014,05,13,3,707.2589
2014,05,13,4,708.83039
2014,05,13,5,710.13676
2014,05,13,6,710.39137
2014,05,13,7,709.99182
2014,05,14,0,710.13972
2014,05,14,1,710.30645
2014,05,14,2,710.30299
2014,05,14,3,710.04495
2014,05,14,4,709.19066
2014,05,14,5,708.65818
2014,05,14,6,709.14574
2014,05,14,7,709.47728
2014,05,15,0,709.92172
2014,05,15,1,710.24294
2014,05,15,2,710.78828
2014,05,15,3,710.26053
2014,05,15,4,708.82336
2014,05,15,5,707.2607
2014,05,15,6,706.32991
2014,05,15,7,705.90578
2014,05,16,0,705.81787
2014,05,16,1,706.21867
2014,05,16,2,706.87513
2014,05,16,3,708.06042
2014,05,16,4,709.34629
2014,05,16,5,710.0152
2014,05,16,6,711.31473
2014,05,16,7,712.27084
2014,05,17,0,711.49759
2014,05,17,1,710.14139
2014,05,17,2,709.65875
2014,05,17,3,709.14586
2014,05,17,4,709.81027
2014,05,17,5,710.73132
2014,05,17,6,712.10316
2014,05,17,7,714.00379
2014,05,18,0,715.22686
2014,05,18,1,716.09061
2014,05,18,2,717.49221
2014,05,18,3,718.70037
2014,05,18,4,719.25321
2014,05,18,5,719.95282
2014,05,18,6,721.11406
2014,05,18,7,721.66008
2014,05,19,0,722.35069
2014,05,19,1,722.91029
2014,05,19,2,723.31244
2014,05,19,3,723.79181
2014,05,19,4,724.11156
2014,05,19,5,724.53355
2014,05,19,6,725.00599
2014,05,19,7,724.97906
2014,05,20,0,725.70967
2014,05,20,1,726.39692
2014,05,20,2,726.39583
2014,05,20,3,726.61798
2014,05,20,4,726.63824
2014,05,20,5,726.68752
2014,05,20,6,726.41545
2014,05,20,7,726.138
2014,05,21,0,725.99902
2014,05,21,1,725.55193
2014,05,21,2,725.10666
2014,05,21,3,724.95832
2014,05,21,4,724.44618
2014,05,21,5,723.74887
2014,05,21,6,723.4889
2014,05,21,7,722.46965
2014,05,22,0,721.94268
2014,05,22,1,721.83873
2014,05,22,2,721.54297
2014,05,22,3,720.73875
2014,05,22,4,719.47097
2014,05,22,5,717.11474
2014,05,22,6,713.06514
2014,05,22,7,710.80042
2014,05,23,0,709.80471
2014,05,23,1,708.96282
2014,05,23,2,708.96155
2014,05,23,3,709.01227
2014,05,23,4,708.94218
2014,05,23,5,708.99207
2014,05,23,6,709.54225
2014,05,23,7,710.08959
2014,05,24,0,710.10384
2014,05,24,1,709.80737
2014,05,24,2,709.72205
2014,05,24,3,709.82249
2014,05,24,4,709.56076
2014,05,24,5,709.27204
2014,05,24,6,708.1085
2014,05,24,7,707.64021
2014,05,25,0,707.45123
2014,05,25,1,707.62018
2014,05,25,2,708.51882
2014,05,25,3,709.83793
2014,05,25,4,710.21681
2014,05,25,5,710.911
2014,05,25,6,711.46151
2014,05,25,7,711.68262
2014,05,26,0,711.69434
2014,05,26,1,711.29279
2014,05,26,2,710.80863
2014,05,26,3,710.05638
2014,05,26,4,709.42485
2014,05,26,5,708.46038
2014,05,26,6,707.0914
2014,05,26,7,706.00352
2014,05,27,0,705.34743
2014,05,27,1,704.53518
2014,05,27,2,704.17035
2014,05,27,3,704.07993
2014,05,27,4,703.31935
2014,05,27,5,702.71976
2014,05,27,6,703.0181
2014,05,27,7,703.65731
2014,05,28,0,704.48821
2014,05,28,1,705.44323
2014,05,28,2,706.30364
2014,05,28,3,707.24808
2014,05,28,4,708.15627
2014,05,28,5,709.3232
2014,05,28,6,709.58766
2014,05,28,7,709.74915
2014,05,29,0,710.30753
2014,05,29,1,710.83078
2014,05,29,2,710.53405
2014,05,29,3,710.00072
2014,05,29,4,709.51128
2014,05,29,5,709.35275
2014,05,29,6,709.97751
2014,05,29,7,711.04427
2014,05,30,0,711.79926
2014,05,30,1,712.61002
2014,05,30,2,713.2868
2014,05,30,3,714.11618
2014,05,30,4,715.05684
2014,05,30,5,715.84848
2014,05,30,6,716.20468
2014,05,30,7,716.17979
2014,05,31,0,716.72128
2014,05,31,1,717.11278
2014,05,31,2,717.19353
2014,05,31,3,717.26493
2014,05,31,4,716.78033
2014,05,31,5,716.28729
2014,05,31,6,715.86863
2014,05,31,7,715.70205
2014,05,1,0,715.87539
2014,05,1,1,715.64863
2014,05,1,2,715.07421
2014,05,1,3,714.26212
2014,05,1,4,713.55772
2014,05,1,5,713.21698
2014,05,1,6,712.85432
2014,05,1,7,712.12958
2014,05,2,0,710.74807
2014,05,2,1,709.72679
2014,05,2,2,709.37504
2014,05,2,3,709.51513
2014,05,2,4,708.76427
2014,05,2,5,708.77954
2014,05,2,6,709.09719
2014,05,2,7,709.51003
2014,05,3,0,710.38488
2014,05,3,1,711.33175
2014,05,3,2,711.61745
2014,05,3,3,711.91581
2014,05,3,4,712.48627
2014,05,3,5,713.15167
2014,05,3,6,713.43807
2014,05,3,7,714.0726
2014,05,4,0,714.13712
2014,05,4,1,713.63166
2014,05,4,2,713.86896
2014,05,4,3,713.83876
2014,05,4,4,712.77799
2014,05,4,5,711.86288
2014,05,4,6,711.30879
2014,05,4,7,710.5802
2014,05,5,0,710.40894
2014,05,5,1,710.30777
2014,05,5,2,710.06148
2014,05,5,3,710.04361
2014,05,5,4,710.13006
2014,05,5,5,710.13128
2014,05,5,6,710.11177
2014,05,5,7,710.45461
2014,05,6,0,711.20779
2014,05,6,1,711.66734
2014,05,6,2,711.64151
2014,05,6,3,711.8733
2014,05,6,4,712.00192
2014,05,6,5,712.30436
2014,05,6,6,712.39695
2014,05,6,7,712.13568
2014,05,7,0,712.75799
2014,05,7,1,713.88989
2014,05,7,2,714.19681
2014,05,7,3,714.25253
2014,05,7,4,714.40191
2014,05,7,5,714.69686
2014,05,7,6,714.47355
2014,05,7,7,714.43949
2014,05,8,0,714.99069
2014,05,8,1,715.41091
2014,05,8,2,715.49573
2014,05,8,3,715.43301
2014,05,8,4,715.24077
2014,05,8,5,715.00935
2014,05,8,6,715.3534
2014,05,8,7,715.96527
2014,05,9,0,715.90365
2014,05,9,1,715.26442
2014,05,9,2,715.28806
2014,05,9,3,715.37773
2014,05,9,4,714.86479
2014,05,9,5,714.04382
2014,05,9,6,712.91534
2014,05,9,7,712.19587
2014,05,10,0,711.85118
2014,05,10,1,711.50307
2014,05,10,2,711.40053
2014,05,10,3,711.39923
2014,05,10,4,710.63375
2014,05,10,5,709.91632
2014,05,10,6,709.21804
2014,05,10,7,708.54421
2014,05,11,0,708.04944
2014,05,11,1,707.65657
2014,05,11,2,707.56873
2014,05,11,3,707.39158
2014,05,11,4,707.30038
2014,05,11,5,707.3943
2014,05,11,6,707.61489
2014,05,11,7,707.99671
2014,05,12,0,708.32925
2014,05,12,1,708.42309
2014,05,12,2,708.44663
2014,05,12,3,708.53794
2014,05,12,4,708.00611
2014,05,12,5,708.48909
2014,05,12,6,709.12868
2014,05,12,7,709.47363
2014,05,13,0,709.96718
2014,05,13,1,710.96602
2014,05,13,2,711.43184
2014,05,13,3,711.84348
2014,05,13,4,712.33259
2014,05,13,5,712.52072
2014,05,13,6,712.39921
2014,05,13,7,712.20531
2014,05,14,0,712.35571
2014,05,14,1,712.47362
2014,05,14,2,712.45628
2014,05,14,3,712.52799
2014,05,14,4,712.45228
2014,05,14,5,712.25575
2014,05,14,6,712.05704
2014,05,14,7,712.30998
2014,05,15,0,713.09391
2014,05,15,1,713.59606
2014,05,15,2,713.44629
2014,05,15,3,713.38214
2014,05,15,4,712.6907
2014,05,15,5,711.84819
2014,05,15,6,710.94372
2014,05,15,7,710.3009
2014,05,16,0,709.2654
2014,05,16,1,708.61317
2014,05,16,2,708.66677
2014,05,16,3,708.74166
2014,05,16,4,708.73817
2014,05,16,5,708.447
2014,05,16,6,707.9622
2014,05,16,7,707.6688
2014,05,17,0,707.12629
2014,05,17,1,706.18425
2014,05,17,2,704.88366
2014,05,17,3,703.81871
2014,05,17,4,702.84025
2014,05,17,5,702.3598
2014,05,17,6,701.76661
2014,05,17,7,701.23407
2014,05,18,0,701.01623
2014,05,18,1,700.73322
2014,05,18,2,700.58444
2014,05,18,3,700.41385
2014,05,18,4,700.09396
2014,05,18,5,700.31354
2014,05,18,6,700.84237
2014,05,18,7,701.99611
2014,05,19,0,702.7364
2014,05,19,1,703.68514
2014,05,19,2,704.69021
2014,05,19,3,705.87773
2014,05,19,4,707.27583
2014,05,19,5,708.59771
2014,05,19,6,709.58153
2014,05,19,7,710.66353
2014,05,20,0,711.71849
2014,05,20,1,712.77572
2014,05,20,2,712.80185
2014,05,20,3,713.17983
2014,05,20,4,713.53585
2014,05,20,5,713.43013
2014,05,20,6,713.49363
2014,05,20,7,713.62439
2014,05,21,0,713.80346
2014,05,21,1,714.09253
2014,05,21,2,714.39839
2014,05,21,3,715.10312
2014,05,21,4,715.71455
2014,05,21,5,716.30653
2014,05,21,6,717.07534
2014,05,21,7,717.94279
2014,05,22,0,718.16555
2014,05,22,1,717.9096
2014,05,22,2,717.19938
2014,05,22,3,716.40081
2014,05,22,4,714.89215
2014,05,22,5,713.92033
2014,05,22,6,713.36673
2014,05,22,7,712.82084
2014,05,23,0,712.37545
2014,05,23,1,711.54073
2014,05,23,2,710.26189
2014,05,23,3,708.74081
2014,05,23,4,708.39171
2014,05,23,5,709.2918
2014,05,23,6,710.40345
2014,05,23,7,713.1705
2014,05,24,0,716.46456
2014,05,24,1,719.94777
2014,05,24,2,721.54819
2014,05,24,3,721.88435
2014,05,24,4,722.44702
2014,05,24,5,723.01145
2014,05,24,6,722.72802
2014,05,24,7,722.78487
2014,05,25,0,723.39166
2014,05,25,1,724.17543
2014,05,25,2,723.57684
2014,05,25,3,722.04208
2014,05,25,4,720.80926
2014,05,25,5,718.51132
2014,05,25,6,717.62774
2014,05,25,7,719.33479
2014,05,26,0,721.99587
2014,05,26,1,724.71945
2014,05,26,2,726.38948
2014,05,26,3,725.80342
2014,05,26,4,724.3371
2014,05,26,5,723.21444
2014,05,26,6,725.031
2014,05,26,7,727.49739
2014,05,27,0,729.0536
2014,05,27,1,730.60363
2014,05,27,2,732.47
2014,05,27,3,734.15738
2014,05,27,4,733.88321
2014,05,27,5,733.26735
2014,05,27,6,733.19047
2014,05,27,7,733.43012
2014,05,28,0,733.01296
2014,05,28,1,732.44542
2014,05,28,2,732.16632
2014,05,28,3,731.53938
2014,05,28,4,731.54015
2014,05,28,5,731.92312
2014,05,28,6,732.51797
2014,05,28,7,732.50804
2014,05,29,0,731.2766
2014,05,29,1,730.73053
2014,05,29,2,730.63396
2014,05,29,3,729.9154
2014,05,29,4,729.13156
2014,05,29,5,728.5015
2014,05,29,6,728.34528
2014,05,29,7,728.46243
2014,05,30,0,728.13704
2014,05,30,1,727.73445
2014,05,30,2,728.40304
2014,05,30,3,728.86791
2014,05,30,4,727.80607
2014,05,30,5,727.05025
2014,05,30,6,726.54336
2014,05,30,7,726.11112
2014,05,31,0,725.28653
2014,05,31,1,724.44868
2014,05,31,2,724.38998
2014,05,31,3,723.75405
2014,05,31,4,723.47439
2014,05,31,5,723.00784
2014,05,31,6,722.73163
2014,05,31,7,722.59151
2014,05,1,0,721.69015
2014,05,1,1,720.69017
2014,05,1,2,719.79217
2014,05,1,3,719.03003
2014,05,1,4,718.85056
2014,05,1,5,718.59607
2014,05,1,6,718.71114
2014,05,1,7,719.05811
2014,05,2,0,719.3266
2014,05,2,1,719.59762
2014,05,2,2,719.89373
2014,05,2,3,720.3921
2014,05,2,4,719.84675
2014,05,2,5,719.33895
2014,05,2,6,719.39115
2014,05,2,7,719.04066
2014,05,3,0,718.66642
2014,05,3,1,718.26516
2014,05,3,2,717.36528
2014,05,3,3,716.88958
2014,05,3,4,716.84238
2014,05,3,5,716.3159
2014,05,3,6,715.93903
2014,05,3,7,716.08224
2014,05,4,0,715.9347
2014,05,4,1,715.70471
2014,05,4,2,715.35236
2014,05,4,3,714.53978
2014,05,4,4,714.24068
2014,05,4,5,713.77446
2014,05,4,6,712.92879
2014,05,4,7,712.50523
2014,05,5,0,712.24525
2014,05,5,1,711.7201
2014,05,5,2,711.61341
2014,05,5,3,711.75717
2014,05,5,4,712.19738
2014,05,5,5,712.93351
2014,05,5,6,713.46238
2014,05,5,7,713.68096
2014,05,6,0,713.62295
2014,05,6,1,712.82971
2014,05,6,2,712.03521
2014,05,6,3,711.51228
2014,05,6,4,710.59326
2014,05,6,5,709.73746
2014,05,6,6,709.18353
2014,05,6,7,708.71277
2014,05,7,0,709.04728
2014,05,7,1,709.65597
2014,05,7,2,709.76488
2014,05,7,3,710.51579
2014,05,7,4,711.72381
2014,05,7,5,712.56141
2014,05,7,6,713.8245
2014,05,7,7,715.00102
2014,05,8,0,715.77359
2014,05,8,1,716.38994
2014,05,8,2,717.25484
2014,05,8,3,717.90961
2014,05,8,4,717.97804
2014,05,8,5,718.22144
2014,05,8,6,718.85926
2014,05,8,7,719.63074
2014,05,9,0,720.75921
2014,05,9,1,722.04688
2014,05,9,2,722.9854
2014,05,9,3,723.56222
2014,05,9,4,723.80499
2014,05,9,5,724.41659
2014,05,9,6,724.42424
2014,05,9,7,724.34645
2014,05,10,0,724.6436
2014,05,10,1,724.119
2014,05,10,2,723.92135
2014,05,10,3,723.80361
2014,05,10,4,723.06595
2014,05,10,5,722.6538
2014,05,10,6,723.34832
2014,05,10,7,724.30742
2014,05,11,0,724.88598
2014,05,11,1,725.50002
2014,05,11,2,725.52215
2014,05,11,3,725.41752
2014,05,11,4,725.71913
2014,05,11,5,726.05241
2014,05,11,6,726.71958
2014,05,11,7,726.80833
2014,05,12,0,727.32768
2014,05,12,1,727.78362
2014,05,12,2,727.05743
2014,05,12,3,726.5666
2014,05,12,4,726.19373
2014,05,12,5,725.01817
2014,05,12,6,724.57533
2014,05,12,7,723.77777
2014,05,13,0,722.9489
2014,05,13,1,722.49434
2014,05,13,2,722.01623
2014,05,13,3,721.92986
2014,05,13,4,722.64895
2014,05,13,5,722.65171
2014,05,13,6,721.70281
2014,05,13,7,720.70724
2014,05,14,0,720.31243
2014,05,14,1,719.45825
2014,05,14,2,719.43831
2014,05,14,3,719.11846
2014,05,14,4,718.28108
2014,05,14,5,717.82271
2014,05,14,6,717.44822
2014,05,14,7,717.29255
2014,05,15,0,716.6512
2014,05,15,1,716.0504
2014,05,15,2,716.46025
2014,05,15,3,717.35384
2014,05,15,4,717.42908
2014,05,15,5,717.77804
2014,05,15,6,718.75532
2014,05,15,7,719.22153
2014,05,16,0,719.3843
2014,05,16,1,719.06355
2014,05,16,2,718.97532
2014,05,16,3,719.05459
2014,05,16,4,719.25684
2014,05,16,5,719.54278
2014,05,16,6,719.90107
2014,05,16,7,720.42936
2014,05,17,0,721.37099
2014,05,17,1,722.09535
2014,05,17,2,722.91383
2014,05,17,3,723.8641
2014,05,17,4,724.69328
2014,05,17,5,725.14765
2014,05,17,6,726.07582
2014,05,17,7,726.80959
2014,05,18,0,726.99829
2014,05,18,1,726.94469
2014,05,18,2,726.81084
2014,05,18,3,726.43605
2014,05,18,4,725.39861
2014,05,18,5,724.40675
2014,05,18,6,724.44897
2014,05,18,7,724.13623
2014,05,19,0,723.38997
2014,05,19,1,723.16063
2014,05,19,2,723.21473
2014,05,19,3,722.81532
2014,05,19,4,721.0992
2014,05,19,5,719.8542
2014,05,19,6,720.28366
2014,05,19,7,720.94984
2014,05,20,0,720.90318
2014,05,20,1,721.51812
2014,05,20,2,722.57261
2014,05,20,3,723.52621
2014,05,20,4,723.77569
2014,05,20,5,724.02318
2014,05,20,6,724.40531
2014,05,20,7,724.32944
2014,05,21,0,724.19068
2014,05,21,1,724.08383
2014,05,21,2,724.49158
2014,05,21,3,725.27657
2014,05,21,4,725.46072
2014,05,21,5,725.30414
2014,05,21,6,725.37716
2014,05,21,7,725.48425
2014,05,22,0,724.94427
2014,05,22,1,723.80126
2014,05,22,2,722.95722
2014,05,22,3,722.05824
2014,05,22,4,721.34547
2014,05,22,5,721.19618
2014,05,22,6,720.42752
2014,05,22,7,720.01715
2014,05,23,0,719.07693
2014,05,23,1,718.50382
2014,05,23,2,718.9606
2014,05,23,3,719.10411
2014,05,23,4,719.0089
2014,05,23,5,718.68239
2014,05,23,6,718.96371
2014,05,23,7,719.72669
2014,05,24,0,719.86099
2014,05,24,1,719.67653
2014,05,24,2,720.69799
2014,05,24,3,721.84429
2014,05,24,4,721.90153
2014,05,24,5,721.96604
2014,05,24,6,721.65912
2014,05,24,7,720.80879
2014,05,25,0,720.42014
2014,05,25,1,719.50337
2014,05,25,2,718.50884
2014,05,25,3,717.59931
2014,05,25,4,716.55082
2014,05,25,5,715.84078
2014,05,25,6,715.83786
2014,05,25,7,716.01083
2014,05,26,0,715.01577
2014,05,26,1,714.51769
2014,05,26,2,714.86301
2014,05,26,3,715.18601
2014,05,26,4,715.30582
2014,05,26,5,715.83618
2014,05,26,6,716.92588
2014,05,26,7,717.62555
2014,05,27,0,718.15449
2014,05,27,1,718.33738
2014,05,27,2,718.97712
2014,05,27,3,719.27177
2014,05,27,4,719.44731
2014,05,27,5,719.94647
2014,05,27,6,720.73467
2014,05,27,7,721.47314
2014,05,28,0,722.21551
2014,05,28,1,722.86124
2014,05,28,2,722.89603
2014,05,28,3,723.11252
2014,05,28,4,724.10133
2014,05,28,5,725.23597
2014,05,28,6,726.43639
2014,05,28,7,727.64231
2014,05,29,0,728.2934
2014,05,29,1,728.7964
2014,05,29,2,731.25512
2014,05,29,3,733.16893
2014,05,29,4,732.29547
2014,05,29,5,731.68651
2014,05,29,6,731.962
2014,05,29,7,731.77209
2014,05,30,0,730.87858
2014,05,30,1,729.9781
2014,05,30,2,729.70691
2014,05,30,3,729.40258
2014,05,30,4,728.68657
2014,05,30,5,727.64224
2014,05,30,6,727.17926
2014,05,30,7,726.30664
2014,05,1,0,724.76699
2014,05,1,1,723.17082
2014,05,1,2,721.63271
2014,05,1,3,720.23303
2014,05,1,4,720.15528
2014,05,1,5,720.7382
2014,05,1,6,720.16714
2014,05,1,7,718.35652
2014,05,2,0,716.25623
2014,05,2,1,714.64279
2014,05,2,2,713.47668
2014,05,2,3,712.08044
2014,05,2,4,711.93474
2014,05,2,5,712.22364
2014,05,2,6,711.53968
2014,05,2,7,710.80362
2014,05,3,0,711.05411
2014,05,3,1,710.99883
2014,05,3,2,711.96909
2014,05,3,3,713.32081
2014,05,3,4,713.48249
2014,05,3,5,713.58927
2014,05,3,6,714.07501
2014,05,3,7,714.67914
2014,05,4,0,714.98519
2014,05,4,1,714.65757
2014,05,4,2,714.86202
2014,05,4,3,715.09823
2014,05,4,4,714.507
2014,05,4,5,713.77707
2014,05,4,6,712.97959
2014,05,4,7,712.1399
2014,05,5,0,711.82439
2014,05,5,1,711.24028
2014,05,5,2,710.69537
2014,05,5,3,710.03228
2014,05,5,4,709.68731
2014,05,5,5,709.37862
2014,05,5,6,709.15556
2014,05,5,7,709.09434
2014,05,6,0,709.07211
2014,05,6,1,709.06615
2014,05,6,2,709.01512
2014,05,6,3,708.75946
2014,05,6,4,708.07458
2014,05,6,5,707.11381
2014,05,6,6,706.59157
2014,05,6,7,705.89234
2014,05,7,0,704.88375
2014,05,7,1,703.7732
2014,05,7,2,703.40677
2014,05,7,3,703.04465
2014,05,7,4,701.95074
2014,05,7,5,701.28158
2014,05,7,6,701.76543
2014,05,7,7,702.13339
2014,05,8,0,702.36853
2014,05,8,1,702.60089
2014,05,8,2,702.54485
2014,05,8,3,702.19298
2014,05,8,4,702.1995
2014,05,8,5,702.6441
2014,05,8,6,702.97584
2014,05,8,7,702.96066
2014,05,9,0,703.666
2014,05,9,1,704.74549
2014,05,9,2,704.84394
2014,05,9,3,704.83096
2014,05,9,4,704.94827
2014,05,9,5,705.00909
2014,05,9,6,704.85232
2014,05,9,7,704.37694
2014,05,10,0,704.32956
2014,05,10,1,704.00487
2014,05,10,2,703.61962
2014,05,10,3,703.67594
2014,05,10,4,703.6732
2014,05,10,5,703.39656
2014,05,10,6,703.88431
2014,05,10,7,704.29058
2014,05,11,0,704.43328
2014,05,11,1,704.38584
2014,05,11,2,704.71128
2014,05,11,3,705.13843
2014,05,11,4,705.50228
2014,05,11,5,705.45484
2014,05,11,6,705.6929
2014,05,11,7,706.02334
2014,05,12,0,705.90116
2014,05,12,1,705.20911
2014,05,12,2,704.30212
2014,05,12,3,704.13401
2014,05,12,4,704.27298
2014,05,12,5,704.65845
2014,05,12,6,704.69693
2014,05,12,7,704.55747
2014,05,13,0,704.57191
2014,05,13,1,704.66187
2014,05,13,2,704.44126
2014,05,13,3,704.27159
2014,05,13,4,704.3543
2014,05,13,5,704.43675
2014,05,13,6,704.71344
2014,05,13,7,705.03481
2014,05,14,0,705.4837
2014,05,14,1,705.55283
2014,05,14,2,706.7875
2014,05,14,3,708.00433
2014,05,14,4,707.65023
2014,05,14,5,706.99277
2014,05,14,6,707.19462
2014,05,14,7,707.56307
2014,05,15,0,707.57312
2014,05,15,1,707.35124
2014,05,15,2,707.80002
2014,05,15,3,708.44025
2014,05,15,4,708.80358
2014,05,15,5,709.16669
2014,05,15,6,709.92909
2014,05,15,7,710.26094
2014,05,16,0,710.65961
2014,05,16,1,710.78053
2014,05,16,2,710.80481
2014,05,16,3,710.94945
2014,05,16,4,710.60682
2014,05,16,5,710.20528
2014,05,16,6,711.30842
2014,05,16,7,712.31812
2014,05,17,0,711.75665
2014,05,17,1,711.08835
2014,05,17,2,711.36943
2014,05,17,3,711.49147
2014,05,17,4,711.63175
2014,05,17,5,711.34447
2014,05,17,6,711.30162
2014,05,17,7,711.63071
2014,05,18,0,711.46517
2014,05,18,1,711.30496
2014,05,18,2,711.9031
2014,05,18,3,712.54288
2014,05,18,4,712.89637
2014,05,18,5,713.45162
2014,05,18,6,714.65177
2014,05,18,7,715.40077
2014,05,19,0,716.32697
2014,05,19,1,717.19658
2014,05,19,2,717.76636
2014,05,19,3,718.33158
2014,05,19,4,719.04266
2014,05,19,5,719.99757
2014,05,19,6,721.40125
2014,05,19,7,722.24312
2014,05,20,0,722.9134
2014,05,20,1,723.40026
2014,05,20,2,723.65021
2014,05,20,3,723.80867
2014,05,20,4,723.4248
2014,05,20,5,722.82143
2014,05,20,6,722.83554
2014,05,20,7,721.93431
2014,05,21,0,720.44795
2014,05,21,1,719.89769
2014,05,21,2,719.79457
2014,05,21,3,719.60124
2014,05,21,4,718.34615
2014,05,21,5,717.15999
2014,05,21,6,717.97517
2014,05,21,7,718.57131
2014,05,22,0,716.70794
2014,05,22,1,715.56072
2014,05,22,2,717.01705
2014,05,22,3,718.05696
2014,05,22,4,717.89174
2014,05,22,5,717.38889
2014,05,22,6,718.73942
2014,05,22,7,720.13476
2014,05,23,0,720.85423
2014,05,23,1,721.23643
2014,05,23,2,721.33621
2014,05,23,3,720.91605
2014,05,23,4,720.37482
2014,05,23,5,720.18269
2014,05,23,6,721.08287
2014,05,23,7,722.3848
2014,05,24,0,722.59334
2014,05,24,1,723.22631
2014,05,24,2,724.33802
2014,05,24,3,724.44729
2014,05,24,4,724.00704
2014,05,24,5,724.22746
2014,05,24,6,726.38447
2014,05,24,7,727.84832
2014,05,25,0,727.74742
2014,05,25,1,727.56477
2014,05,25,2,728.35281
2014,05,25,3,729.4648
2014,05,25,4,729.86712
2014,05,25,5,729.64575
2014,05,25,6,730.32339
2014,05,25,7,731.02097
2014,05,26,0,731.25857
2014,05,26,1,730.73949
2014,05,26,2,730.31701
2014,05,26,3,729.93378
2014,05,26,4,728.97919
2014,05,26,5,727.22317
2014,05,26,6,725.22939
2014,05,26,7,724.25109
2014,05,27,0,724.2216
2014,05,27,1,724.01917
2014,05,27,2,724.26112
2014,05,27,3,724.48025
2014,05,27,4,723.87738
2014,05,27,5,723.18256
2014,05,27,6,723.39511
2014,05,27,7,723.56489
2014,05,28,0,722.05053
2014,05,28,1,720.60841
2014,05,28,2,721.294
2014,05,28,3,722.07357
2014,05,28,4,722.54153
2014,05,28,5,723.12592
2014,05,28,6,723.70609
2014,05,28,7,723.98518
2014,05,29,0,723.8567
2014,05,29,1,723.29895
2014,05,29,2,722.22157
2014,05,29,3,721.34366
2014,05,29,4,721.0418
2014,05,29,5,720.87738
2014,05,29,6,721.39995
2014,05,29,7,721.41236
2014,05,30,0,719.96887
2014,05,30,1,719.04083
2014,05,30,2,719.26037
2014,05,30,3,719.49829
2014,05,30,4,718.84275
2014,05,30,5,717.97108
2014,05,30,6,718.04581
2014,05,30,7,718.84388
2014,05,31,0,719.07725
2014,05,31,1,719.44365
2014,05,31,2,719.88189
2014,05,31,3,719.02176
2014,05,31,4,717.47532
2014,05,31,5,716.65087
2014,05,31,6,716.7201
2014,05,31,7,716.68636
2014,05,1,0,716.09282
2014,05,1,1,715.8396
2014,05,1,2,717.31849
2014,05,1,3,718.25163
2014,05,1,4,716.35496
2014,05,1,5,714.75913
2014,05,1,6,715.12989
2014,05,1,7,715.42051
2014,05,2,0,716.48261
2014,05,2,1,717.03081
2014,05,2,2,717.15429
2014,05,2,3,717.4619
2014,05,2,4,717.04775
2014,05,2,5,716.34588
2014,05,2,6,715.924
2014,05,2,7,715.54138
2014,05,3,0,715.69852
2014,05,3,1,716.21044
2014,05,3,2,717.24596
2014,05,3,3,718.29247
2014,05,3,4,717.90158
2014,05,3,5,717.31842
2014,05,3,6,717.57174
2014,05,3,7,718.37279
2014,05,4,0,718.02216
2014,05,4,1,716.78026
2014,05,4,2,717.28852
2014,05,4,3,718.05196
2014,05,4,4,718.3316
2014,05,4,5,717.90828
2014,05,4,6,717.5865
2014,05,4,7,717.52638
2014,05,5,0,716.94716
2014,05,5,1,716.3607
2014,05,5,2,716.17172
2014,05,5,3,715.85831
2014,05,5,4,716.39517
2014,05,5,5,716.8016
2014,05,5,6,717.84969
2014,05,5,7,718.97596
2014,05,6,0,719.97836
2014,05,6,1,720.35974
2014,05,6,2,720.17285
2014,05,6,3,720.30596
2014,05,6,4,720.53158
2014,05,6,5,720.58811
2014,05,6,6,720.84203
2014,05,6,7,721.35173
2014,05,7,0,721.35835
2014,05,7,1,721.40237
2014,05,7,2,722.07999
2014,05,7,3,722.58031
2014,05,7,4,722.26318
2014,05,7,5,721.99538
2014,05,7,6,721.88724
2014,05,7,7,721.37437
2014,05,8,0,721.0198
2014,05,8,1,720.78881
2014,05,8,2,720.74409
2014,05,8,3,720.51829
2014,05,8,4,720.23218
2014,05,8,5,720.34905
2014,05,8,6,720.09153
2014,05,8,7,719.81099
2014,05,9,0,720.08588
2014,05,9,1,719.87414
2014,05,9,2,720.42723
2014,05,9,3,720.87008
2014,05,9,4,720.60072
2014,05,9,5,720.23387
2014,05,9,6,720.77315
2014,05,9,7,721.20091
2014,05,10,0,721.10298
2014,05,10,1,721.22512
2014,05,10,2,721.25147
2014,05,10,3,720.86725
2014,05,10,4,720.43305
2014,05,10,5,720.20105
2014,05,10,6,720.40093
2014,05,10,7,720.35107
2014,05,11,0,720.17087
2014,05,11,1,719.86086
2014,05,11,2,719.93989
2014,05,11,3,719.96073
2014,05,11,4,719.63273
2014,05,11,5,719.15756
2014,05,11,6,719.42888
2014,05,11,7,719.62378
2014,05,12,0,719.37702
2014,05,12,1,719.13636
2014,05,12,2,719.24534
2014,05,12,3,719.1409
2014,05,12,4,719.18847
2014,05,12,5,719.06196
2014,05,12,6,718.80921
2014,05,12,7,718.68637
2014,05,13,0,718.2143
2014,05,13,1,717.57733
2014,05,13,2,717.96849
2014,05,13,3,718.2871
2014,05,13,4,718.63179
2014,05,13,5,718.70751
2014,05,13,6,718.23874
2014,05,13,7,717.49766
2014,05,14,0,717.00291
2014,05,14,1,716.33485
2014,05,14,2,714.91752
2014,05,14,3,712.9984
2014,05,14,4,711.53218
2014,05,14,5,710.19389
2014,05,14,6,709.21844
2014,05,14,7,708.0865
2014,05,15,0,707.3718
2014,05,15,1,706.79809
2014,05,15,2,706.08777
2014,05,15,3,706.04041
2014,05,15,4,706.60727
2014,05,15,5,707.54993
2014,05,15,6,708.72105
2014,05,15,7,709.66471
2014,05,16,0,709.77942
2014,05,16,1,709.95687
2014,05,16,2,711.50865
2014,05,16,3,712.99924
2014,05,16,4,714.57099
2014,05,16,5,715.90791
2014,05,16,6,717.09281
2014,05,16,7,717.69958
2014,05,17,0,718.01911
2014,05,17,1,717.92599
2014,05,17,2,717.78333
2014,05,17,3,717.13292
2014,05,17,4,715.90947
2014,05,17,5,714.50843
2014,05,17,6,713.65112
2014,05,17,7,713.32186
2014,05,18,0,712.82002
2014,05,18,1,712.1334
2014,05,18,2,711.63265
2014,05,18,3,711.36905
2014,05,18,4,711.21499
2014,05,18,5,711.28155
2014,05,18,6,712.45117
2014,05,18,7,713.74107
2014,05,19,0,714.57279
2014,05,19,1,715.13112
2014,05,19,2,716.25446
2014,05,19,3,717.22007
2014,05,19,4,717.97754
2014,05,19,5,718.53815
2014,05,19,6,719.40846
2014,05,19,7,720.3017
2014,05,20,0,720.56922
2014,05,20,1,720.31288
2014,05,20,2,720.58202
2014,05,20,3,720.41668
2014,05,20,4,719.70329
2014,05,20,5,719.02742
2014,05,20,6,718.98746
2014,05,20,7,718.63478
2014,05,21,0,718.68867
2014,05,21,1,718.75214
2014,05,21,2,718.80848
2014,05,21,3,718.87963
2014,05,21,4,718.81082
2014,05,21,5,718.709
2014,05,21,6,718.50648
2014,05,21,7,718.63484
2014,05,22,0,718.72681
2014,05,22,1,718.69402
2014,05,22,2,719.28499
2014,05,22,3,719.86664
2014,05,22,4,719.70167
2014,05,22,5,719.38337
2014,05,22,6,719.73962
2014,05,22,7,720.07804
2014,05,23,0,720.00664
2014,05,23,1,719.8921
2014,05,23,2,720.04345
2014,05,23,3,719.89238
2014,05,23,4,720.0065
2014,05,23,5,719.92056
2014,05,23,6,720.05944
2014,05,23,7,720.14491
2014,05,24,0,720.23666
2014,05,24,1,720.28227
2014,05,24,2,720.0392
2014,05,24,3,719.46278
2014,05,24,4,719.5013
2014,05,24,5,719.51596
2014,05,24,6,718.73692
2014,05,24,7,718.19246
2014,05,25,0,718.32487
2014,05,25,1,717.87717
2014,05,25,2,717.94179
2014,05,25,3,718.17915
2014,05,25,4,717.99393
2014,05,25,5,717.7144
2014,05,25,6,717.77978
2014,05,25,7,717.87893
2014,05,26,0,718.15698
2014,05,26,1,718.22522
2014,05,26,2,718.78194
2014,05,26,3,719.69177
2014,05,26,4,719.61842
2014,05,26,5,719.50762
2014,05,26,6,720.65063
2014,05,26,7,721.7702
2014,05,27,0,721.94651
2014,05,27,1,721.89948
2014,05,27,2,722.4679
2014,05,27,3,723.13477
2014,05,27,4,723.29841
2014,05,27,5,723.38456
2014,05,27,6,723.98007
2014,05,27,7,724.65906
2014,05,28,0,724.95394
2014,05,28,1,724.97963
2014,05,28,2,725.68079
2014,05,28,3,725.96821
2014,05,28,4,725.54557
2014,05,28,5,725.21492
2014,05,28,6,725.13834
2014,05,28,7,724.98125
2014,05,29,0,724.46809
2014,05,29,1,723.71348
2014,05,29,2,723.61575
2014,05,29,3,723.60589
2014,05,29,4,723.03081
2014,05,29,5,722.67009
2014,05,29,6,722.3822
2014,05,29,7,721.77478
2014,05,30,0,720.79249
2014,05,30,1,719.50472
2014,05,30,2,718.54387
2014,05,30,3,717.65496
2014,05,30,4,716.79635
2014,05,30,5,716.45986
2014,05,30,6,716.45161
2014,05,30,7,716.26015
2014,05,1,0,716.67576
2014,05,1,1,717.04432
2014,05,1,2,717.29796
2014,05,1,3,717.35583
2014,05,1,4,716.87654
2014,05,1,5,716.44807
2014,05,1,6,716.53813
2014,05,1,7,716.27667
2014,05,2,0,715.38834
2014,05,2,1,713.97417
2014,05,2,2,712.55803
2014,05,2,3,711.67423
2014,05,2,4,710.68652
2014,05,2,5,710.31542
2014,05,2,6,710.73009
2014,05,2,7,711.60768
2014,05,3,0,713.23976
2014,05,3,1,714.48257
2014,05,3,2,714.40406
2014,05,3,3,713.88917
2014,05,3,4,714.60519
2014,05,3,5,715.64201
2014,05,3,6,716.72246
2014,05,3,7,717.6924
2014,05,4,0,717.9507
2014,05,4,1,717.24166
2014,05,4,2,716.94783
2014,05,4,3,716.7609
2014,05,4,4,716.17186
2014,05,4,5,715.48291
2014,05,4,6,715.27558
2014,05,4,7,714.96139
2014,05,5,0,714.93171
2014,05,5,1,714.21554
2014,05,5,2,713.38846
2014,05,5,3,712.96315
2014,05,5,4,712.57224
2014,05,5,5,712.24811
2014,05,5,6,712.5313
2014,05,5,7,713.17402
2014,05,6,0,713.66926
2014,05,6,1,713.50668
2014,05,6,2,714.11104
2014,05,6,3,714.88386
2014,05,6,4,714.25125
2014,05,6,5,713.53356
2014,05,6,6,713.51721
2014,05,6,7,713.44137
2014,05,7,0,713.55236
2014,05,7,1,713.23488
2014,05,7,2,713.88367
2014,05,7,3,715.35005
2014,05,7,4,714.95504
2014,05,7,5,713.95728
2014,05,7,6,716.06283
2014,05,7,7,718.17181
2014,05,8,0,718.1972
2014,05,8,1,718.01174
2014,05,8,2,718.97777
2014,05,8,3,719.18052
2014,05,8,4,719.05894
2014,05,8,5,718.45099
2014,05,8,6,718.40649
2014,05,8,7,718.35862
2014,05,9,0,717.4306
2014,05,9,1,716.72062
2014,05,9,2,716.42609
2014,05,9,3,716.31257
2014,05,9,4,716.45344
2014,05,9,5,715.98645
2014,05,9,6,716.86055
2014,05,9,7,717.51311
2014,05,10,0,717.37174
2014,05,10,1,716.75217
2014,05,10,2,716.56678
2014,05,10,3,717.09536
2014,05,10,4,716.64432
2014,05,10,5,715.54801
2014,05,10,6,716.44243
2014,05,10,7,718.01305
2014,05,11,0,717.51321
2014,05,11,1,716.79746
2014,05,11,2,717.46852
2014,05,11,3,717.78951
2014,05,11,4,717.15822
2014,05,11,5,716.80126
2014,05,11,6,717.55994
2014,05,11,7,718.36281
2014,05,12,0,717.96326
2014,05,12,1,717.84202
2014,05,12,2,718.56129
2014,05,12,3,719.06098
2014,05,12,4,718.68194
2014,05,12,5,718.46498
2014,05,12,6,719.40599
2014,05,12,7,720.03039
2014,05,13,0,720.40493
2014,05,13,1,720.68205
2014,05,13,2,721.07537
2014,05,13,3,721.42997
2014,05,13,4,721.62809
2014,05,13,5,721.89236
2014,05,13,6,722.64103
2014,05,13,7,723.24743
2014,05,14,0,723.13262
2014,05,14,1,723.02732
2014,05,14,2,723.92128
2014,05,14,3,724.10782
2014,05,14,4,723.58095
2014,05,14,5,722.83336
2014,05,14,6,723.11387
2014,05,14,7,723.10671
2014,05,15,0,721.95658
2014,05,15,1,720.98091
2014,05,15,2,720.30262
2014,05,15,3,719.0928
2014,05,15,4,717.46882
2014,05,15,5,716.24087
2014,05,15,6,715.92126
2014,05,15,7,715.63921
2014,05,16,0,715.22714
2014,05,16,1,714.62814
2014,05,16,2,714.91291
2014,05,16,3,715.16527
2014,05,16,4,715.40787
2014,05,16,5,715.94945
2014,05,16,6,716.48857
2014,05,16,7,716.94251
2014,05,17,0,717.34654
2014,05,17,1,717.60011
2014,05,17,2,718.33625
2014,05,17,3,718.89014
2014,05,17,4,719.52422
2014,05,17,5,719.99234
2014,05,17,6,720.39555
2014,05,17,7,720.73522
2014,05,18,0,720.97078
2014,05,18,1,720.76449
2014,05,18,2,720.98831
2014,05,18,3,721.0389
2014,05,18,4,720.95411
2014,05,18,5,720.59279
2014,05,18,6,720.33058
2014,05,18,7,720.15751
2014,05,19,0,719.84269
2014,05,19,1,719.26818
2014,05,19,2,719.02026
2014,05,19,3,718.77779
2014,05,19,4,718.54083
2014,05,19,5,718.38785
2014,05,19,6,718.78725
2014,05,19,7,718.969
2014,05,20,0,719.13683
2014,05,20,1,718.82272
2014,05,20,2,719.11065
2014,05,20,3,719.39623
2014,05,20,4,719.56806
2014,05,20,5,719.69009
2014,05,20,6,720.26295
2014,05,20,7,720.87288
2014,05,21,0,720.59161
2014,05,21,1,719.96379
2014,05,21,2,720.09233
2014,05,21,3,720.24789
2014,05,21,4,720.33388
2014,05,21,5,719.92272
2014,05,21,6,720.4294
2014,05,21,7,721.15764
2014,05,22,0,721.84444
2014,05,22,1,722.11868
2014,05,22,2,722.91608
2014,05,22,3,723.67042
2014,05,22,4,723.97451
2014,05,22,5,723.98762
2014,05,22,6,724.12266
2014,05,22,7,724.34172
2014,05,23,0,724.09778
2014,05,23,1,723.4596
2014,05,23,2,723.76785
2014,05,23,3,724.13139
2014,05,23,4,723.71271
2014,05,23,5,723.06552
2014,05,23,6,722.92182
2014,05,23,7,722.99071
2014,05,24,0,722.85588
2014,05,24,1,722.46642
2014,05,24,2,722.231
2014,05,24,3,721.99116
2014,05,24,4,721.33486
2014,05,24,5,720.56657
2014,05,24,6,720.16193
2014,05,24,7,720.28631
2014,05,25,0,719.86347
2014,05,25,1,719.30904
2014,05,25,2,719.7431
2014,05,25,3,720.06002
2014,05,25,4,719.77021
2014,05,25,5,719.37975
2014,05,25,6,719.93565
2014,05,25,7,720.63687
2014,05,26,0,721.11675
2014,05,26,1,721.37527
2014,05,26,2,721.65985
2014,05,26,3,722.04774
2014,05,26,4,721.54212
2014,05,26,5,720.85648
2014,05,26,6,720.97789
2014,05,26,7,720.90994
2014,05,27,0,720.37156
2014,05,27,1,719.60676
2014,05,27,2,719.53874
2014,05,27,3,719.47253
2014,05,27,4,719.69832
2014,05,27,5,719.75427
2014,05,27,6,720.20709
2014,05,27,7,720.57917
2014,05,28,0,720.61727
2014,05,28,1,720.327
2014,05,28,2,720.08052
2014,05,28,3,719.73781
2014,05,28,4,719.39846
2014,05,28,5,718.9236
2014,05,28,6,719.12232
2014,05,28,7,719.52185
2014,05,29,0,718.93502
2014,05,29,1,718.68028
2014,05,29,2,719.19033
2014,05,29,3,719.31064
2014,05,29,4,719.1021
2014,05,29,5,718.94845
2014,05,29,6,719.45391
2014,05,29,7,720.13282
2014,05,30,0,720.13523
2014,05,30,1,720.23121
2014,05,30,2,720.42398
2014,05,30,3,720.59652
2014,05,30,4,720.78562
2014,05,30,5,720.86435
2014,05,30,6,721.28723
2014,05,30,7,721.59429
2014,05,31,0,721.46495
2014,05,31,1,721.43104
2014,05,31,2,722.23771
2014,05,31,3,723.18162
2014,05,31,4,723.38296
2014,05,31,5,723.51281
2014,05,31,6,723.94982
2014,05,31,7,724.36762
2015,05,1,0,724.58419
2015,05,1,1,725.18651
2015,05,1,2,725.78851
2015,05,1,3,726.12816
2015,05,1,4,725.91794
2015,05,1,5,725.72439
2015,05,1,6,726.19807
2015,05,1,7,726.4524
2015,05,2,0,726.41447
2015,05,2,1,726.26933
2015,05,2,2,726.02323
2015,05,2,3,725.71405
2015,05,2,4,725.68059
2015,05,2,5,725.44582
2015,05,2,6,725.61388
2015,05,2,7,726.00957
2015,05,3,0,725.71465
2015,05,3,1,725.50942
2015,05,3,2,724.97543
2015,05,3,3,724.62763
2015,05,3,4,724.58229
2015,05,3,5,724.4512
2015,05,3,6,724.55824
2015,05,3,7,724.76245
2015,05,4,0,724.89962
2015,05,4,1,724.65986
2015,05,4,2,724.97277
2015,05,4,3,725.49136
2015,05,4,4,725.47609
2015,05,4,5,725.49701
2015,05,4,6,726.21079
2015,05,4,7,726.73921
2015,05,5,0,727.05056
2015,05,5,1,727.3553
2015,05,5,2,727.48304
2015,05,5,3,727.61398
2015,05,5,4,727.66606
2015,05,5,5,727.20223
2015,05,5,6,727.4567
2015,05,5,7,727.46137
2015,05,6,0,727.05938
2015,05,6,1,726.75532
2015,05,6,2,726.10231
2015,05,6,3,725.68211
2015,05,6,4,725.12866
2015,05,6,5,724.36652
2015,05,6,6,724.41581
2015,05,6,7,724.82927
2015,05,7,0,724.53769
2015,05,7,1,723.8358
2015,05,7,2,723.7478
2015,05,7,3,723.52654
2015,05,7,4,723.20904
2015,05,7,5,722.9229
2015,05,7,6,723.16823
2015,05,7,7,723.24715
2015,05,8,0,722.89661
2015,05,8,1,722.54009
2015,05,8,2,722.51726
2015,05,8,3,722.35394
2015,05,8,4,722.08796
2015,05,8,5,721.77
2015,05,8,6,721.75608
2015,05,8,7,721.7098
2015,05,9,0,721.20091
2015,05,9,1,720.66136
2015,05,9,2,720.13224
2015,05,9,3,719.40029
2015,05,9,4,718.59888
2015,05,9,5,717.99936
2015,05,9,6,718.1714
2015,05,9,7,718.67552
2015,05,10,0,718.77879
2015,05,10,1,718.84884
2015,05,10,2,719.009
2015,05,10,3,719.1172
2015,05,10,4,719.48006
2015,05,10,5,719.5263
2015,05,10,6,719.91372
2015,05,10,7,720.36308
2015,05,11,0,720.51252
2015,05,11,1,720.3816
2015,05,11,2,720.40213
2015,05,11,3,720.06236
2015,05,11,4,719.62991
2015,05,11,5,719.61743
2015,05,11,6,719.86075
2015,05,11,7,720.05453
2015,05,12,0,720.82509
2015,05,12,1,721.3515
2015,05,12,2,721.9863
2015,05,12,3,722.62114
2015,05,12,4,722.93066
2015,05,12,5,723.0099
2015,05,12,6,723.87448
2015,05,12,7,724.5038
2015,05,13,0,724.46263
2015,05,13,1,724.35324
2015,05,13,2,724.5963
2015,05,13,3,724.79251
2015,05,13,4,724.88188
2015,05,13,5,724.81992
2015,05,13,6,724.9328
2015,05,13,7,725.32281
2015,05,14,0,725.4784
2015,05,14,1,725.01028
2015,05,14,2,724.94899
2015,05,14,3,724.95598
2015,05,14,4,724.5174
2015,05,14,5,723.80395
2015,05,14,6,723.73467
2015,05,14,7,724.11847
2015,05,15,0,723.55688
2015,05,15,1,722.7395
2015,05,15,2,722.84668
2015,05,15,3,722.90007
2015,05,15,4,722.93531
2015,05,15,5,722.97515
2015,05,15,6,723.35822
2015,05,15,7,723.98915
2015,05,16,0,724.41447
2015,05,16,1,724.41169
2015,05,16,2,723.91119
2015,05,16,3,723.78024
2015,05,16,4,724.48825
2015,05,16,5,724.99461
2015,05,16,6,725.88606
2015,05,16,7,726.63718
2015,05,17,0,726.6053
2015,05,17,1,725.80463
2015,05,17,2,725.4684
2015,05,17,3,724.94049
2015,05,17,4,723.64908
2015,05,17,5,721.93007
2015,05,17,6,720.53872
2015,05,17,7,718.99871
2015,05,18,0,716.82325
2015,05,18,1,714.34452
2015,05,18,2,712.29871
2015,05,18,3,710.80146
2015,05,18,4,710.29996
2015,05,18,5,710.33089
2015,05,18,6,711.18189
2015,05,18,7,712.61619
2015,05,19,0,714.49705
2015,05,19,1,716.08724
2015,05,19,2,718.14186
2015,05,19,3,720.07732
2015,05,19,4,721.87891
2015,05,19,5,722.7798
2015,05,19,6,722.90449
2015,05,19,7,722.96114
2015,05,20,0,722.56632
2015,05,20,1,722.17831
2015,05,20,2,721.6003
2015,05,20,3,720.94302
2015,05,20,4,720.42339
2015,05,20,5,719.7484
2015,05,20,6,719.49917
2015,05,20,7,718.94098
2015,05,21,0,718.87878
2015,05,21,1,718.31759
2015,05,21,2,718.08206
2015,05,21,3,718.23827
2015,05,21,4,717.85833
2015,05,21,5,717.21852
2015,05,21,6,717.67736
2015,05,21,7,718.88431
2015,05,22,0,719.49102
2015,05,22,1,719.58026
2015,05,22,2,720.42903
2015,05,22,3,721.57914
2015,05,22,4,722.56125
2015,05,22,5,723.0721
2015,05,22,6,723.62975
2015,05,22,7,723.79753
2015,05,23,0,723.82991
2015,05,23,1,722.88545
2015,05,23,2,722.62505
2015,05,23,3,722.48014
2015,05,23,4,722.03868
2015,05,23,5,721.67156
2015,05,23,6,720.76369
2015,05,23,7,719.93793
2015,05,24,0,719.69898
2015,05,24,1,719.36384
2015,05,24,2,719.2638
2015,05,24,3,719.11771
2015,05,24,4,719.19135
2015,05,24,5,719.37179
2015,05,24,6,719.62991
2015,05,24,7,720.09345
2015,05,25,0,720.09937
2015,05,25,1,720.08561
2015,05,25,2,720.36143
2015,05,25,3,720.4435
2015,05,25,4,720.12442
2015,05,25,5,719.72821
2015,05,25,6,720.00956
2015,05,25,7,720.19678
2015,05,26,0,720.65839
2015,05,26,1,720.9943
2015,05,26,2,721.38877
2015,05,26,3,721.73392
2015,05,26,4,722.03969
2015,05,26,5,722.02372
2015,05,26,6,722.07041
2015,05,26,7,722.37735
2015,05,27,0,722.49764
2015,05,27,1,722.07069
2015,05,27,2,721.59111
2015,05,27,3,720.84166
2015,05,27,4,720.6461
2015,05,27,5,720.40536
2015,05,27,6,720.62082
2015,05,27,7,720.74668
2015,05,28,0,721.13235
2015,05,28,1,721.13765
2015,05,28,2,721.47098
2015,05,28,3,722.20702
2015,05,28,4,721.87781
2015,05,28,5,720.96576
2015,05,28,6,720.90011
2015,05,28,7,720.86768
2015,05,29,0,720.46859
2015,05,29,1,720.06473
2015,05,29,2,720.11305
2015,05,29,3,719.42651
2015,05,29,4,718.9625
2015,05,29,5,718.99788
2015,05,29,6,719.41935
2015,05,29,7,719.9885
2015,05,30,0,720.18892
2015,05,30,1,720.34722
2015,05,30,2,721.39397
2015,05,30,3,722.42093
2015,05,30,4,723.29848
2015,05,30,5,723.10136
2015,05,30,6,723.37427
2015,05,30,7,723.85755
2015,05,31,0,723.65244
2015,05,31,1,722.99527
2015,05,31,2,722.671
2015,05,31,3,722.29428
2015,05,31,4,721.70016
2015,05,31,5,721.30042
2015,05,31,6,720.60617
2015,05,31,7,720.03704
2015,05,1,0,719.69663
2015,05,1,1,719.06252
2015,05,1,2,718.77787
2015,05,1,3,718.54078
2015,05,1,4,718.46791
2015,05,1,5,718.35035
2015,05,1,6,718.33639
2015,05,1,7,718.49842
2015,05,2,0,718.55908
2015,05,2,1,718.23269
2015,05,2,2,718.13811
2015,05,2,3,718.07238
2015,05,2,4,717.62602
2015,05,2,5,717.29266
2015,05,2,6,717.42733
2015,05,2,7,717.47229
2015,05,3,0,717.24704
2015,05,3,1,716.84181
2015,05,3,2,717.30771
2015,05,3,3,717.60038
2015,05,3,4,717.98446
2015,05,3,5,718.41853
2015,05,3,6,718.99676
2015,05,3,7,719.70865
2015,05,4,0,719.75286
2015,05,4,1,719.55102
2015,05,4,2,720.26589
2015,05,4,3,720.73798
2015,05,4,4,721.38877
2015,05,4,5,722.03413
2015,05,4,6,722.33972
2015,05,4,7,722.50474
2015,05,5,0,722.68419
2015,05,5,1,722.7239
2015,05,5,2,722.80091
2015,05,5,3,722.69172
2015,05,5,4,722.8282
2015,05,5,5,722.67367
2015,05,5,6,722.69917
2015,05,5,7,722.90663
2015,05,6,0,723.0722
2015,05,6,1,722.96557
2015,05,6,2,722.60674
2015,05,6,3,722.13673
2015,05,6,4,722.54427
2015,05,6,5,722.63012
2015,05,6,6,722.03158
2015,05,6,7,721.81513
2015,05,7,0,721.42574
2015,05,7,1,720.49069
2015,05,7,2,720.41123
2015,05,7,3,720.46821
2015,05,7,4,720.43056
2015,05,7,5,720.37188
2015,05,7,6,720.35082
2015,05,7,7,720.29587
2015,05,8,0,720.30987
2015,05,8,1,720.04152
2015,05,8,2,720.07801
2015,05,8,3,720.20993
2015,05,8,4,720.24743
2015,05,8,5,720.29977
2015,05,8,6,720.8234
2015,05,8,7,721.36745
2015,05,9,0,722.49571
2015,05,9,1,723.13868
2015,05,9,2,722.37532
2015,05,9,3,722.0593
2015,05,9,4,722.27678
2015,05,9,5,721.9639
2015,05,9,6,721.98429
2015,05,9,7,722.10112
2015,05,10,0,721.49913
2015,05,10,1,720.4008
2015,05,10,2,720.08058
2015,05,10,3,720.00152
2015,05,10,4,719.70594
2015,05,10,5,719.20277
2015,05,10,6,718.75024
2015,05,10,7,718.61013
2015,05,11,0,717.88198
2015,05,11,1,717.06098
2015,05,11,2,716.42084
2015,05,11,3,715.81475
2015,05,11,4,715.69976
2015,05,11,5,715.49454
2015,05,11,6,715.622
2015,05,11,7,716.0305
2015,05,12,0,715.62815
2015,05,12,1,714.87356
2015,05,12,2,714.53479
2015,05,12,3,714.17169
2015,05,12,4,714.24459
2015,05,12,5,714.11888
2015,05,12,6,713.86644
2015,05,12,7,713.68407
2015,05,13,0,713.43925
2015,05,13,1,713.03335
2015,05,13,2,713.24181
2015,05,13,3,713.44374
2015,05,13,4,713.61333
2015,05,13,5,713.7667
2015,05,13,6,714.44958
2015,05,13,7,715.24399
2015,05,14,0,715.61301
2015,05,14,1,715.86843
2015,05,14,2,716.29977
2015,05,14,3,716.5214
2015,05,14,4,716.87818
2015,05,14,5,717.13664
2015,05,14,6,717.7473
2015,05,14,7,718.32744
2015,05,15,0,718.34789
2015,05,15,1,718.29491
2015,05,15,2,718.31078
2015,05,15,3,718.23913
2015,05,15,4,718.48607
2015,05,15,5,718.90732
2015,05,15,6,719.35956
2015,05,15,7,719.55154
2015,05,16,0,719.58006
2015,05,16,1,719.24712
2015,05,16,2,719.10014
2015,05,16,3,718.94361
2015,05,16,4,719.10038
2015,05,16,5,719.00465
2015,05,16,6,718.30492
2015,05,16,7,717.95762
2015,05,17,0,718.11358
2015,05,17,1,717.77821
2015,05,17,2,717.3772
2015,05,17,3,717.29127
2015,05,17,4,717.90009
2015,05,17,5,718.01575
2015,05,17,6,718.27981
2015,05,17,7,718.64787
2015,05,18,0,718.30302
2015,05,18,1,717.62096
2015,05,18,2,716.95457
2015,05,18,3,716.33864
2015,05,18,4,716.01286
2015,05,18,5,715.37097
2015,05,18,6,715.02912
2015,05,18,7,714.98978
2015,05,19,0,714.59885
2015,05,19,1,713.87961
2015,05,19,2,713.86305
2015,05,19,3,713.51249
2015,05,19,4,713.60401
2015,05,19,5,713.63299
2015,05,19,6,713.33486
2015,05,19,7,713.44283
2015,05,20,0,713.63276
2015,05,20,1,713.38444
2015,05,20,2,713.45542
2015,05,20,3,713.19825
2015,05,20,4,713.65225
2015,05,20,5,713.89235
2015,05,20,6,713.96525
2015,05,20,7,714.62297
2015,05,21,0,714.65514
2015,05,21,1,714.53261
2015,05,21,2,715.24129
2015,05,21,3,715.86755
2015,05,21,4,715.84822
2015,05,21,5,715.40543
2015,05,21,6,715.08639
2015,05,21,7,714.77451
2015,05,22,0,714.69095
2015,05,22,1,714.09503
2015,05,22,2,713.99428
2015,05,22,3,713.69983
2015,05,22,4,713.38507
2015,05,22,5,713.23749
2015,05,22,6,713.33453
2015,05,22,7,713.28549
2015,05,23,0,713.21482
2015,05,23,1,712.78528
2015,05,23,2,712.12383
2015,05,23,3,711.55617
2015,05,23,4,711.33397
2015,05,23,5,710.4089
2015,05,23,6,709.41005
2015,05,23,7,708.79605
2015,05,24,0,708.49218
2015,05,24,1,707.68235
2015,05,24,2,707.44013
2015,05,24,3,707.17125
2015,05,24,4,707.38448
2015,05,24,5,707.47984
2015,05,24,6,707.41368
2015,05,24,7,707.62848
2015,05,25,0,707.45811
2015,05,25,1,707.3133
2015,05,25,2,708.53206
2015,05,25,3,709.89015
2015,05,25,4,711.10462
2015,05,25,5,711.93342
2015,05,25,6,713.48908
2015,05,25,7,715.19992
2015,05,26,0,715.91372
2015,05,26,1,716.00619
2015,05,26,2,716.86908
2015,05,26,3,717.67856
2015,05,26,4,717.92592
2015,05,26,5,718.00867
2015,05,26,6,718.0886
2015,05,26,7,718.0394
2015,05,27,0,717.7572
2015,05,27,1,716.94334
2015,05,27,2,716.35639
2015,05,27,3,715.54297
2015,05,27,4,715.50003
2015,05,27,5,715.24442
2015,05,27,6,714.41569
2015,05,27,7,713.98948
2015,05,28,0,714.36826
2015,05,28,1,714.61768
2015,05,28,2,715.14518
2015,05,28,3,715.52865
2015,05,28,4,715.83485
2015,05,28,5,716.08634
2015,05,28,6,716.38706
2015,05,28,7,716.54626
2015,05,1,0,716.51919
2015,05,1,1,716.05946
2015,05,1,2,716.12466
2015,05,1,3,716.05743
2015,05,1,4,716.05594
2015,05,1,5,716.08646
2015,05,1,6,715.92427
2015,05,1,7,715.88728
2015,05,2,0,716.06614
2015,05,2,1,715.71385
2015,05,2,2,715.33943
2015,05,2,3,715.02952
2015,05,2,4,715.475
2015,05,2,5,715.69616
2015,05,2,6,715.05892
2015,05,2,7,714.92991
2015,05,3,0,715.07642
2015,05,3,1,715.04333
2015,05,3,2,715.31893
2015,05,3,3,716.27712
2015,05,3,4,716.84927
2015,05,3,5,717.35763
2015,05,3,6,718.02201
2015,05,3,7,718.91055
2015,05,4,0,719.4485
2015,05,4,1,719.41506
2015,05,4,2,720.2517
2015,05,4,3,720.71773
2015,05,4,4,720.8813
2015,05,4,5,720.93835
2015,05,4,6,720.28542
2015,05,4,7,719.85748
2015,05,5,0,719.29788
2015,05,5,1,718.4757
2015,05,5,2,717.55265
2015,05,5,3,716.55765
2015,05,5,4,716.00162
2015,05,5,5,715.49413
2015,05,5,6,714.88086
2015,05,5,7,714.15955
2015,05,6,0,713.74284
2015,05,6,1,713.17422
2015,05,6,2,712.37189
2015,05,6,3,711.79157
2015,05,6,4,711.79865
2015,05,6,5,711.71276
2015,05,6,6,711.58757
2015,05,6,7,711.67137
2015,05,7,0,712.29238
2015,05,7,1,712.83068
2015,05,7,2,713.05024
2015,05,7,3,713.33427
2015,05,7,4,713.39264
2015,05,7,5,713.20019
2015,05,7,6,713.52871
2015,05,7,7,713.86454
2015,05,8,0,713.83759
2015,05,8,1,713.63803
2015,05,8,2,713.74249
2015,05,8,3,713.70946
2015,05,8,4,714.38522
2015,05,8,5,715.28819
2015,05,8,6,715.96971
2015,05,8,7,716.75199
2015,05,9,0,717.11566
2015,05,9,1,717.58804
2015,05,9,2,718.29909
2015,05,9,3,718.8937
2015,05,9,4,720.13314
2015,05,9,5,720.63504
2015,05,9,6,720.74101
2015,05,9,7,720.53134
2015,05,10,0,719.88376
2015,05,10,1,718.81539
2015,05,10,2,716.73928
2015,05,10,3,714.40037
2015,05,10,4,712.65344
2015,05,10,5,711.84614
2015,05,10,6,712.12621
2015,05,10,7,712.60151
2015,05,11,0,713.00746
2015,05,11,1,713.60472
2015,05,11,2,714.74728
2015,05,11,3,716.2944
2015,05,11,4,717.39932
2015,05,11,5,717.9899
2015,05,11,6,717.87631
2015,05,11,7,717.27443
2015,05,12,0,717.15349
2015,05,12,1,716.60866
2015,05,12,2,716.03301
2015,05,12,3,715.52516
2015,05,12,4,715.05374
2015,05,12,5,714.5242
2015,05,12,6,714.34201
2015,05,12,7,714.47868
2015,05,13,0,714.66439
2015,05,13,1,714.61836
2015,05,13,2,714.16997
2015,05,13,3,713.85927
2015,05,13,4,714.24837
2015,05,13,5,715.01203
2015,05,13,6,715.47521
2015,05,13,7,715.85575
2015,05,14,0,716.02509
2015,05,14,1,715.41004
2015,05,14,2,715.19338
2015,05,14,3,715.28917
2015,05,14,4,715.42927
2015,05,14,5,715.41188
2015,05,14,6,715.17454
2015,05,14,7,714.74296
2015,05,15,0,714.39836
2015,05,15,1,713.64497
2015,05,15,2,713.37855
2015,05,15,3,713.19473
2015,05,15,4,712.60148
2015,05,15,5,711.89372
2015,05,15,6,711.79591
2015,05,15,7,711.55411
2015,05,16,0,711.16112
2015,05,16,1,710.83757
2015,05,16,2,711.2046
2015,05,16,3,711.78741
2015,05,16,4,712.3518
2015,05,16,5,713.09775
2015,05,16,6,714.26805
2015,05,16,7,715.14405
2015,05,17,0,715.71309
2015,05,17,1,716.12571
2015,05,17,2,716.78739
2015,05,17,3,717.23917
2015,05,17,4,717.44528
2015,05,17,5,717.39249
2015,05,17,6,717.15704
2015,05,17,7,716.54111
2015,05,18,0,716.48565
2015,05,18,1,716.42684
2015,05,18,2,716.97154
2015,05,18,3,717.61367
2015,05,18,4,717.84581
2015,05,18,5,717.87308
2015,05,18,6,717.79814
2015,05,18,7,717.69464
2015,05,19,0,717.68943
2015,05,19,1,716.90829
2015,05,19,2,717.40348
2015,05,19,3,717.86671
2015,05,19,4,717.73238
2015,05,19,5,717.72853
2015,05,19,6,717.97527
2015,05,19,7,718.27885
2015,05,20,0,719.04189
2015,05,20,1,719.61081
2015,05,20,2,720.01002
2015,05,20,3,720.40195
2015,05,20,4,720.17242
2015,05,20,5,719.89948
2015,05,20,6,719.52207
2015,05,20,7,718.92743
2015,05,21,0,718.45278
2015,05,21,1,717.49449
2015,05,21,2,716.41298
2015,05,21,3,715.51111
2015,05,21,4,714.49269
2015,05,21,5,713.53709
2015,05,21,6,712.43562
2015,05,21,7,711.7722
2015,05,22,0,711.20635
2015,05,22,1,710.63507
2015,05,22,2,710.17195
2015,05,22,3,709.64567
2015,05,22,4,709.40105
2015,05,22,5,709.13463
2015,05,22,6,709.20854
2015,05,22,7,709.35819
2015,05,23,0,709.63803
2015,05,23,1,709.77481
2015,05,23,2,709.9121
2015,05,23,3,710.01116
2015,05,23,4,710.13723
2015,05,23,5,710.17066
2015,05,23,6,710.07698
2015,05,23,7,710.01514
2015,05,24,0,709.63829
2015,05,24,1,709.44076
2015,05,24,2,709.55756
2015,05,24,3,709.81726
2015,05,24,4,709.86574
2015,05,24,5,709.77406
2015,05,24,6,709.94277
2015,05,24,7,709.94468
2015,05,25,0,709.5307
2015,05,25,1,709.16614
2015,05,25,2,709.8626
2015,05,25,3,710.283
2015,05,25,4,709.93327
2015,05,25,5,709.49262
2015,05,25,6,709.536
2015,05,25,7,709.26089
2015,05,26,0,708.73185
2015,05,26,1,708.2366
2015,05,26,2,708.24677
2015,05,26,3,707.85278
2015,05,26,4,707.48848
2015,05,26,5,707.30461
2015,05,26,6,706.82343
2015,05,26,7,706.54521
2015,05,27,0,706.77664
2015,05,27,1,706.92022
2015,05,27,2,707.18671
2015,05,27,3,707.66794
2015,05,27,4,708.37729
2015,05,27,5,708.86456
2015,05,27,6,708.86233
2015,05,27,7,709.17611
2015,05,28,0,709.98981
2015,05,28,1,710.24348
2015,05,28,2,710.30324
2015,05,28,3,710.45716
2015,05,28,4,710.54867
2015,05,28,5,710.35228
2015,05,28,6,710.84491
2015,05,28,7,711.1824
2015,05,29,0,710.78423
2015,05,29,1,709.96834
2015,05,29,2,709.71539
2015,05,29,3,709.5469
2015,05,29,4,709.3448
2015,05,29,5,708.94084
2015,05,29,6,709.25184
2015,05,29,7,709.47577
2015,05,30,0,709.44941
2015,05,30,1,709.04707
2015,05,30,2,709.12114
2015,05,30,3,709.18306
2015,05,30,4,709.06912
2015,05,30,5,708.68642
2015,05,30,6,708.92118
2015,05,30,7,709.38245
2015,05,31,0,709.15253
2015,05,31,1,708.98733
2015,05,31,2,709.93136
2015,05,31,3,710.56113
2015,05,31,4,711.42153
2015,05,31,5,712.26936
2015,05,31,6,713.1291
2015,05,31,7,713.92274
2015,05,1,0,714.27308
2015,05,1,1,714.50268
2015,05,1,2,714.88991
2015,05,1,3,715.12715
2015,05,1,4,715.33768
2015,05,1,5,715.01128
2015,05,1,6,714.42808
2015,05,1,7,713.77235
2015,05,2,0,713.43194
2015,05,2,1,712.82718
2015,05,2,2,712.34775
2015,05,2,3,712.01752
2015,05,2,4,711.21285
2015,05,2,5,710.04411
2015,05,2,6,709.38656
2015,05,2,7,709.30774
2015,05,3,0,709.47856
2015,05,3,1,709.55519
2015,05,3,2,710.68251
2015,05,3,3,711.80702
2015,05,3,4,711.93979
2015,05,3,5,711.64335
2015,05,3,6,711.37632
2015,05,3,7,712.04287
2015,05,4,0,712.69622
2015,05,4,1,712.23903
2015,05,4,2,711.93012
2015,05,4,3,711.95318
2015,05,4,4,712.34539
2015,05,4,5,712.21972
2015,05,4,6,711.46595
2015,05,4,7,710.85211
2015,05,5,0,711.17895
2015,05,5,1,711.14449
2015,05,5,2,711.53864
2015,05,5,3,711.86695
2015,05,5,4,712.12378
2015,05,5,5,712.45258
2015,05,5,6,713.07186
2015,05,5,7,713.37227
2015,05,6,0,713.45229
2015,05,6,1,713.56915
2015,05,6,2,713.4032
2015,05,6,3,713.47656
2015,05,6,4,713.9674
2015,05,6,5,714.13114
2015,05,6,6,714.38278
2015,05,6,7,714.40471
2015,05,7,0,714.5904
2015,05,7,1,714.70979
2015,05,7,2,714.89753
2015,05,7,3,714.7701
2015,05,7,4,714.51298
2015,05,7,5,714.22108
2015,05,7,6,713.95847
2015,05,7,7,713.43175
2015,05,8,0,712.89105
2015,05,8,1,712.14012
2015,05,8,2,711.83902
2015,05,8,3,711.5013
2015,05,8,4,710.84689
2015,05,8,5,710.51202
2015,05,8,6,710.25183
2015,05,8,7,710.04515
2015,05,9,0,709.59956
2015,05,9,1,709.1704
2015,05,9,2,708.66753
2015,05,9,3,708.07376
2015,05,9,4,707.77602
2015,05,9,5,707.68198
2015,05,9,6,707.74548
2015,05,9,7,707.69837
2015,05,10,0,707.9558
2015,05,10,1,707.8287
2015,05,10,2,707.90404
2015,05,10,3,708.26402
2015,05,10,4,708.30569
2015,05,10,5,708.76525
2015,05,10,6,709.3665
2015,05,10,7,709.94745
2015,05,11,0,710.27414
2015,05,11,1,710.43962
2015,05,11,2,711.10924
2015,05,11,3,711.78038
2015,05,11,4,712.28726
2015,05,11,5,712.76265
2015,05,11,6,712.79766
2015,05,11,7,712.6206
2015,05,12,0,712.7457
2015,05,12,1,711.82569
2015,05,12,2,710.28062
2015,05,12,3,708.73762
2015,05,12,4,706.9089
2015,05,12,5,705.73922
2015,05,12,6,705.43324
2015,05,12,7,705.71366
2015,05,13,0,706.60195
2015,05,13,1,707.03778
2015,05,13,2,707.62595
2015,05,13,3,708.11697
2015,05,13,4,708.83159
2015,05,13,5,709.12475
2015,05,13,6,710.50367
2015,05,13,7,712.34362
2015,05,14,0,712.4383
2015,05,14,1,711.82753
2015,05,14,2,711.5306
2015,05,14,3,711.27955
2015,05,14,4,710.5782
2015,05,14,5,709.46111
2015,05,14,6,709.12426
2015,05,14,7,708.93768
2015,05,15,0,708.53036
2015,05,15,1,707.86362
2015,05,15,2,708.53031
2015,05,15,3,709.98118
2015,05,15,4,709.81384
2015,05,15,5,708.73143
2015,05,15,6,708.17081
2015,05,15,7,708.35033
2015,05,16,0,708.21685
2015,05,16,1,707.57744
2015,05,16,2,707.76518
2015,05,16,3,707.58959
2015,05,16,4,707.08158
2015,05,16,5,706.35484
2015,05,16,6,706.26049
2015,05,16,7,706.05307
2015,05,17,0,705.55258
2015,05,17,1,705.1518
2015,05,17,2,705.17069
2015,05,17,3,705.42093
2015,05,17,4,704.97205
2015,05,17,5,704.59016
2015,05,17,6,704.77953
2015,05,17,7,704.66207
2015,05,18,0,704.99869
2015,05,18,1,704.54214
2015,05,18,2,704.41212
2015,05,18,3,704.59496
2015,05,18,4,704.08631
2015,05,18,5,703.50459
2015,05,18,6,703.72758
2015,05,18,7,703.85782
2015,05,19,0,703.8911
2015,05,19,1,703.59532
2015,05,19,2,703.89121
2015,05,19,3,703.95995
2015,05,19,4,704.55984
2015,05,19,5,705.32293
2015,05,19,6,705.98432
2015,05,19,7,707.01002
2015,05,20,0,708.23752
2015,05,20,1,709.36824
2015,05,20,2,710.20789
2015,05,20,3,711.75746
2015,05,20,4,712.9474
2015,05,20,5,713.62049
2015,05,20,6,713.90265
2015,05,20,7,714.5963
2015,05,21,0,715.69348
2015,05,21,1,715.88292
2015,05,21,2,716.40046
2015,05,21,3,716.85937
2015,05,21,4,716.81642
2015,05,21,5,717.41504
2015,05,21,6,718.13916
2015,05,21,7,719.31974
2015,05,22,0,720.96496
2015,05,22,1,722.36334
2015,05,22,2,724.18187
2015,05,22,3,725.9924
2015,05,22,4,727.27073
2015,05,22,5,727.4194
2015,05,22,6,726.51074
2015,05,22,7,725.17144
2015,05,23,0,724.10271
2015,05,23,1,723.97612
2015,05,23,2,724.45491
2015,05,23,3,724.54272
2015,05,23,4,724.25424
2015,05,23,5,724.06533
2015,05,23,6,723.84923
2015,05,23,7,723.95863
2015,05,24,0,724.15101
2015,05,24,1,722.73658
2015,05,24,2,721.94502
2015,05,24,3,722.09373
2015,05,24,4,721.0155
2015,05,24,5,719.58369
2015,05,24,6,718.80492
2015,05,24,7,718.78352
2015,05,25,0,717.97213
2015,05,25,1,717.61526
2015,05,25,2,718.29791
2015,05,25,3,718.86486
2015,05,25,4,718.69434
2015,05,25,5,718.16725
2015,05,25,6,718.30287
2015,05,25,7,718.18348
2015,05,26,0,717.5479
2015,05,26,1,716.85069
2015,05,26,2,716.13724
2015,05,26,3,715.50641
2015,05,26,4,715.25805
2015,05,26,5,714.90074
2015,05,26,6,714.87642
2015,05,26,7,714.72456
2015,05,27,0,714.54055
2015,05,27,1,714.21589
2015,05,27,2,713.94326
2015,05,27,3,713.72411
2015,05,27,4,713.46828
2015,05,27,5,713.15218
2015,05,27,6,712.85671
2015,05,27,7,712.5096
2015,05,28,0,712.12681
2015,05,28,1,711.55134
2015,05,28,2,711.46815
2015,05,28,3,711.56674
2015,05,28,4,711.2399
2015,05,28,5,711.20464
2015,05,28,6,711.36698
2015,05,28,7,711.33649
2015,05,29,0,711.38035
2015,05,29,1,711.47938
2015,05,29,2,711.40043
2015,05,29,3,711.04742
2015,05,29,4,711.00731
2015,05,29,5,710.83069
2015,05,29,6,710.81388
2015,05,29,7,710.81106
2015,05,30,0,710.99544
2015,05,30,1,711.02446
2015,05,30,2,711.06009
2015,05,30,3,711.12061
2015,05,30,4,711.44914
2015,05,30,5,711.61611
2015,05,30,6,711.58939
2015,05,30,7,711.61222
2015,05,1,0,711.51091
2015,05,1,1,711.3212
2015,05,1,2,711.92591
2015,05,1,3,712.70715
2015,05,1,4,713.1525
2015,05,1,5,713.07456
2015,05,1,6,713.68112
2015,05,1,7,713.90818
2015,05,2,0,713.69385
2015,05,2,1,712.68974
2015,05,2,2,712.5313
2015,05,2,3,712.86168
2015,05,2,4,713.396
2015,05,2,5,713.72469
2015,05,2,6,714.39827
2015,05,2,7,714.74671
2015,05,3,0,714.83771
2015,05,3,1,714.66055
2015,05,3,2,714.3018
2015,05,3,3,713.45983
2015,05,3,4,712.38344
2015,05,3,5,711.27424
2015,05,3,6,710.59182
2015,05,3,7,710.05811
2015,05,4,0,709.27095
2015,05,4,1,708.97044
2015,05,4,2,709.03602
2015,05,4,3,708.85055
2015,05,4,4,708.71395
2015,05,4,5,708.8689
2015,05,4,6,709.44671
2015,05,4,7,710.41892
2015,05,5,0,711.34589
2015,05,5,1,712.24603
2015,05,5,2,713.84275
2015,05,5,3,715.71755
2015,05,5,4,717.2984
2015,05,5,5,718.6229
2015,05,5,6,720.07424
2015,05,5,7,721.14158
2015,05,6,0,722.34564
2015,05,6,1,722.91455
2015,05,6,2,723.27524
2015,05,6,3,723.81787
2015,05,6,4,723.83331
2015,05,6,5,723.74246
2015,05,6,6,723.3133
2015,05,6,7,722.81021
2015,05,7,0,722.36704
2015,05,7,1,721.49604
2015,05,7,2,720.7684
2015,05,7,3,720.03309
2015,05,7,4,719.55319
2015,05,7,5,718.81665
2015,05,7,6,718.3133
2015,05,7,7,717.91845
2015,05,8,0,717.60635
2015,05,8,1,717.39815
2015,05,8,2,718.01932
2015,05,8,3,718.60007
2015,05,8,4,719.31991
2015,05,8,5,719.89018
2015,05,8,6,720.79119
2015,05,8,7,721.19882
2015,05,9,0,720.74349
2015,05,9,1,720.48948
2015,05,9,2,720.94953
2015,05,9,3,720.83278
2015,05,9,4,720.89585
2015,05,9,5,721.32147
2015,05,9,6,721.8
2015,05,9,7,721.89002
2015,05,10,0,721.76863
2015,05,10,1,721.48952
2015,05,10,2,721.81118
2015,05,10,3,721.80411
2015,05,10,4,721.81309
2015,05,10,5,721.65825
2015,05,10,6,721.10037
2015,05,10,7,720.68098
2015,05,11,0,720.02501
2015,05,11,1,719.06448
2015,05,11,2,718.83725
2015,05,11,3,718.94048
2015,05,11,4,718.608
2015,05,11,5,717.88855
2015,05,11,6,717.03684
2015,05,11,7,716.16924
2015,05,12,0,716.41185
2015,05,12,1,716.47714
2015,05,12,2,716.46133
2015,05,12,3,716.61813
2015,05,12,4,716.5832
2015,05,12,5,716.5806
2015,05,12,6,715.96818
2015,05,12,7,715.78117
2015,05,13,0,715.70362
2015,05,13,1,714.99095
2015,05,13,2,714.62468
2015,05,13,3,714.5112
2015,05,13,4,713.84914
2015,05,13,5,712.82577
2015,05,13,6,712.14811
2015,05,13,7,711.51978
2015,05,14,0,711.03918
2015,05,14,1,710.32844
2015,05,14,2,709.23149
2015,05,14,3,708.56936
2015,05,14,4,708.1248
2015,05,14,5,707.69678
2015,05,14,6,707.0996
2015,05,14,7,706.53987
2015,05,15,0,706.12261
2015,05,15,1,705.00382
2015,05,15,2,704.72519
2015,05,15,3,705.02577
2015,05,15,4,705.353
2015,05,15,5,706.12193
2015,05,15,6,706.17377
2015,05,15,7,706.49374
2015,05,16,0,706.4704
2015,05,16,1,705.78758
2015,05,16,2,706.58224
2015,05,16,3,707.83285
2015,05,16,4,708.70888
2015,05,16,5,709.62992
2015,05,16,6,709.82786
2015,05,16,7,710.00837
2015,05,17,0,710.5241
2015,05,17,1,710.70008
2015,05,17,2,710.6334
2015,05,17,3,710.75455
2015,05,17,4,710.50399
2015,05,17,5,709.98475
2015,05,17,6,709.4897
2015,05,17,7,709.36533
2015,05,18,0,708.5144
2015,05,18,1,707.40661
2015,05,18,2,707.12804
2015,05,18,3,707.29057
2015,05,18,4,707.05392
2015,05,18,5,706.97447
2015,05,18,6,707.4102
2015,05,18,7,708.21657
2015,05,19,0,708.96711
2015,05,19,1,709.7548
2015,05,19,2,711.00672
2015,05,19,3,712.65238
2015,05,19,4,713.67847
2015,05,19,5,714.81503
2015,05,19,6,716.09993
2015,05,19,7,717.1998
2015,05,20,0,717.81119
2015,05,20,1,717.2643
2015,05,20,2,716.93598
2015,05,20,3,716.38019
2015,05,20,4,715.70458
2015,05,20,5,714.38032
2015,05,20,6,712.49712
2015,05,20,7,710.0425
2015,05,21,0,707.73594
2015,05,21,1,705.99965
2015,05,21,2,705.03101
2015,05,21,3,705.21228
2015,05,21,4,705.23854
2015,05,21,5,705.56434
2015,05,21,6,706.89398
2015,05,21,7,707.67701
2015,05,22,0,708.18806
2015,05,22,1,708.45405
2015,05,22,2,709.00262
2015,05,22,3,709.57983
2015,05,22,4,709.74313
2015,05,22,5,709.96274
2015,05,22,6,710.14074
2015,05,22,7,710.40233
2015,05,23,0,710.77676
2015,05,23,1,710.75633
2015,05,23,2,711.41039
2015,05,23,3,712.28156
2015,05,23,4,713.05246
2015,05,23,5,714.04758
2015,05,23,6,714.24882
2015,05,23,7,714.14483
2015,05,24,0,713.91437
2015,05,24,1,713.60465
2015,05,24,2,713.24069
2015,05,24,3,713.39694
2015,05,24,4,713.29187
2015,05,24,5,713.04078
2015,05,24,6,712.91672
2015,05,24,7,712.86249
2015,05,25,0,712.28461
2015,05,25,1,711.20147
2015,05,25,2,710.33291
2015,05,25,3,709.61366
2015,05,25,4,708.65541
2015,05,25,5,707.08256
2015,05,25,6,705.28183
2015,05,25,7,704.53263
2015,05,26,0,704.14373
2015,05,26,1,703.73433
2015,05,26,2,703.93011
2015,05,26,3,704.36678
2015,05,26,4,703.88564
2015,05,26,5,703.48862
2015,05,26,6,704.04638
2015,05,26,7,705.07238
2015,05,27,0,705.90828
2015,05,27,1,707.9976
2015,05,27,2,709.97225
2015,05,27,3,711.89605
2015,05,27,4,713.30983
2015,05,27,5,714.2754
2015,05,27,6,715.72622
2015,05,27,7,716.91953
2015,05,28,0,716.95956
2015,05,28,1,716.81034
2015,05,28,2,717.22531
2015,05,28,3,717.60687
2015,05,28,4,717.90622
2015,05,28,5,718.11627
2015,05,28,6,717.97928
2015,05,28,7,718.26526
2015,05,29,0,718.05919
2015,05,29,1,717.41907
2015,05,29,2,716.80281
2015,05,29,3,716.46972
2015,05,29,4,715.30286
2015,05,29,5,713.88977
2015,05,29,6,712.75682
2015,05,29,7,711.87641
2015,05,30,0,712.49926
2015,05,30,1,713.21976
2015,05,30,2,713.17907
2015,05,30,3,713.15637
2015,05,30,4,713.48019
2015,05,30,5,713.81807
2015,05,30,6,714.02737
2015,05,30,7,714.05755
2015,05,31,0,713.71699
2015,05,31,1,713.5956
2015,05,31,2,713.96167
2015,05,31,3,714.10932
2015,05,31,4,714.06066
2015,05,31,5,714.10823
2015,05,31,6,714.06079
2015,05,31,7,713.60504
2015,05,1,0,713.72192
2015,05,1,1,713.45961
2015,05,1,2,712.95216
2015,05,1,3,712.55896
2015,05,1,4,712.07963
2015,05,1,5,711.88701
2015,05,1,6,712.09637
2015,05,1,7,711.94442
2015,05,2,0,711.76864
2015,05,2,1,711.68225
2015,05,2,2,711.63778
2015,05,2,3,711.30392
2015,05,2,4,711.09461
2015,05,2,5,711.79929
2015,05,2,6,712.32389
2015,05,2,7,712.64088
2015,05,3,0,713.03313
2015,05,3,1,713.47375
2015,05,3,2,713.8954
2015,05,3,3,714.02461
2015,05,3,4,714.20067
2015,05,3,5,714.53731
2015,05,3,6,714.40492
2015,05,3,7,714.59206
2015,05,4,0,715.02958
2015,05,4,1,715.12591
2015,05,4,2,715.64603
2015,05,4,3,716.18805
2015,05,4,4,716.60529
2015,05,4,5,716.99312
2015,05,4,6,717.42509
2015,05,4,7,717.85511
2015,05,5,0,718.24997
2015,05,5,1,718.39667
2015,05,5,2,718.40748
2015,05,5,3,718.14252
2015,05,5,4,717.797
2015,05,5,5,717.31442
2015,05,5,6,716.96659
2015,05,5,7,716.6703
2015,05,6,0,715.99883
2015,05,6,1,715.52533
2015,05,6,2,715.78734
2015,05,6,3,715.57498
2015,05,6,4,714.79482
2015,05,6,5,713.30426
2015,05,6,6,711.01706
2015,05,6,7,709.66358
2015,05,7,0,709.17401
2015,05,7,1,709.40289
2015,05,7,2,710.6858
2015,05,7,3,710.92554
2015,05,7,4,712.10894
2015,05,7,5,713.47393
2015,05,7,6,713.50297
2015,05,7,7,714.68642
2015,05,8,0,715.97028
2015,05,8,1,716.24735
2015,05,8,2,715.92092
2015,05,8,3,715.26091
2015,05,8,4,716.29247
2015,05,8,5,715.82564
2015,05,8,6,714.88824
2015,05,8,7,714.97326
2015,05,9,0,714.13128
2015,05,9,1,713.01163
2015,05,9,2,712.81594
2015,05,9,3,712.75516
2015,05,9,4,713.1859
2015,05,9,5,713.48989
2015,05,9,6,713.88089
2015,05,9,7,714.36723
2015,05,10,0,714.16173
2015,05,10,1,713.10971
2015,05,10,2,713.72194
2015,05,10,3,714.24716
2015,05,10,4,713.40625
2015,05,10,5,712.18604
2015,05,10,6,710.73528
2015,05,10,7,709.98318
2015,05,11,0,709.55678
2015,05,11,1,709.08804
2015,05,11,2,709.02445
2015,05,11,3,708.97186
2015,05,11,4,708.93326
2015,05,11,5,708.59667
2015,05,11,6,708.74074
2015,05,11,7,708.95309
2015,05,12,0,709.14065
2015,05,12,1,709.86475
2015,05,12,2,711.17009
2015,05,12,3,712.33611
2015,05,12,4,713.61144
2015,05,12,5,714.771
2015,05,12,6,716.11919
2015,05,12,7,717.63294
2015,05,13,0,719.02856
2015,05,13,1,719.78927
2015,05,13,2,720.25819
2015,05,13,3,720.40389
2015,05,13,4,719.78932
2015,05,13,5,720.32249
2015,05,13,6,720.83443
2015,05,13,7,721.66212
2015,05,14,0,722.29704
2015,05,14,1,722.7341
2015,05,14,2,724.1372
2015,05,14,3,725.44855
2015,05,14,4,726.42068
2015,05,14,5,726.45238
2015,05,14,6,726.08951
2015,05,14,7,725.83638
2015,05,15,0,725.52079
2015,05,15,1,724.59225
2015,05,15,2,724.01323
2015,05,15,3,723.71364
2015,05,15,4,723.69712
2015,05,15,5,723.50645
2015,05,15,6,723.70517
2015,05,15,7,724.20883
2015,05,16,0,724.19724
2015,05,16,1,723.89346
2015,05,16,2,724.74297
2015,05,16,3,725.37909
2015,05,16,4,726.27638
2015,05,16,5,727.25165
2015,05,16,6,726.67414
2015,05,16,7,726.13339
2015,05,17,0,725.97421
2015,05,17,1,725.07029
2015,05,17,2,725.04743
2015,05,17,3,725.61453
2015,05,17,4,725.21827
2015,05,17,5,724.89656
2015,05,17,6,724.61821
2015,05,17,7,723.71709
2015,05,18,0,723.26223
2015,05,18,1,722.6278
2015,05,18,2,722.72191
2015,05,18,3,723.08004
2015,05,18,4,722.87228
2015,05,18,5,722.65401
2015,05,18,6,722.83411
2015,05,18,7,722.76851
2015,05,19,0,723.00015
2015,05,19,1,723.08662
2015,05,19,2,722.33388
2015,05,19,3,721.54122
2015,05,19,4,721.32178
2015,05,19,5,720.84297
2015,05,19,6,720.45166
2015,05,19,7,720.08974
2015,05,20,0,719.81474
2015,05,20,1,719.47989
2015,05,20,2,719.81072
2015,05,20,3,720.56603
2015,05,20,4,719.63458
2015,05,20,5,718.47974
2015,05,20,6,717.39415
2015,05,20,7,716.43908
2015,05,21,0,715.64278
2015,05,21,1,714.65309
2015,05,21,2,714.13548
2015,05,21,3,713.63628
2015,05,21,4,712.99102
2015,05,21,5,712.03639
2015,05,21,6,712.42872
2015,05,21,7,713.39048
2015,05,22,0,713.11889
2015,05,22,1,712.10849
2015,05,22,2,711.92741
2015,05,22,3,711.83574
2015,05,22,4,711.32953
2015,05,22,5,711.13615
2015,05,22,6,710.93647
2015,05,22,7,711.47771
2015,05,23,0,712.70061
2015,05,23,1,713.65866
2015,05,23,2,713.959
2015,05,23,3,714.12841
2015,05,23,4,714.6838
2015,05,23,5,714.99976
2015,05,23,6,714.97403
2015,05,23,7,714.9957
2015,05,24,0,714.81847
2015,05,24,1,714.63991
2015,05,24,2,713.8542
2015,05,24,3,713.08683
2015,05,24,4,711.8921
2015,05,24,5,710.65319
2015,05,24,6,709.76358
2015,05,24,7,709.12989
2015,05,25,0,708.86165
2015,05,25,1,708.70083
2015,05,25,2,708.95893
2015,05,25,3,709.64654
2015,05,25,4,709.7156
2015,05,25,5,709.94752
2015,05,25,6,710.29659
2015,05,25,7,711.04329
2015,05,26,0,711.41724
2015,05,26,1,711.63728
2015,05,26,2,712.38063
2015,05,26,3,713.10364
2015,05,26,4,713.54723
2015,05,26,5,713.85125
2015,05,26,6,713.82407
2015,05,26,7,713.62798
2015,05,27,0,713.16641
2015,05,27,1,712.57608
2015,05,27,2,712.40544
2015,05,27,3,712.5491
2015,05,27,4,712.15821
2015,05,27,5,711.62428
2015,05,27,6,710.7071
2015,05,27,7,709.61484
2015,05,28,0,709.29323
2015,05,28,1,708.84942
2015,05,28,2,708.68376
2015,05,28,3,709.10244
2015,05,28,4,708.89725
2015,05,28,5,708.78297
2015,05,28,6,708.43226
2015,05,28,7,708.65963
2015,05,29,0,708.93275
2015,05,29,1,709.0718
2015,05,29,2,709.86043
2015,05,29,3,710.93105
2015,05,29,4,711.97123
2015,05,29,5,712.92711
2015,05,29,6,713.93348
2015,05,29,7,715.11321
2015,05,30,0,715.89855
2015,05,30,1,716.37562
2015,05,30,2,716.97672
2015,05,30,3,717.49364
2015,05,30,4,717.59064
2015,05,30,5,717.34157
2015,05,30,6,717.0148
2015,05,30,7,716.54464
2015,05,1,0,716.51565
2015,05,1,1,716.18385
2015,05,1,2,715.26058
2015,05,1,3,714.24466
2015,05,1,4,713.35837
2015,05,1,5,712.25643
2015,05,1,6,711.12377
2015,05,1,7,710.43398
2015,05,2,0,710.51336
2015,05,2,1,710.65995
2015,05,2,2,710.78825
2015,05,2,3,710.90093
2015,05,2,4,711.51474
2015,05,2,5,711.9278
2015,05,2,6,712.31642
2015,05,2,7,712.51802
2015,05,3,0,711.99164
2015,05,3,1,711.65713
2015,05,3,2,712.11577
2015,05,3,3,712.5764
2015,05,3,4,712.88662
2015,05,3,5,712.85404
2015,05,3,6,713.02548
2015,05,3,7,713.63108
2015,05,4,0,714.58399
2015,05,4,1,715.15262
2015,05,4,2,715.79526
2015,05,4,3,716.64395
2015,05,4,4,716.79617
2015,05,4,5,716.51861
2015,05,4,6,715.84075
2015,05,4,7,714.70659
2015,05,5,0,714.3999
2015,05,5,1,714.59573
2015,05,5,2,714.19544
2015,05,5,3,713.51788
2015,05,5,4,712.24846
2015,05,5,5,710.65093
2015,05,5,6,709.23924
2015,05,5,7,707.24334
2015,05,6,0,705.12697
2015,05,6,1,703.81794
2015,05,6,2,702.79313
2015,05,6,3,702.00304
2015,05,6,4,701.37179
2015,05,6,5,700.44267
2015,05,6,6,699.37506
2015,05,6,7,698.32583
2015,05,7,0,697.55162
2015,05,7,1,697.11353
2015,05,7,2,696.89604
2015,05,7,3,696.58007
2015,05,7,4,696.62627
2015,05,7,5,696.65409
2015,05,7,6,696.08653
2015,05,7,7,685.48389
2015,05,8,0,684.80694
2015,05,8,1,684.4102
2015,05,8,2,683.96151
2015,05,8,3,683.7114
2015,05,8,4,684.17071
2015,05,8,5,684.88939
2015,05,8,6,697.03219
2015,05,8,7,697.9311
2015,05,9,0,699.43804
2015,05,9,1,700.84071
2015,05,9,2,701.64905
2015,05,9,3,702.9368
2015,05,9,4,704.31507
2015,05,9,5,704.94587
2015,05,9,6,705.4375
2015,05,9,7,706.26392
2015,05,10,0,706.10539
2015,05,10,1,706.29664
2015,05,10,2,707.01887
2015,05,10,3,707.55145
2015,05,10,4,708.11892
2015,05,10,5,708.28535
2015,05,10,6,708.46641
2015,05,10,7,708.39079
2015,05,11,0,708.28441
2015,05,11,1,708.16118
2015,05,11,2,708.30514
2015,05,11,3,708.60715
2015,05,11,4,708.45356
2015,05,11,5,708.32676
2015,05,11,6,707.72742
2015,05,11,7,707.44049
2015,05,12,0,708.52267
2015,05,12,1,709.69744
2015,05,12,2,711.56037
2015,05,12,3,713.38648
2015,05,12,4,715.10828
2015,05,12,5,716.29317
2015,05,12,6,716.0988
2015,05,12,7,715.93523
2015,05,13,0,713.83442
2015,05,13,1,711.22728
2015,05,13,2,710.99833
2015,05,13,3,710.33689
2015,05,13,4,709.99611
2015,05,13,5,710.48762
2015,05,13,6,711.04437
2015,05,13,7,711.41928
2015,05,14,0,709.74061
2015,05,14,1,708.30925
2015,05,14,2,708.70747
2015,05,14,3,708.9802
2015,05,14,4,709.39635
2015,05,14,5,709.84546
2015,05,14,6,710.442
2015,05,14,7,710.74095
2015,05,15,0,710.87357
2015,05,15,1,711.32544
2015,05,15,2,711.9694
2015,05,15,3,712.64101
2015,05,15,4,714.08947
2015,05,15,5,714.65348
2015,05,15,6,716.08053
2015,05,15,7,717.93996
2015,05,16,0,718.35975
2015,05,16,1,717.93764
2015,05,16,2,718.47478
2015,05,16,3,719.56889
2015,05,16,4,720.08179
2015,05,16,5,719.58146
2015,05,16,6,719.60424
2015,05,16,7,719.18291
2015,05,17,0,717.88258
2015,05,17,1,715.80544
2015,05,17,2,714.41924
2015,05,17,3,712.11219
2015,05,17,4,709.72849
2015,05,17,5,709.26365
2015,05,17,6,708.09574
2015,05,17,7,706.95012
2015,05,18,0,706.709
2015,05,18,1,706.52308
2015,05,18,2,706.42213
2015,05,18,3,706.46854
2015,05,18,4,706.3647
2015,05,18,5,706.30247
2015,05,18,6,707.05191
2015,05,18,7,707.64661
2015,05,19,0,707.8747
2015,05,19,1,707.8458
2015,05,19,2,708.64503
2015,05,19,3,709.09687
2015,05,19,4,707.92663
2015,05,19,5,707.76814
2015,05,19,6,708.3247
2015,05,19,7,707.84733
2015,05,20,0,707.43347
2015,05,20,1,707.42171
2015,05,20,2,707.31277
2015,05,20,3,708.13636
2015,05,20,4,708.85409
2015,05,20,5,709.01904
2015,05,20,6,709.7384
2015,05,20,7,710.24368
2015,05,21,0,710.28058
2015,05,21,1,709.7095
2015,05,21,2,709.23836
2015,05,21,3,708.28047
2015,05,21,4,706.92435
2015,05,21,5,705.82958
2015,05,21,6,704.77822
2015,05,21,7,704.38625
2015,05,22,0,704.23758
2015,05,22,1,704.10983
2015,05,22,2,704.64891
2015,05,22,3,704.72106
2015,05,22,4,704.25293
2015,05,22,5,704.00875
2015,05,22,6,703.51573
2015,05,22,7,703.27406
2015,05,23,0,705.24372
2015,05,23,1,706.32621
2015,05,23,2,705.80504
2015,05,23,3,705.54372
2015,05,23,4,705.68261
2015,05,23,5,705.48658
2015,05,23,6,705.70925
2015,05,23,7,706.10976
2015,05,24,0,706.60347
2015,05,24,1,707.18458
2015,05,24,2,707.72514
2015,05,24,3,707.85614
2015,05,24,4,707.8904
2015,05,24,5,708.26796
2015,05,24,6,707.56495
2015,05,24,7,706.7245
2015,05,25,0,707.33548
2015,05,25,1,707.66292
2015,05,25,2,708.64028
2015,05,25,3,709.61958
2015,05,25,4,710.96718
2015,05,25,5,712.29011
2015,05,25,6,711.87676
2015,05,25,7,711.54898
2015,05,26,0,711.94602
2015,05,26,1,712.14132
2015,05,26,2,713.16146
2015,05,26,3,713.83715
2015,05,26,4,714.01862
2015,05,26,5,713.93425
2015,05,26,6,714.56714
2015,05,26,7,714.61741
2015,05,27,0,713.43555
2015,05,27,1,712.23916
2015,05,27,2,710.90616
2015,05,27,3,709.56076
2015,05,27,4,707.92673
2015,05,27,5,707.54238
2015,05,27,6,707.64127
2015,05,27,7,707.22867
2015,05,28,0,707.58921
2015,05,28,1,707.48875
2015,05,28,2,708.11009
2015,05,28,3,709.44864
2015,05,28,4,711.91228
2015,05,28,5,714.22098
2015,05,28,6,714.01927
2015,05,28,7,711.70711
2015,05,29,0,708.71886
2015,05,29,1,707.48409
2015,05,29,2,706.6947
2015,05,29,3,706.18392
2015,05,29,4,706.73168
2015,05,29,5,708.12005
2015,05,29,6,707.95353
2015,05,29,7,707.89164
2015,05,30,0,707.15224
2015,05,30,1,706.86537
2015,05,30,2,708.97984
2015,05,30,3,710.8776
2015,05,30,4,710.73283
2015,05,30,5,710.56809
2015,05,30,6,711.00842
2015,05,30,7,711.19407
2015,05,31,0,711.78822
2015,05,31,1,712.40615
2015,05,31,2,712.41287
2015,05,31,3,712.49569
2015,05,31,4,713.55399
2015,05,31,5,714.86572
2015,05,31,6,715.76507
2015,05,31,7,716.64842
2015,05,1,0,717.63044
2015,05,1,1,718.1808
2015,05,1,2,719.36824
2015,05,1,3,720.14124
2015,05,1,4,720.40501
2015,05,1,5,720.46305
2015,05,1,6,719.73529
2015,05,1,7,718.915
2015,05,2,0,719.16833
2015,05,2,1,720.04426
2015,05,2,2,721.30984
2015,05,2,3,722.93961
2015,05,2,4,723.37512
2015,05,2,5,723.62935
2015,05,2,6,725.13646
2015,05,2,7,726.32129
2015,05,3,0,726.42953
2015,05,3,1,725.73491
2015,05,3,2,726.6044
2015,05,3,3,726.57563
2015,05,3,4,726.20185
2015,05,3,5,725.50403
2015,05,3,6,723.09206
2015,05,3,7,721.42947
2015,05,4,0,720.49856
2015,05,4,1,718.8485
2015,05,4,2,718.07603
2015,05,4,3,717.32848
2015,05,4,4,717.36541
2015,05,4,5,717.58538
2015,05,4,6,717.19376
2015,05,4,7,716.78181
2015,05,5,0,716.8047
2015,05,5,1,717.03648
2015,05,5,2,716.94952
2015,05,5,3,716.87842
2015,05,5,4,717.42061
2015,05,5,5,717.79376
2015,05,5,6,718.30522
2015,05,5,7,718.75224
2015,05,6,0,718.78549
2015,05,6,1,718.59732
2015,05,6,2,719.05296
2015,05,6,3,719.65531
2015,05,6,4,719.78423
2015,05,6,5,719.94851
2015,05,6,6,719.94761
2015,05,6,7,719.59364
2015,05,7,0,718.45312
2015,05,7,1,716.77549
2015,05,7,2,715.62936
2015,05,7,3,713.93242
2015,05,7,4,712.80163
2015,05,7,5,711.54662
2015,05,7,6,709.57917
2015,05,7,7,707.42928
2015,05,8,0,705.99339
2015,05,8,1,705.16871
2015,05,8,2,704.71718
2015,05,8,3,704.43733
2015,05,8,4,704.78629
2015,05,8,5,705.19518
2015,05,8,6,705.68978
2015,05,8,7,706.39647
2015,05,9,0,707.27023
2015,05,9,1,707.95177
2015,05,9,2,709.46283
2015,05,9,3,710.99005
2015,05,9,4,711.725
2015,05,9,5,712.37288
2015,05,9,6,712.04178
2015,05,9,7,711.50935
2015,05,10,0,710.12675
2015,05,10,1,708.80348
2015,05,10,2,708.51912
2015,05,10,3,708.28227
2015,05,10,4,708.88606
2015,05,10,5,709.52402
2015,05,10,6,709.40071
2015,05,10,7,709.63672
2015,05,11,0,709.53459
2015,05,11,1,708.98172
2015,05,11,2,709.45224
2015,05,11,3,709.42164
2015,05,11,4,708.80441
2015,05,11,5,708.65245
2015,05,11,6,708.77295
2015,05,11,7,708.41603
2015,05,12,0,708.19261
2015,05,12,1,707.93001
2015,05,12,2,708.42128
2015,05,12,3,708.94406
2015,05,12,4,709.24542
2015,05,12,5,709.59047
2015,05,12,6,709.75334
2015,05,12,7,709.60821
2015,05,13,0,709.18789
2015,05,13,1,709.04807
2015,05,13,2,708.63048
2015,05,13,3,707.44932
2015,05,13,4,706.31949
2015,05,13,5,705.81492
2015,05,13,6,705.52562
2015,05,13,7,705.59997
2015,05,14,0,705.54852
2015,05,14,1,705.95861
2015,05,14,2,706.34076
2015,05,14,3,706.22187
2015,05,14,4,706.43959
2015,05,14,5,706.48441
2015,05,14,6,706.04653
2015,05,14,7,705.64144
2015,05,15,0,705.39832
2015,05,15,1,704.78542
2015,05,15,2,703.75799
2015,05,15,3,703.15749
2015,05,15,4,703.12802
2015,05,15,5,702.89343
2015,05,15,6,702.26588
2015,05,15,7,701.6074
2015,05,16,0,700.33383
2015,05,16,1,699.05217
2015,05,16,2,699.90796
2015,05,16,3,700.69705
2015,05,16,4,700.91644
2015,05,16,5,700.2062
2015,05,16,6,700.47377
2015,05,16,7,701.20878
2015,05,17,0,701.8448
2015,05,17,1,702.28211
2015,05,17,2,703.23252
2015,05,17,3,704.27565
2015,05,17,4,704.74562
2015,05,17,5,704.92133
2015,05,17,6,705.0353
2015,05,17,7,705.11904
2015,05,18,0,704.72516
2015,05,18,1,704.19757
2015,05,18,2,704.53259
2015,05,18,3,704.85623
2015,05,18,4,704.34591
2015,05,18,5,703.73271
2015,05,18,6,703.50808
2015,05,18,7,703.32766
2015,05,19,0,703.50997
2015,05,19,1,702.96585
2015,05,19,2,702.53614
2015,05,19,3,702.89575
2015,05,19,4,703.65099
2015,05,19,5,704.40452
2015,05,19,6,705.24693
2015,05,19,7,706.68565
2015,05,20,0,707.72257
2015,05,20,1,708.20362
2015,05,20,2,708.66111
2015,05,20,3,709.37944
2015,05,20,4,709.84975
2015,05,20,5,710.2244
2015,05,20,6,710.42498
2015,05,20,7,710.34948
2015,05,21,0,709.26744
2015,05,21,1,708.19392
2015,05,21,2,706.86546
2015,05,21,3,705.23918
2015,05,21,4,703.51978
2015,05,21,5,702.71315
2015,05,21,6,702.07854
2015,05,21,7,702.02477
2015,05,22,0,702.12509
2015,05,22,1,702.36938
2015,05,22,2,702.88478
2015,05,22,3,702.95597
2015,05,22,4,702.25955
2015,05,22,5,701.659
2015,05,22,6,700.98716
2015,05,22,7,700.58669
2015,05,23,0,700.3557
2015,05,23,1,700.09851
2015,05,23,2,699.94451
2015,05,23,3,699.95982
2015,05,23,4,700.24878
2015,05,23,5,700.04026
2015,05,23,6,699.31089
2015,05,23,7,698.69309
2015,05,24,0,697.9218
2015,05,24,1,697.48952
2015,05,24,2,698.12333
2015,05,24,3,699.23842
2015,05,24,4,699.15252
2015,05,24,5,698.58804
2015,05,24,6,699.75284
2015,05,24,7,700.82495
2015,05,25,0,701.09955
2015,05,25,1,701.06132
2015,05,25,2,701.59163
2015,05,25,3,701.85454
2015,05,25,4,702.22668
2015,05,25,5,702.40238
2015,05,25,6,702.83899
2015,05,25,7,703.8109
2015,05,26,0,704.40737
2015,05,26,1,704.88562
2015,05,26,2,705.69535
2015,05,26,3,706.78583
2015,05,26,4,707.64629
2015,05,26,5,708.19304
2015,05,26,6,708.93262
2015,05,26,7,709.25875
2015,05,27,0,709.46872
2015,05,27,1,709.66447
2015,05,27,2,709.36591
2015,05,27,3,708.89958
2015,05,27,4,709.75183
2015,05,27,5,709.53174
2015,05,27,6,709.19664
2015,05,27,7,709.42678
2015,05,28,0,710.82566
2015,05,28,1,711.27789
2015,05,28,2,711.80049
2015,05,28,3,712.30505
2015,05,28,4,712.98273
2015,05,28,5,713.51591
2015,05,28,6,714.94908
2015,05,28,7,716.21809
2015,05,29,0,716.6877
2015,05,29,1,716.81821
2015,05,29,2,717.23691
2015,05,29,3,716.83829
2015,05,29,4,716.66834
2015,05,29,5,716.6443
2015,05,29,6,716.24292
2015,05,29,7,716.75115
2015,05,30,0,716.58751
2015,05,30,1,715.87267
2015,05,30,2,715.48535
2015,05,30,3,714.81754
2015,05,30,4,713.63663
2015,05,30,5,712.09662
2015,05,30,6,710.64124
2015,05,30,7,709.05663
2015,05,31,0,706.28593
2015,05,31,1,704.15574
2015,05,31,2,703.16454
2015,05,31,3,702.78364
2015,05,31,4,702.98086
2015,05,31,5,703.57446
2015,05,31,6,704.7801
2015,05,31,7,705.23911
2015,05,1,0,705.3859
2015,05,1,1,705.93625
2015,05,1,2,706.23785
2015,05,1,3,705.78032
2015,05,1,4,705.66535
2015,05,1,5,706.14938
2015,05,1,6,706.82739
2015,05,1,7,707.70558
2015,05,2,0,708.29108
2015,05,2,1,709.0166
2015,05,2,2,710.04861
2015,05,2,3,711.01506
2015,05,2,4,711.91411
2015,05,2,5,712.63236
2015,05,2,6,714.03239
2015,05,2,7,714.96465
2015,05,3,0,716.2554
2015,05,3,1,717.44344
2015,05,3,2,717.96759
2015,05,3,3,718.47532
2015,05,3,4,719.14007
2015,05,3,5,719.45395
2015,05,3,6,719.5351
2015,05,3,7,719.53953
2015,05,4,0,719.90358
2015,05,4,1,719.9042
2015,05,4,2,720.23598
2015,05,4,3,720.54872
2015,05,4,4,720.90947
2015,05,4,5,720.94543
2015,05,4,6,721.22138
2015,05,4,7,721.30556
2015,05,5,0,721.51711
2015,05,5,1,721.3242
2015,05,5,2,721.19187
2015,05,5,3,720.55797
2015,05,5,4,719.1748
2015,05,5,5,717.18394
2015,05,5,6,715.29095
2015,05,5,7,713.87685
2015,05,6,0,713.32729
2015,05,6,1,712.76106
2015,05,6,2,710.74545
2015,05,6,3,708.7365
2015,05,6,4,706.96396
2015,05,6,5,704.88185
2015,05,6,6,703.27464
2015,05,6,7,702.85589
2015,05,7,0,702.11405
2015,05,7,1,701.89114
2015,05,7,2,701.84494
2015,05,7,3,702.02452
2015,05,7,4,702.61208
2015,05,7,5,702.94613
2015,05,7,6,702.9534
2015,05,7,7,703.33649
2015,05,8,0,703.58358
2015,05,8,1,703.60419
2015,05,8,2,704.13864
2015,05,8,3,704.61683
2015,05,8,4,705.23441
2015,05,8,5,705.28627
2015,05,8,6,704.87591
2015,05,8,7,704.80828
2015,05,9,0,704.48288
2015,05,9,1,703.456
2015,05,9,2,703.36127
2015,05,9,3,702.98468
2015,05,9,4,702.12285
2015,05,9,5,701.13251
2015,05,9,6,700.29695
2015,05,9,7,699.23781
2015,05,10,0,698.56693
2015,05,10,1,697.80266
2015,05,10,2,697.58075
2015,05,10,3,697.5302
2015,05,10,4,697.46589
2015,05,10,5,697.27886
2015,05,10,6,697.16611
2015,05,10,7,696.93689
2015,05,11,0,696.99216
2015,05,11,1,696.84634
2015,05,11,2,696.63042
2015,05,11,3,696.17262
2015,05,11,4,686.60277
2015,05,11,5,686.20084
2015,05,11,6,685.88839
2015,05,11,7,685.6472
2015,05,12,0,685.87686
2015,05,12,1,685.88959
2015,05,12,2,686.09197
2015,05,12,3,686.12919
2015,05,12,4,696.13233
2015,05,12,5,696.27391
2015,05,12,6,697.31166
2015,05,12,7,697.93153
2015,05,13,0,697.88614
2015,05,13,1,697.58592
2015,05,13,2,697.22819
2015,05,13,3,696.48229
2015,05,13,4,685.62863
2015,05,13,5,684.07187
2015,05,13,6,682.6282
2015,05,13,7,681.2872
2015,05,14,0,680.93924
2015,05,14,1,680.79044
2015,05,14,2,681.08249
2015,05,14,3,682.18557
2015,05,14,4,684.31108
2015,05,14,5,697.18377
2015,05,14,6,698.99972
2015,05,14,7,700.48127
2015,05,15,0,701.66338
2015,05,15,1,702.73344
2015,05,15,2,702.99652
2015,05,15,3,703.14328
2015,05,15,4,703.40577
2015,05,15,5,703.17097
2015,05,15,6,702.81785
2015,05,15,7,702.50225
2015,05,16,0,702.68029
2015,05,16,1,702.54717
2015,05,16,2,703.38524
2015,05,16,3,703.7888
2015,05,16,4,704.27503
2015,05,16,5,704.82215
2015,05,16,6,705.40233
2015,05,16,7,706.14772
2015,05,17,0,707.79184
2015,05,17,1,708.80848
2015,05,17,2,709.44593
2015,05,17,3,710.06183
2015,05,17,4,710.02111
2015,05,17,5,709.1001
2015,05,17,6,708.82432
2015,05,17,7,708.56805
2015,05,18,0,708.61743
2015,05,18,1,708.78342
2015,05,18,2,708.58829
2015,05,18,3,708.65671
2015,05,18,4,707.92561
2015,05,18,5,706.74479
2015,05,18,6,706.27734
2015,05,18,7,704.98335
2015,05,19,0,703.11998
2015,05,19,1,701.11683
2015,05,19,2,700.23106
2015,05,19,3,699.77172
2015,05,19,4,699.67647
2015,05,19,5,699.22882
2015,05,19,6,699.04068
2015,05,19,7,698.8991
2015,05,20,0,698.6929
2015,05,20,1,698.63573
2015,05,20,2,699.35411
2015,05,20,3,700.80959
2015,05,20,4,702.43372
2015,05,20,5,703.82282
2015,05,20,6,704.73114
2015,05,20,7,705.52258
2015,05,21,0,707.20361
2015,05,21,1,708.30002
2015,05,21,2,708.7696
2015,05,21,3,709.39048
2015,05,21,4,709.78662
2015,05,21,5,709.87951
2015,05,21,6,710.59377
2015,05,21,7,711.32946
2015,05,22,0,711.53065
2015,05,22,1,711.62259
2015,05,22,2,712.2605
2015,05,22,3,712.54089
2015,05,22,4,712.47417
2015,05,22,5,712.16745
2015,05,22,6,711.60579
2015,05,22,7,711.31253
2015,05,23,0,711.67147
2015,05,23,1,711.36616
2015,05,23,2,711.68731
2015,05,23,3,711.65284
2015,05,23,4,711.59447
2015,05,23,5,711.6961
2015,05,23,6,711.93893
2015,05,23,7,712.52456
2015,05,24,0,714.1925
2015,05,24,1,715.46864
2015,05,24,2,716.35216
2015,05,24,3,716.76277
2015,05,24,4,717.33456
2015,05,24,5,717.43301
2015,05,24,6,717.45065
2015,05,24,7,717.12626
2015,05,25,0,717.14314
2015,05,25,1,716.71502
2015,05,25,2,716.17218
2015,05,25,3,715.724
2015,05,25,4,715.41004
2015,05,25,5,715.29561
2015,05,25,6,715.70366
2015,05,25,7,716.11047
2015,05,26,0,716.73359
2015,05,26,1,716.81535
2015,05,26,2,717.7643
2015,05,26,3,717.75689
2015,05,26,4,716.3344
2015,05,26,5,715.11985
2015,05,26,6,713.96397
2015,05,26,7,713.43624
2015,05,27,0,712.57637
2015,05,27,1,711.55758
2015,05,27,2,711.73562
2015,05,27,3,711.98927
2015,05,27,4,711.58266
2015,05,27,5,711.4833
2015,05,27,6,711.51726
2015,05,27,7,711.29325
2015,05,28,0,711.48305
2015,05,28,1,711.93849
2015,05,28,2,712.38665
2015,05,28,3,712.77137
2015,05,28,4,713.07063
2015,05,28,5,713.57657
2015,05,28,6,715.51331
2015,05,28,7,717.37313
2015,05,29,0,719.57266
2015,05,29,1,721.78205
2015,05,29,2,723.08853
2015,05,29,3,723.17046
2015,05,29,4,722.28497
2015,05,29,5,720.33697
2015,05,29,6,719.14855
2015,05,29,7,718.8053
2015,05,30,0,718.61644
2015,05,30,1,718.87418
2015,05,30,2,720.2707
2015,05,30,3,721.70222
2015,05,30,4,722.54857
2015,05,30,5,723.15626
2015,05,30,6,724.01028
2015,05,30,7,724.01943
2015,05,1,0,725.1416
2015,05,1,1,726.35005
2015,05,1,2,726.95109
2015,05,1,3,728.00264
2015,05,1,4,727.53359
2015,05,1,5,727.28663
2015,05,1,6,728.28238
2015,05,1,7,729.13167
2015,05,2,0,730.0353
2015,05,2,1,730.47168
2015,05,2,2,731.11936
2015,05,2,3,731.0155
2015,05,2,4,730.09719
2015,05,2,5,728.55568
2015,05,2,6,727.00107
2015,05,2,7,725.58497
2015,05,3,0,724.2159
2015,05,3,1,723.28946
2015,05,3,2,723.05429
2015,05,3,3,723.56523
2015,05,3,4,723.85232
2015,05,3,5,724.20191
2015,05,3,6,724.97065
2015,05,3,7,726.2273
2015,05,4,0,727.36028
2015,05,4,1,727.25562
2015,05,4,2,727.18149
2015,05,4,3,727.20269
2015,05,4,4,726.69996
2015,05,4,5,725.96428
2015,05,4,6,724.58997
2015,05,4,7,722.45421
2015,05,5,0,721.52931
2015,05,5,1,719.83737
2015,05,5,2,718.58331
2015,05,5,3,717.79422
2015,05,5,4,718.25183
2015,05,5,5,719.3121
2015,05,5,6,720.9906
2015,05,5,7,722.58686
2015,05,6,0,723.32503
2015,05,6,1,723.4133
2015,05,6,2,723.15132
2015,05,6,3,722.78519
2015,05,6,4,721.90837
2015,05,6,5,720.75177
2015,05,6,6,720.70296
2015,05,6,7,720.80909
2015,05,7,0,720.33774
2015,05,7,1,720.17226
2015,05,7,2,719.81628
2015,05,7,3,719.94426
2015,05,7,4,719.85133
2015,05,7,5,719.53464
2015,05,7,6,719.31369
2015,05,7,7,719.30197
2015,05,8,0,719.94654
2015,05,8,1,720.04411
2015,05,8,2,720.56082
2015,05,8,3,721.56772
2015,05,8,4,722.06763
2015,05,8,5,722.08512
2015,05,8,6,722.04958
2015,05,8,7,721.90259
2015,05,9,0,721.72623
2015,05,9,1,721.18796
2015,05,9,2,720.65877
2015,05,9,3,719.2754
2015,05,9,4,719.0247
2015,05,9,5,719.04486
2015,05,9,6,718.68368
2015,05,9,7,717.50213
2015,05,10,0,716.11039
2015,05,10,1,715.61019
2015,05,10,2,715.47935
2015,05,10,3,715.00801
2015,05,10,4,714.92869
2015,05,10,5,714.57544
2015,05,10,6,714.68428
2015,05,10,7,714.69227
2015,05,11,0,714.64743
2015,05,11,1,714.19126
2015,05,11,2,715.01023
2015,05,11,3,715.66506
2015,05,11,4,715.9171
2015,05,11,5,715.69789
2015,05,11,6,716.32501
2015,05,11,7,716.7849
2015,05,12,0,716.38502
2015,05,12,1,715.96247
2015,05,12,2,715.68773
2015,05,12,3,715.1226
2015,05,12,4,714.41921
2015,05,12,5,713.69185
2015,05,12,6,712.5204
2015,05,12,7,711.18214
2015,05,13,0,709.99667
2015,05,13,1,709.21139
2015,05,13,2,708.8971
2015,05,13,3,708.5598
2015,05,13,4,708.45557
2015,05,13,5,708.40029
2015,05,13,6,708.83141
2015,05,13,7,708.66914
2015,05,14,0,708.30955
2015,05,14,1,708.30843
2015,05,14,2,708.29049
2015,05,14,3,708.59621
2015,05,14,4,709.32584
2015,05,14,5,709.70837
2015,05,14,6,710.26209
2015,05,14,7,710.66884
2015,05,15,0,710.91841
2015,05,15,1,710.82389
2015,05,15,2,711.02316
2015,05,15,3,711.2928
2015,05,15,4,711.24103
2015,05,15,5,710.90882
2015,05,15,6,711.17877
2015,05,15,7,711.36314
2015,05,16,0,711.1612
2015,05,16,1,710.8949
2015,05,16,2,711.16729
2015,05,16,3,711.37924
2015,05,16,4,712.28858
2015,05,16,5,712.5886
2015,05,16,6,713.05449
2015,05,16,7,713.44001
2015,05,17,0,713.41124
2015,05,17,1,713.3548
2015,05,17,2,713.75596
2015,05,17,3,714.13753
2015,05,17,4,714.13419
2015,05,17,5,714.16025
2015,05,17,6,714.79715
2015,05,17,7,715.4179
2015,05,18,0,715.93626
2015,05,18,1,716.50998
2015,05,18,2,716.94519
2015,05,18,3,717.43718
2015,05,18,4,717.76623
2015,05,18,5,717.85201
2015,05,18,6,718.07096
2015,05,18,7,718.19064
2015,05,19,0,718.10473
2015,05,19,1,717.91743
2015,05,19,2,718.0963
2015,05,19,3,718.18337
2015,05,19,4,717.74402
2015,05,19,5,717.40767
2015,05,19,6,717.71899
2015,05,19,7,718.18067
2015,05,20,0,719.22885
2015,05,20,1,719.68759
2015,05,20,2,720.80606
2015,05,20,3,722.43105
2015,05,20,4,722.88958
2015,05,20,5,722.72935
2015,05,20,6,722.28914
2015,05,20,7,721.56753
2015,05,21,0,721.15945
2015,05,21,1,720.23798
2015,05,21,2,719.13159
2015,05,21,3,718.12673
2015,05,21,4,716.78885
2015,05,21,5,715.50404
2015,05,21,6,714.67219
2015,05,21,7,714.34865
2015,05,22,0,714.53721
2015,05,22,1,714.89887
2015,05,22,2,715.82247
2015,05,22,3,716.56694
2015,05,22,4,716.21297
2015,05,22,5,715.45442
2015,05,22,6,715.46244
2015,05,22,7,716.12592
2015,05,23,0,717.54592
2015,05,23,1,718.44017
2015,05,23,2,718.79225
2015,05,23,3,719.29431
2015,05,23,4,720.46581
2015,05,23,5,721.19585
2015,05,23,6,722.1868
2015,05,23,7,722.3878
2015,05,24,0,722.08633
2015,05,24,1,721.88564
2015,05,24,2,721.15281
2015,05,24,3,720.61457
2015,05,24,4,720.65094
2015,05,24,5,719.94079
2015,05,24,6,719.53763
2015,05,24,7,719.05145
2015,05,25,0,718.22041
2015,05,25,1,717.39259
2015,05,25,2,716.93734
2015,05,25,3,716.07623
2015,05,25,4,714.82486
2015,05,25,5,713.73477
2015,05,25,6,713.16508
2015,05,25,7,712.37209
2015,05,26,0,712.2277
2015,05,26,1,712.26536
2015,05,26,2,712.64884
2015,05,26,3,712.84829
2015,05,26,4,712.14619
2015,05,26,5,711.05131
2015,05,26,6,711.51958
2015,05,26,7,711.9699
2015,05,27,0,711.92767
2015,05,27,1,711.9523
2015,05,27,2,712.05608
2015,05,27,3,712.198
2015,05,27,4,712.38381
2015,05,27,5,712.30672
2015,05,27,6,712.20026
2015,05,27,7,712.15745
2015,05,28,0,711.92717
2015,05,28,1,711.57566
2015,05,28,2,712.07291
2015,05,28,3,712.56397
2015,05,28,4,713.06683
2015,05,28,5,713.50216
2015,05,28,6,713.74543
2015,05,28,7,714.00824
2015,05,29,0,713.56486
2015,05,29,1,712.93975
2015,05,29,2,713.0553
2015,05,29,3,712.80121
2015,05,29,4,711.88725
2015,05,29,5,711.07855
2015,05,29,6,711.43521
2015,05,29,7,711.49264
2015,05,30,0,710.58534
2015,05,30,1,709.82669
2015,05,30,2,710.16021
2015,05,30,3,710.50194
2015,05,30,4,710.34067
2015,05,30,5,710.2259
2015,05,30,6,710.69192
2015,05,30,7,710.88269
2015,05,31,0,710.24688
2015,05,31,1,709.47759
2015,05,31,2,709.50286
2015,05,31,3,709.31597
2015,05,31,4,708.68344
2015,05,31,5,708.25021
2015,05,31,6,708.54617
2015,05,31,7,708.90734
2015,05,1,0,708.67306
2015,05,1,1,708.40834
2015,05,1,2,708.95458
2015,05,1,3,709.0199
2015,05,1,4,708.55681
2015,05,1,5,708.15208
2015,05,1,6,708.19787
2015,05,1,7,708.13466
2015,05,2,0,708.4693
2015,05,2,1,708.85288
2015,05,2,2,708.96057
2015,05,2,3,708.9372
2015,05,2,4,708.64733
2015,05,2,5,708.61767
2015,05,2,6,709.00287
2015,05,2,7,709.60205
2015,05,3,0,709.97731
2015,05,3,1,710.12876
2015,05,3,2,710.91745
2015,05,3,3,711.95498
2015,05,3,4,712.05004
2015,05,3,5,711.96981
2015,05,3,6,712.90686
2015,05,3,7,713.76729
2015,05,4,0,714.29812
2015,05,4,1,714.63684
2015,05,4,2,715.35293
2015,05,4,3,716.00961
2015,05,4,4,715.29625
2015,05,4,5,714.17586
2015,05,4,6,713.63641
2015,05,4,7,712.82785
2015,05,5,0,712.56555
2015,05,5,1,711.9843
2015,05,5,2,710.83832
2015,05,5,3,710.11917
2015,05,5,4,709.25344
2015,05,5,5,708.57722
2015,05,5,6,708.96097
2015,05,5,7,709.4224
2015,05,6,0,710.76716
2015,05,6,1,711.92129
2015,05,6,2,712.66512
2015,05,6,3,714.04209
2015,05,6,4,714.38578
2015,05,6,5,714.01037
2015,05,6,6,714.97306
2015,05,6,7,716.37911
2015,05,7,0,717.03313
2015,05,7,1,717.48178
2015,05,7,2,718.52053
2015,05,7,3,719.67405
2015,05,7,4,720.0155
2015,05,7,5,720.08835
2015,05,7,6,720.63451
2015,05,7,7,721.41263
2015,05,8,0,721.49522
2015,05,8,1,721.0083
2015,05,8,2,720.88738
2015,05,8,3,720.14088
2015,05,8,4,718.93552
2015,05,8,5,717.31617
2015,05,8,6,715.88761
2015,05,8,7,714.61185
2015,05,9,0,711.4507
2015,05,9,1,709.5079
2015,05,9,2,710.56098
2015,05,9,3,712.22337
2015,05,9,4,712.12147
2015,05,9,5,711.96558
2015,05,9,6,713.65099
2015,05,9,7,715.30474
2015,05,10,0,716.60321
2015,05,10,1,717.75246
2015,05,10,2,720.72307
2015,05,10,3,723.93005
2015,05,10,4,725.11411
2015,05,10,5,725.9198
2015,05,10,6,726.53279
2015,05,10,7,726.15849
2015,05,11,0,725.84882
2015,05,11,1,724.78275
2015,05,11,2,724.18526
2015,05,11,3,723.51736
2015,05,11,4,722.20796
2015,05,11,5,721.40101
2015,05,11,6,722.08604
2015,05,11,7,722.82547
2015,05,12,0,722.89301
2015,05,12,1,722.75644
2015,05,12,2,722.00074
2015,05,12,3,721.46166
2015,05,12,4,721.71983
2015,05,12,5,720.84292
2015,05,12,6,719.56901
2015,05,12,7,718.57088
2015,05,13,0,718.66451
2015,05,13,1,719.68234
2015,05,13,2,720.644
2015,05,13,3,721.66527
2015,05,13,4,720.97875
2015,05,13,5,720.58235
2015,05,13,6,722.34799
2015,05,13,7,723.49302
2015,05,14,0,723.40126
2015,05,14,1,722.92873
2015,05,14,2,723.51119
2015,05,14,3,724.10114
2015,05,14,4,723.80691
2015,05,14,5,723.57627
2015,05,14,6,725.13975
2015,05,14,7,726.47333
2015,05,15,0,726.99699
2015,05,15,1,727.09552
2015,05,15,2,726.87074
2015,05,15,3,726.40269
2015,05,15,4,725.60965
2015,05,15,5,724.44797
2015,05,15,6,723.25729
2015,05,15,7,722.23726
2015,05,16,0,721.43927
2015,05,16,1,720.65438
2015,05,16,2,719.99986
2015,05,16,3,719.68287
2015,05,16,4,719.29553
2015,05,16,5,719.32889
2015,05,16,6,720.84442
2015,05,16,7,722.49493
2015,05,17,0,724.16285
2015,05,17,1,724.63115
2015,05,17,2,725.74391
2015,05,17,3,726.98364
2015,05,17,4,726.76808
2015,05,17,5,725.51626
2015,05,17,6,724.96117
2015,05,17,7,725.67623
2015,05,18,0,725.25425
2015,05,18,1,724.45758
2015,05,18,2,724.77568
2015,05,18,3,724.72945
2015,05,18,4,724.13849
2015,05,18,5,722.71687
2015,05,18,6,721.54193
2015,05,18,7,720.24196
2015,05,19,0,718.51735
2015,05,19,1,716.45184
2015,05,19,2,715.22832
2015,05,19,3,714.83799
2015,05,19,4,714.12582
2015,05,19,5,713.09605
2015,05,19,6,714.08577
2015,05,19,7,715.30029
2015,05,20,0,715.81452
2015,05,20,1,716.05429
2015,05,20,2,716.50448
2015,05,20,3,716.58108
2015,05,20,4,715.54059
2015,05,20,5,714.50295
2015,05,20,6,713.74498
2015,05,20,7,713.05169
2015,05,21,0,712.72081
2015,05,21,1,712.16355
2015,05,21,2,711.69805
2015,05,21,3,711.33677
2015,05,21,4,710.68236
2015,05,21,5,710.17818
2015,05,21,6,710.24848
2015,05,21,7,710.5498
2015,05,22,0,711.12277
2015,05,22,1,711.77352
2015,05,22,2,712.90107
2015,05,22,3,713.89024
2015,05,22,4,715.29776
2015,05,22,5,716.63393
2015,05,22,6,717.89337
2015,05,22,7,719.63211
2015,05,23,0,721.38659
2015,05,23,1,722.09921
2015,05,23,2,722.8756
2015,05,23,3,723.33026
2015,05,23,4,723.59133
2015,05,23,5,724.0202
2015,05,23,6,723.83386
2015,05,23,7,724.03117
2015,05,24,0,725.04954
2015,05,24,1,725.57014
2015,05,24,2,726.19939
2015,05,24,3,725.96097
2015,05,24,4,724.74734
2015,05,24,5,723.85149
2015,05,24,6,723.51709
2015,05,24,7,723.19592
2015,05,25,0,722.79835
2015,05,25,1,722.43074
2015,05,25,2,722.50434
2015,05,25,3,721.67002
2015,05,25,4,720.76159
2015,05,25,5,720.19919
2015,05,25,6,719.80783
2015,05,25,7,718.98807
2015,05,26,0,716.84644
2015,05,26,1,715.48545
2015,05,26,2,714.96249
2015,05,26,3,714.46858
2015,05,26,4,714.86812
2015,05,26,5,714.95379
2015,05,26,6,715.27307
2015,05,26,7,715.9701
2015,05,27,0,716.36182
2015,05,27,1,716.23228
2015,05,27,2,716.15524
2015,05,27,3,716.45374
2015,05,27,4,716.60204
2015,05,27,5,716.47893
2015,05,27,6,716.65983
2015,05,27,7,716.55732
2015,05,28,0,716.20743
2015,05,28,1,715.40497
2015,05,28,2,714.70797
2015,05,28,3,713.95806
2015,05,28,4,713.01115
2015,05,28,5,711.70247
2015,05,28,6,711.40968
2015,05,28,7,711.48889
2015,05,29,0,711.1272
2015,05,29,1,711.175
2015,05,29,2,711.56407
2015,05,29,3,711.63538
2015,05,29,4,711.32714
2015,05,29,5,711.51556
2015,05,29,6,712.73681
2015,05,29,7,713.68855
2015,05,30,0,713.43731
2015,05,30,1,712.83949
2015,05,30,2,714.03959
2015,05,30,3,714.6964
2015,05,30,4,714.60515
2015,05,30,5,714.76114
2015,05,30,6,715.39562
2015,05,30,7,715.9699
2015,05,1,0,715.97495
2015,05,1,1,715.69318
2015,05,1,2,715.51807
2015,05,1,3,715.54839
2015,05,1,4,715.82729
2015,05,1,5,716.043
2015,05,1,6,716.74975
2015,05,1,7,717.26132
2015,05,2,0,717.4976
2015,05,2,1,717.6651
2015,05,2,2,718.96823
2015,05,2,3,720.24365
2015,05,2,4,720.14737
2015,05,2,5,720.30944
2015,05,2,6,721.45194
2015,05,2,7,722.43173
2015,05,3,0,722.66057
2015,05,3,1,722.79477
2015,05,3,2,723.87634
2015,05,3,3,724.10059
2015,05,3,4,724.44796
2015,05,3,5,724.49284
2015,05,3,6,724.00467
2015,05,3,7,723.66033
2015,05,4,0,723.17793
2015,05,4,1,722.77903
2015,05,4,2,722.28114
2015,05,4,3,721.70632
2015,05,4,4,721.33037
2015,05,4,5,720.94874
2015,05,4,6,721.2356
2015,05,4,7,721.6879
2015,05,5,0,720.97517
2015,05,5,1,720.14616
2015,05,5,2,721.19413
2015,05,5,3,721.75492
2015,05,5,4,722.49194
2015,05,5,5,723.41339
2015,05,5,6,724.56548
2015,05,5,7,726.05777
2015,05,6,0,726.74678
2015,05,6,1,726.3265
2015,05,6,2,725.55066
2015,05,6,3,725.06451
2015,05,6,4,724.13175
2015,05,6,5,723.20547
2015,05,6,6,723.84206
2015,05,6,7,724.75454
2015,05,7,0,725.01341
2015,05,7,1,724.33039
2015,05,7,2,723.88785
2015,05,7,3,723.64676
2015,05,7,4,723.77968
2015,05,7,5,723.76644
2015,05,7,6,724.38464
2015,05,7,7,725.18424
2015,05,8,0,725.73628
2015,05,8,1,725.79032
2015,05,8,2,726.41068
2015,05,8,3,727.2926
2015,05,8,4,727.73938
2015,05,8,5,727.64696
2015,05,8,6,728.21309
2015,05,8,7,728.54492
2015,05,9,0,728.91151
2015,05,9,1,728.90148
2015,05,9,2,728.58145
2015,05,9,3,728.32159
2015,05,9,4,728.20189
2015,05,9,5,727.99427
2015,05,9,6,727.77347
2015,05,9,7,727.66261
2015,05,10,0,728.07186
2015,05,10,1,728.15971
2015,05,10,2,727.79566
2015,05,10,3,727.32958
2015,05,10,4,727.40361
2015,05,10,5,727.45797
2015,05,10,6,727.26627
2015,05,10,7,727.0946
2015,05,11,0,727.17163
2015,05,11,1,727.18525
2015,05,11,2,726.99133
2015,05,11,3,726.40622
2015,05,11,4,725.21083
2015,05,11,5,723.6673
2015,05,11,6,723.54662
2015,05,11,7,723.9403
2015,05,12,0,724.38251
2015,05,12,1,725.01403
2015,05,12,2,724.75035
2015,05,12,3,724.35879
2015,05,12,4,724.17289
2015,05,12,5,723.95385
2015,05,12,6,723.71523
2015,05,12,7,723.64787
2015,05,13,0,723.87429
2015,05,13,1,724.275
2015,05,13,2,724.75815
2015,05,13,3,725.09507
2015,05,13,4,725.41941
2015,05,13,5,725.61479
2015,05,13,6,725.50117
2015,05,13,7,725.46563
2015,05,14,0,725.74607
2015,05,14,1,725.81308
2015,05,14,2,725.57287
2015,05,14,3,724.95384
2015,05,14,4,725.00797
2015,05,14,5,724.91026
2015,05,14,6,724.61182
2015,05,14,7,724.56555
2015,05,15,0,724.91048
2015,05,15,1,725.05526
2015,05,15,2,725.50372
2015,05,15,3,725.44781
2015,05,15,4,724.86028
2015,05,15,5,724.13212
2015,05,15,6,724.09388
2015,05,15,7,723.97193
2015,05,16,0,723.48209
2015,05,16,1,722.59384
2015,05,16,2,721.85627
2015,05,16,3,721.08682
2015,05,16,4,720.31528
2015,05,16,5,719.51041
2015,05,16,6,719.45553
2015,05,16,7,719.45434
2015,05,17,0,719.47679
2015,05,17,1,719.15656
2015,05,17,2,719.83301
2015,05,17,3,720.46798
2015,05,17,4,720.78253
2015,05,17,5,720.56533
2015,05,17,6,720.43765
2015,05,17,7,720.13755
2015,05,18,0,719.51308
2015,05,18,1,718.47719
2015,05,18,2,718.16334
2015,05,18,3,717.87717
2015,05,18,4,716.38864
2015,05,18,5,714.96274
2015,05,18,6,715.04722
2015,05,18,7,715.33966
2015,05,19,0,714.82085
2015,05,19,1,714.0807
2015,05,19,2,714.66845
2015,05,19,3,715.30678
2015,05,19,4,714.988
2015,05,19,5,714.5702
2015,05,19,6,715.58435
2015,05,19,7,716.64998
2015,05,20,0,717.2429
2015,05,20,1,717.50737
2015,05,20,2,718.37433
2015,05,20,3,719.36815
2015,05,20,4,720.08295
2015,05,20,5,720.44583
2015,05,20,6,721.18854
2015,05,20,7,721.88281
2015,05,21,0,722.57405
2015,05,21,1,722.73295
2015,05,21,2,722.23851
2015,05,21,3,721.50108
2015,05,21,4,721.1552
2015,05,21,5,720.70125
2015,05,21,6,721.32543
2015,05,21,7,721.98021
2015,05,22,0,722.21812
2015,05,22,1,722.03627
2015,05,22,2,722.34237
2015,05,22,3,722.82211
2015,05,22,4,723.11721
2015,05,22,5,723.75746
2015,05,22,6,724.86335
2015,05,22,7,725.94693
2015,05,23,0,726.69405
2015,05,23,1,727.18005
2015,05,23,2,728.10116
2015,05,23,3,728.47276
2015,05,23,4,728.57963
2015,05,23,5,728.38592
2015,05,23,6,728.19811
2015,05,23,7,727.74317
2015,05,24,0,727.34592
2015,05,24,1,726.35114
2015,05,24,2,725.24746
2015,05,24,3,723.7806
2015,05,24,4,722.25101
2015,05,24,5,720.69387
2015,05,24,6,719.71314
2015,05,24,7,719.09823
2015,05,25,0,719.00253
2015,05,25,1,718.99322
2015,05,25,2,719.50171
2015,05,25,3,720.07654
2015,05,25,4,720.7516
2015,05,25,5,721.1821
2015,05,25,6,721.78947
2015,05,25,7,722.23569
2015,05,26,0,723.04285
2015,05,26,1,723.44649
2015,05,26,2,723.49096
2015,05,26,3,723.43357
2015,05,26,4,723.9089
2015,05,26,5,724.07394
2015,05,26,6,724.09461
2015,05,26,7,724.09191
2015,05,27,0,724.22283
2015,05,27,1,723.70234
2015,05,27,2,722.94814
2015,05,27,3,722.23903
2015,05,27,4,721.67783
2015,05,27,5,721.06248
2015,05,27,6,720.18179
2015,05,27,7,719.582
2015,05,28,0,718.91895
2015,05,28,1,717.95057
2015,05,28,2,717.44392
2015,05,28,3,716.82347
2015,05,28,4,716.46412
2015,05,28,5,715.97413
2015,05,28,6,715.62896
2015,05,28,7,715.76948
2015,05,29,0,715.78806
2015,05,29,1,715.46782
2015,05,29,2,716.04585
2015,05,29,3,716.8362
2015,05,29,4,717.15701
2015,05,29,5,717.34437
2015,05,29,6,718.02398
2015,05,29,7,718.99766
2015,05,30,0,719.80126
2015,05,30,1,720.12364
2015,05,30,2,720.91906
2015,05,30,3,721.26546
2015,05,30,4,721.34534
2015,05,30,5,721.1746
2015,05,30,6,720.87403
2015,05,30,7,720.5261
2015,05,31,0,719.99376
2015,05,31,1,719.19807
2015,05,31,2,718.56151
2015,05,31,3,718.00917
2015,05,31,4,717.38396
2015,05,31,5,716.72462
2015,05,31,6,716.47381
2015,05,31,7,716.17024
2016,05,1,0,715.41928
2016,05,1,1,714.63081
2016,05,1,2,715.00943
2016,05,1,3,715.80431
2016,05,1,4,715.88082
2016,05,1,5,715.90209
2016,05,1,6,717.31376
2016,05,1,7,718.71174
2016,05,2,0,720.04072
2016,05,2,1,721.24772
2016,05,2,2,722.17548
2016,05,2,3,723.01523
2016,05,2,4,723.74079
2016,05,2,5,723.93114
2016,05,2,6,724.27174
2016,05,2,7,724.2623
2016,05,3,0,723.96859
2016,05,3,1,723.34176
2016,05,3,2,723.19338
2016,05,3,3,722.67317
2016,05,3,4,722.1166
2016,05,3,5,721.47249
2016,05,3,6,721.02046
2016,05,3,7,720.37464
2016,05,4,0,719.84847
2016,05,4,1,719.22874
2016,05,4,2,718.76477
2016,05,4,3,718.03331
2016,05,4,4,717.34655
2016,05,4,5,716.52091
2016,05,4,6,715.50434
2016,05,4,7,714.69066
2016,05,5,0,714.00342
2016,05,5,1,713.3859
2016,05,5,2,712.77191
2016,05,5,3,712.29337
2016,05,5,4,712.24145
2016,05,5,5,712.20052
2016,05,5,6,712.63451
2016,05,5,7,713.34659
2016,05,6,0,713.69161
2016,05,6,1,713.90284
2016,05,6,2,714.4744
2016,05,6,3,714.98622
2016,05,6,4,715.39948
2016,05,6,5,715.77597
2016,05,6,6,716.36861
2016,05,6,7,716.77864
2016,05,7,0,716.86998
2016,05,7,1,716.61753
2016,05,7,2,716.65351
2016,05,7,3,716.73747
2016,05,7,4,716.78287
2016,05,7,5,716.77278
2016,05,7,6,716.69782
2016,05,7,7,716.67855
2016,05,8,0,716.53591
2016,05,8,1,716.27811
2016,05,8,2,716.5276
2016,05,8,3,716.67211
2016,05,8,4,716.6894
2016,05,8,5,716.76764
2016,05,8,6,716.91214
2016,05,8,7,717.42146
2016,05,9,0,717.90973
2016,05,9,1,718.10272
2016,05,9,2,718.5062
2016,05,9,3,719.06037
2016,05,9,4,719.96652
2016,05,9,5,720.7499
2016,05,9,6,721.54082
2016,05,9,7,722.69104
2016,05,10,0,724.13037
2016,05,10,1,725.0121
2016,05,10,2,725.37462
2016,05,10,3,725.9944
2016,05,10,4,726.99512
2016,05,10,5,727.74806
2016,05,10,6,727.91934
2016,05,10,7,727.80288
2016,05,11,0,728.1067
2016,05,11,1,727.61334
2016,05,11,2,727.32513
2016,05,11,3,726.90417
2016,05,11,4,726.74098
2016,05,11,5,726.49769
2016,05,11,6,726.49133
2016,05,11,7,726.5763
2016,05,12,0,727.04045
2016,05,12,1,727.27328
2016,05,12,2,726.7772
2016,05,12,3,726.14968
2016,05,12,4,726.44979
2016,05,12,5,726.85345
2016,05,12,6,726.5254
2016,05,12,7,726.2078
2016,05,13,0,726.06703
2016,05,13,1,725.61385
2016,05,13,2,725.15517
2016,05,13,3,724.78852
2016,05,13,4,723.89417
2016,05,13,5,722.56734
2016,05,13,6,722.24452
2016,05,13,7,722.09486
2016,05,14,0,722.04777
2016,05,14,1,721.98026
2016,05,14,2,722.01995
2016,05,14,3,722.25487
2016,05,14,4,721.62974
2016,05,14,5,721.1113
2016,05,14,6,721.24212
2016,05,14,7,721.22743
2016,05,15,0,720.75445
2016,05,15,1,720.20475
2016,05,15,2,720.32968
2016,05,15,3,720.28627
2016,05,15,4,719.79683
2016,05,15,5,719.31662
2016,05,15,6,718.93834
2016,05,15,7,718.68966
2016,05,16,0,718.06735
2016,05,16,1,717.27784
2016,05,16,2,716.74262
2016,05,16,3,716.43384
2016,05,16,4,716.833
2016,05,16,5,717.05411
2016,05,16,6,717.12318
2016,05,16,7,716.83817
2016,05,17,0,717.13095
2016,05,17,1,717.45107
2016,05,17,2,717.49809
2016,05,17,3,717.39034
2016,05,17,4,717.5289
2016,05,17,5,717.66259
2016,05,17,6,717.59901
2016,05,17,7,717.62033
2016,05,18,0,717.59865
2016,05,18,1,716.79466
2016,05,18,2,716.62794
2016,05,18,3,716.70207
2016,05,18,4,716.98365
2016,05,18,5,717.09717
2016,05,18,6,717.15802
2016,05,18,7,717.55342
2016,05,19,0,717.85452
2016,05,19,1,717.62428
2016,05,19,2,717.67288
2016,05,19,3,718.04349
2016,05,19,4,718.56172
2016,05,19,5,718.8791
2016,05,19,6,719.22362
2016,05,19,7,719.70863
2016,05,20,0,719.62713
2016,05,20,1,719.26516
2016,05,20,2,719.29951
2016,05,20,3,719.2212
2016,05,20,4,719.16405
2016,05,20,5,719.2098
2016,05,20,6,719.28514
2016,05,20,7,719.2346
2016,05,21,0,719.40454
2016,05,21,1,719.3948
2016,05,21,2,718.53706
2016,05,21,3,717.56109
2016,05,21,4,717.77073
2016,05,21,5,717.65954
2016,05,21,6,717.02094
2016,05,21,7,716.4696
2016,05,22,0,715.87312
2016,05,22,1,714.99528
2016,05,22,2,714.52448
2016,05,22,3,714.085
2016,05,22,4,713.426
2016,05,22,5,712.80466
2016,05,22,6,713.02579
2016,05,22,7,712.88197
2016,05,23,0,712.98482
2016,05,23,1,712.81569
2016,05,23,2,712.47869
2016,05,23,3,712.32933
2016,05,23,4,712.50853
2016,05,23,5,712.74431
2016,05,23,6,713.23506
2016,05,23,7,713.68657
2016,05,24,0,714.70898
2016,05,24,1,715.48227
2016,05,24,2,716.17897
2016,05,24,3,716.61744
2016,05,24,4,717.30997
2016,05,24,5,717.69686
2016,05,24,6,718.45604
2016,05,24,7,719.22747
2016,05,25,0,719.92676
2016,05,25,1,720.18409
2016,05,25,2,720.4145
2016,05,25,3,720.42348
2016,05,25,4,720.24644
2016,05,25,5,720.00627
2016,05,25,6,720.32028
2016,05,25,7,720.27946
2016,05,26,0,719.9909
2016,05,26,1,719.47935
2016,05,26,2,719.37286
2016,05,26,3,719.02235
2016,05,26,4,718.70509
2016,05,26,5,718.22337
2016,05,26,6,717.72403
2016,05,26,7,717.46054
2016,05,27,0,717.27627
2016,05,27,1,716.70616
2016,05,27,2,716.45672
2016,05,27,3,715.96091
2016,05,27,4,715.89236
2016,05,27,5,716.03658
2016,05,27,6,716.19353
2016,05,27,7,716.66829
2016,05,28,0,717.09359
2016,05,28,1,717.15212
2016,05,28,2,717.65877
2016,05,28,3,718.03328
2016,05,28,4,718.62322
2016,05,28,5,719.03212
2016,05,28,6,719.41329
2016,05,28,7,719.81615
2016,05,29,0,720.30586
2016,05,29,1,720.11195
2016,05,29,2,720.02871
2016,05,29,3,719.59256
2016,05,29,4,719.01121
2016,05,29,5,718.31958
2016,05,29,6,717.21461
2016,05,29,7,716.20132
2016,05,30,0,715.53262
2016,05,30,1,714.41637
2016,05,30,2,713.33458
2016,05,30,3,712.54731
2016,05,30,4,712.36647
2016,05,30,5,712.18815
2016,05,30,6,711.93182
2016,05,30,7,711.69488
2016,05,31,0,711.80445
2016,05,31,1,711.27893
2016,05,31,2,710.26256
2016,05,31,3,709.21449
2016,05,31,4,710.11977
2016,05,31,5,710.85117
2016,05,31,6,710.62559
2016,05,31,7,710.37482
2016,05,1,0,710.25654
2016,05,1,1,710.05648
2016,05,1,2,710.55044
2016,05,1,3,711.04335
2016,05,1,4,711.08929
2016,05,1,5,711.23979
2016,05,1,6,712.46239
2016,05,1,7,713.63702
2016,05,2,0,714.37401
2016,05,2,1,714.78143
2016,05,2,2,715.84915
2016,05,2,3,716.75699
2016,05,2,4,717.6623
2016,05,2,5,718.25931
2016,05,2,6,718.96938
2016,05,2,7,719.96803
2016,05,3,0,720.84723
2016,05,3,1,721.28777
2016,05,3,2,721.66611
2016,05,3,3,721.57234
2016,05,3,4,721.37023
2016,05,3,5,720.80477
2016,05,3,6,720.26702
2016,05,3,7,719.75041
2016,05,4,0,719.64689
2016,05,4,1,719.50614
2016,05,4,2,719.25727
2016,05,4,3,719.15843
2016,05,4,4,718.9103
2016,05,4,5,718.40072
2016,05,4,6,718.44634
2016,05,4,7,718.75697
2016,05,5,0,718.95092
2016,05,5,1,718.82247
2016,05,5,2,718.79425
2016,05,5,3,718.82443
2016,05,5,4,718.59267
2016,05,5,5,718.02068
2016,05,5,6,718.00526
2016,05,5,7,718.43673
2016,05,6,0,718.65428
2016,05,6,1,718.49778
2016,05,6,2,718.52771
2016,05,6,3,718.9244
2016,05,6,4,719.18068
2016,05,6,5,719.3167
2016,05,6,6,719.58027
2016,05,6,7,719.88526
2016,05,7,0,719.55181
2016,05,7,1,718.93912
2016,05,7,2,718.60549
2016,05,7,3,718.474
2016,05,7,4,718.33817
2016,05,7,5,717.77894
2016,05,7,6,717.55746
2016,05,7,7,717.48894
2016,05,8,0,716.80822
2016,05,8,1,716.12216
2016,05,8,2,716.17777
2016,05,8,3,716.16205
2016,05,8,4,716.11213
2016,05,8,5,715.9786
2016,05,8,6,716.17664
2016,05,8,7,716.44185
2016,05,9,0,716.32436
2016,05,9,1,716.05899
2016,05,9,2,716.18966
2016,05,9,3,716.19113
2016,05,9,4,716.13376
2016,05,9,5,716.07468
2016,05,9,6,716.40875
2016,05,9,7,716.87448
2016,05,10,0,717.26894
2016,05,10,1,717.42497
2016,05,10,2,717.77084
2016,05,10,3,717.83396
2016,05,10,4,718.00323
2016,05,10,5,717.81753
2016,05,10,6,717.29752
2016,05,10,7,717.02832
2016,05,11,0,716.81053
2016,05,11,1,716.38598
2016,05,11,2,716.06951
2016,05,11,3,715.73003
2016,05,11,4,715.70688
2016,05,11,5,715.7292
2016,05,11,6,715.92242
2016,05,11,7,716.34118
2016,05,12,0,717.23703
2016,05,12,1,718.05315
2016,05,12,2,719.18785
2016,05,12,3,720.1439
2016,05,12,4,720.96648
2016,05,12,5,721.57191
2016,05,12,6,721.80423
2016,05,12,7,721.93391
2016,05,13,0,721.92194
2016,05,13,1,721.32312
2016,05,13,2,720.96052
2016,05,13,3,720.50959
2016,05,13,4,720.33621
2016,05,13,5,720.34806
2016,05,13,6,720.0248
2016,05,13,7,719.61643
2016,05,14,0,719.95492
2016,05,14,1,719.87575
2016,05,14,2,720.05641
2016,05,14,3,720.31347
2016,05,14,4,719.97155
2016,05,14,5,719.67071
2016,05,14,6,719.96479
2016,05,14,7,720.2261
2016,05,15,0,719.88805
2016,05,15,1,718.98439
2016,05,15,2,718.41857
2016,05,15,3,717.94077
2016,05,15,4,717.49814
2016,05,15,5,716.79999
2016,05,15,6,716.29837
2016,05,15,7,715.91807
2016,05,16,0,715.66972
2016,05,16,1,715.15791
2016,05,16,2,714.97368
2016,05,16,3,714.56311
2016,05,16,4,714.04637
2016,05,16,5,713.50886
2016,05,16,6,712.98793
2016,05,16,7,712.4234
2016,05,17,0,711.98784
2016,05,17,1,711.46384
2016,05,17,2,711.46157
2016,05,17,3,711.27011
2016,05,17,4,710.96619
2016,05,17,5,710.41939
2016,05,17,6,710.10746
2016,05,17,7,709.88539
2016,05,18,0,710.1588
2016,05,18,1,710.017
2016,05,18,2,709.69606
2016,05,18,3,709.45433
2016,05,18,4,708.59527
2016,05,18,5,707.66606
2016,05,18,6,707.45738
2016,05,18,7,707.20248
2016,05,19,0,706.79516
2016,05,19,1,706.36207
2016,05,19,2,706.6422
2016,05,19,3,706.92258
2016,05,19,4,707.43124
2016,05,19,5,707.91852
2016,05,19,6,708.32178
2016,05,19,7,709.11394
2016,05,20,0,710.14882
2016,05,20,1,711.15573
2016,05,20,2,712.66793
2016,05,20,3,714.24135
2016,05,20,4,715.60342
2016,05,20,5,716.90978
2016,05,20,6,718.25143
2016,05,20,7,719.54825
2016,05,21,0,720.43026
2016,05,21,1,720.92118
2016,05,21,2,722.10654
2016,05,21,3,723.39727
2016,05,21,4,724.33943
2016,05,21,5,724.71426
2016,05,21,6,725.21126
2016,05,21,7,725.5923
2016,05,22,0,726.00047
2016,05,22,1,725.73776
2016,05,22,2,725.39399
2016,05,22,3,724.96278
2016,05,22,4,724.13355
2016,05,22,5,723.0918
2016,05,22,6,722.74193
2016,05,22,7,722.22873
2016,05,23,0,722.1159
2016,05,23,1,722.53598
2016,05,23,2,723.1175
2016,05,23,3,723.39996
2016,05,23,4,723.56856
2016,05,23,5,723.68462
2016,05,23,6,724.08058
2016,05,23,7,724.44211
2016,05,24,0,724.37349
2016,05,24,1,723.77671
2016,05,24,2,723.9515
2016,05,24,3,724.59135
2016,05,24,4,724.48406
2016,05,24,5,723.84574
2016,05,24,6,723.75409
2016,05,24,7,723.62567
2016,05,25,0,723.06084
2016,05,25,1,721.53938
2016,05,25,2,721.40781
2016,05,25,3,721.71525
2016,05,25,4,721.48689
2016,05,25,5,721.02028
2016,05,25,6,721.39677
2016,05,25,7,721.81811
2016,05,26,0,722.03009
2016,05,26,1,722.04829
2016,05,26,2,722.77765
2016,05,26,3,723.74796
2016,05,26,4,723.9808
2016,05,26,5,724.19331
2016,05,26,6,725.42994
2016,05,26,7,726.40426
2016,05,27,0,726.57066
2016,05,27,1,726.56437
2016,05,27,2,726.70809
2016,05,27,3,726.804
2016,05,27,4,727.23481
2016,05,27,5,727.04893
2016,05,27,6,726.70397
2016,05,27,7,726.36716
2016,05,28,0,725.8068
2016,05,28,1,724.97408
2016,05,28,2,724.25473
2016,05,28,3,723.34508
2016,05,28,4,722.60883
2016,05,28,5,722.09723
2016,05,28,6,721.23979
2016,05,28,7,720.38318
2016,05,29,0,719.82386
2016,05,29,1,719.09517
2016,05,29,2,719.32809
2016,05,29,3,719.16797
2016,05,29,4,719.4083
2016,05,29,5,719.80026
2016,05,29,6,720.19082
2016,05,29,7,720.52937
2016,05,1,0,720.37404
2016,05,1,1,719.67131
2016,05,1,2,719.71731
2016,05,1,3,719.54274
2016,05,1,4,718.97325
2016,05,1,5,718.55646
2016,05,1,6,718.7541
2016,05,1,7,718.72972
2016,05,2,0,718.31945
2016,05,2,1,717.29633
2016,05,2,2,716.72086
2016,05,2,3,715.98428
2016,05,2,4,715.1542
2016,05,2,5,714.28798
2016,05,2,6,713.23269
2016,05,2,7,712.48765
2016,05,3,0,711.70847
2016,05,3,1,710.50253
2016,05,3,2,709.73504
2016,05,3,3,708.91635
2016,05,3,4,707.84226
2016,05,3,5,707.1835
2016,05,3,6,707.12264
2016,05,3,7,707.10224
2016,05,4,0,706.70367
2016,05,4,1,706.30225
2016,05,4,2,706.58522
2016,05,4,3,706.56983
2016,05,4,4,707.05656
2016,05,4,5,707.55655
2016,05,4,6,708.04525
2016,05,4,7,708.44161
2016,05,5,0,709.77538
2016,05,5,1,710.81263
2016,05,5,2,711.46062
2016,05,5,3,712.08706
2016,05,5,4,712.09235
2016,05,5,5,711.99659
2016,05,5,6,711.7589
2016,05,5,7,711.54101
2016,05,6,0,711.58609
2016,05,6,1,711.02759
2016,05,6,2,710.79009
2016,05,6,3,710.58376
2016,05,6,4,710.67176
2016,05,6,5,710.6988
2016,05,6,6,710.34942
2016,05,6,7,710.15759
2016,05,7,0,709.64875
2016,05,7,1,709.08131
2016,05,7,2,709.17146
2016,05,7,3,709.12884
2016,05,7,4,709.32179
2016,05,7,5,709.33503
2016,05,7,6,709.66685
2016,05,7,7,710.03695
2016,05,8,0,710.41054
2016,05,8,1,710.44423
2016,05,8,2,710.91723
2016,05,8,3,711.63212
2016,05,8,4,712.27041
2016,05,8,5,712.79636
2016,05,8,6,713.45098
2016,05,8,7,714.09348
2016,05,9,0,714.58074
2016,05,9,1,714.8427
2016,05,9,2,715.19136
2016,05,9,3,715.10758
2016,05,9,4,715.67776
2016,05,9,5,716.07025
2016,05,9,6,716.07374
2016,05,9,7,716.32081
2016,05,10,0,716.47738
2016,05,10,1,716.28046
2016,05,10,2,715.93321
2016,05,10,3,715.43586
2016,05,10,4,714.79872
2016,05,10,5,713.77526
2016,05,10,6,712.47776
2016,05,10,7,711.19715
2016,05,11,0,710.16725
2016,05,11,1,709.24331
2016,05,11,2,708.56896
2016,05,11,3,708.42299
2016,05,11,4,708.83612
2016,05,11,5,709.40267
2016,05,11,6,709.8361
2016,05,11,7,710.26411
2016,05,12,0,710.94102
2016,05,12,1,711.10062
2016,05,12,2,711.61176
2016,05,12,3,712.16945
2016,05,12,4,712.70458
2016,05,12,5,712.62396
2016,05,12,6,712.52418
2016,05,12,7,712.55173
2016,05,13,0,712.94965
2016,05,13,1,712.53638
2016,05,13,2,711.91978
2016,05,13,3,711.29637
2016,05,13,4,710.92463
2016,05,13,5,710.31589
2016,05,13,6,709.97608
2016,05,13,7,709.91124
2016,05,14,0,710.22638
2016,05,14,1,710.249
2016,05,14,2,710.59699
2016,05,14,3,711.04394
2016,05,14,4,711.62853
2016,05,14,5,712.00466
2016,05,14,6,712.39711
2016,05,14,7,712.69
2016,05,15,0,712.87188
2016,05,15,1,712.79623
2016,05,15,2,713.02415
2016,05,15,3,713.45115
2016,05,15,4,713.5449
2016,05,15,5,713.23396
2016,05,15,6,712.83295
2016,05,15,7,712.28593
2016,05,16,0,711.99982
2016,05,16,1,711.41998
2016,05,16,2,710.70734
2016,05,16,3,710.24202
2016,05,16,4,710.27352
2016,05,16,5,710.40216
2016,05,16,6,710.35589
2016,05,16,7,710.56765
2016,05,17,0,710.78466
2016,05,17,1,710.96765
2016,05,17,2,711.67845
2016,05,17,3,712.48538
2016,05,17,4,713.48169
2016,05,17,5,714.13007
2016,05,17,6,714.79794
2016,05,17,7,715.34649
2016,05,18,0,715.85394
2016,05,18,1,715.96014
2016,05,18,2,716.1799
2016,05,18,3,716.40898
2016,05,18,4,716.30714
2016,05,18,5,716.04503
2016,05,18,6,715.78437
2016,05,18,7,715.50911
2016,05,19,0,714.87477
2016,05,19,1,713.79489
2016,05,19,2,712.89047
2016,05,19,3,711.91709
2016,05,19,4,710.44474
2016,05,19,5,708.98049
2016,05,19,6,708.23214
2016,05,19,7,707.77057
2016,05,20,0,706.64997
2016,05,20,1,705.54356
2016,05,20,2,705.05399
2016,05,20,3,704.41677
2016,05,20,4,703.63774
2016,05,20,5,702.77993
2016,05,20,6,701.99529
2016,05,20,7,701.34059
2016,05,21,0,701.20156
2016,05,21,1,701.07769
2016,05,21,2,701.2869
2016,05,21,3,701.73809
2016,05,21,4,701.82893
2016,05,21,5,702.35499
2016,05,21,6,703.42863
2016,05,21,7,704.06007
2016,05,22,0,705.15806
2016,05,22,1,706.33552
2016,05,22,2,707.56536
2016,05,22,3,708.64694
2016,05,22,4,709.70802
2016,05,22,5,710.42953
2016,05,22,6,711.31726
2016,05,22,7,711.95502
2016,05,23,0,712.52871
2016,05,23,1,712.27173
2016,05,23,2,712.48316
2016,05,23,3,712.63334
2016,05,23,4,712.82054
2016,05,23,5,713.07069
2016,05,23,6,713.37275
2016,05,23,7,713.78483
2016,05,24,0,713.98272
2016,05,24,1,714.19693
2016,05,24,2,714.45304
2016,05,24,3,714.57141
2016,05,24,4,715.18466
2016,05,24,5,715.38364
2016,05,24,6,715.19885
2016,05,24,7,715.29772
2016,05,25,0,715.37202
2016,05,25,1,714.99267
2016,05,25,2,714.71133
2016,05,25,3,714.21636
2016,05,25,4,713.74089
2016,05,25,5,713.27902
2016,05,25,6,712.4922
2016,05,25,7,711.6175
2016,05,26,0,710.69075
2016,05,26,1,709.62636
2016,05,26,2,709.13788
2016,05,26,3,708.63417
2016,05,26,4,708.319
2016,05,26,5,708.17604
2016,05,26,6,707.77617
2016,05,26,7,707.72288
2016,05,27,0,708.02943
2016,05,27,1,708.54374
2016,05,27,2,708.78433
2016,05,27,3,709.00629
2016,05,27,4,709.75909
2016,05,27,5,710.44867
2016,05,27,6,711.37033
2016,05,27,7,712.21744
2016,05,28,0,712.95551
2016,05,28,1,713.45423
2016,05,28,2,714.02279
2016,05,28,3,714.39072
2016,05,28,4,714.97398
2016,05,28,5,715.40707
2016,05,28,6,715.49922
2016,05,28,7,716.01958
2016,05,29,0,716.40395
2016,05,29,1,716.62444
2016,05,29,2,717.11558
2016,05,29,3,717.65364
2016,05,29,4,718.08766
2016,05,29,5,717.70334
2016,05,29,6,717.05942
2016,05,29,7,716.83066
2016,05,30,0,715.36155
2016,05,30,1,713.11966
2016,05,30,2,711.28074
2016,05,30,3,709.67226
2016,05,30,4,708.53027
2016,05,30,5,707.65402
2016,05,30,6,707.49712
2016,05,30,7,707.61888
2016,05,31,0,707.77936
2016,05,31,1,707.30962
2016,05,31,2,707.32028
2016,05,31,3,708.06176
2016,05,31,4,709.97148
2016,05,31,5,711.63452
2016,05,31,6,713.20523
2016,05,31,7,714.65775
2016,05,1,0,715.21513
2016,05,1,1,714.88493
2016,05,1,2,715.69963
2016,05,1,3,716.35138
2016,05,1,4,716.65151
2016,05,1,5,716.6365
2016,05,1,6,715.91124
2016,05,1,7,715.19262
2016,05,2,0,714.95281
2016,05,2,1,714.3408
2016,05,2,2,713.34205
2016,05,2,3,712.12916
2016,05,2,4,711.11915
2016,05,2,5,710.06685
2016,05,2,6,708.71213
2016,05,2,7,707.64233
2016,05,3,0,707.77473
2016,05,3,1,707.77122
2016,05,3,2,707.74496
2016,05,3,3,708.28041
2016,05,3,4,709.62354
2016,05,3,5,710.83524
2016,05,3,6,711.81617
2016,05,3,7,712.95334
2016,05,4,0,713.76789
2016,05,4,1,713.67336
2016,05,4,2,713.76751
2016,05,4,3,713.97401
2016,05,4,4,713.66142
2016,05,4,5,712.80906
2016,05,4,6,712.76188
2016,05,4,7,712.69622
2016,05,5,0,711.68829
2016,05,5,1,710.49299
2016,05,5,2,710.43567
2016,05,5,3,710.71422
2016,05,5,4,710.72709
2016,05,5,5,710.71434
2016,05,5,6,710.81196
2016,05,5,7,711.06308
2016,05,6,0,710.75297
2016,05,6,1,709.72537
2016,05,6,2,709.57381
2016,05,6,3,709.45944
2016,05,6,4,708.37384
2016,05,6,5,706.45483
2016,05,6,6,705.29401
2016,05,6,7,704.2309
2016,05,7,0,703.30404
2016,05,7,1,702.27233
2016,05,7,2,701.56901
2016,05,7,3,701.1813
2016,05,7,4,700.32031
2016,05,7,5,699.83694
2016,05,7,6,700.13312
2016,05,7,7,700.57488
2016,05,8,0,700.68568
2016,05,8,1,700.56298
2016,05,8,2,701.11108
2016,05,8,3,701.73781
2016,05,8,4,701.88056
2016,05,8,5,702.15588
2016,05,8,6,702.86984
2016,05,8,7,703.78745
2016,05,9,0,704.3817
2016,05,9,1,704.33065
2016,05,9,2,705.04152
2016,05,9,3,706.32572
2016,05,9,4,707.11591
2016,05,9,5,707.28121
2016,05,9,6,707.53444
2016,05,9,7,708.02478
2016,05,10,0,707.63338
2016,05,10,1,706.6489
2016,05,10,2,706.47888
2016,05,10,3,706.27191
2016,05,10,4,705.07068
2016,05,10,5,703.82251
2016,05,10,6,702.98315
2016,05,10,7,702.20231
2016,05,11,0,702.07543
2016,05,11,1,701.74254
2016,05,11,2,701.2807
2016,05,11,3,700.9823
2016,05,11,4,700.26695
2016,05,11,5,699.76819
2016,05,11,6,700.16939
2016,05,11,7,701.10809
2016,05,12,0,701.47874
2016,05,12,1,701.53294
2016,05,12,2,702.79917
2016,05,12,3,704.17846
2016,05,12,4,704.71504
2016,05,12,5,705.31184
2016,05,12,6,706.55029
2016,05,12,7,707.55357
2016,05,13,0,707.65827
2016,05,13,1,707.32504
2016,05,13,2,708.14336
2016,05,13,3,709.42113
2016,05,13,4,709.82331
2016,05,13,5,709.98837
2016,05,13,6,710.00163
2016,05,13,7,710.30068
2016,05,14,0,710.85381
2016,05,14,1,711.54177
2016,05,14,2,713.51311
2016,05,14,3,715.05289
2016,05,14,4,715.85562
2016,05,14,5,716.39984
2016,05,14,6,716.81638
2016,05,14,7,717.26936
2016,05,15,0,717.72236
2016,05,15,1,717.55638
2016,05,15,2,717.93603
2016,05,15,3,718.3885
2016,05,15,4,718.24261
2016,05,15,5,718.24394
2016,05,15,6,718.15642
2016,05,15,7,718.24755
2016,05,16,0,718.34673
2016,05,16,1,717.78269
2016,05,16,2,717.78627
2016,05,16,3,717.58851
2016,05,16,4,716.94454
2016,05,16,5,716.17508
2016,05,16,6,715.73154
2016,05,16,7,715.29193
2016,05,17,0,714.71435
2016,05,17,1,713.94885
2016,05,17,2,713.29053
2016,05,17,3,713.06607
2016,05,17,4,712.75634
2016,05,17,5,712.6534
2016,05,17,6,713.07307
2016,05,17,7,713.37652
2016,05,18,0,713.75883
2016,05,18,1,714.20281
2016,05,18,2,714.61866
2016,05,18,3,715.38479
2016,05,18,4,716.54966
2016,05,18,5,717.80332
2016,05,18,6,719.14735
2016,05,18,7,720.65051
2016,05,19,0,722.16238
2016,05,19,1,723.22364
2016,05,19,2,724.55571
2016,05,19,3,725.77756
2016,05,19,4,726.8856
2016,05,19,5,727.12482
2016,05,19,6,727.46353
2016,05,19,7,728.21162
2016,05,20,0,728.31654
2016,05,20,1,728.34162
2016,05,20,2,728.93083
2016,05,20,3,729.38682
2016,05,20,4,729.27187
2016,05,20,5,728.97048
2016,05,20,6,728.82845
2016,05,20,7,728.31793
2016,05,21,0,728.95864
2016,05,21,1,729.07259
2016,05,21,2,728.57172
2016,05,21,3,728.49039
2016,05,21,4,728.36587
2016,05,21,5,727.84545
2016,05,21,6,727.45557
2016,05,21,7,727.59452
2016,05,22,0,727.42642
2016,05,22,1,726.52369
2016,05,22,2,726.52148
2016,05,22,3,726.54884
2016,05,22,4,725.941
2016,05,22,5,725.0672
2016,05,22,6,724.56122
2016,05,22,7,724.01424
2016,05,23,0,723.87755
2016,05,23,1,723.54959
2016,05,23,2,723.40063
2016,05,23,3,723.46352
2016,05,23,4,723.43245
2016,05,23,5,723.21399
2016,05,23,6,723.04527
2016,05,23,7,723.28079
2016,05,24,0,723.70316
2016,05,24,1,723.72694
2016,05,24,2,724.22618
2016,05,24,3,725.06889
2016,05,24,4,725.55559
2016,05,24,5,725.60658
2016,05,24,6,726.15981
2016,05,24,7,726.62578
2016,05,25,0,725.95392
2016,05,25,1,724.92305
2016,05,25,2,724.51708
2016,05,25,3,723.99113
2016,05,25,4,723.12564
2016,05,25,5,722.23606
2016,05,25,6,721.48996
2016,05,25,7,720.4287
2016,05,26,0,718.77716
2016,05,26,1,717.27857
2016,05,26,2,716.82589
2016,05,26,3,716.48256
2016,05,26,4,715.57028
2016,05,26,5,714.66331
2016,05,26,6,713.80353
2016,05,26,7,713.23241
2016,05,27,0,712.91287
2016,05,27,1,712.23101
2016,05,27,2,711.77364
2016,05,27,3,711.36247
2016,05,27,4,710.49939
2016,05,27,5,709.3791
2016,05,27,6,708.46586
2016,05,27,7,707.89607
2016,05,28,0,707.62493
2016,05,28,1,707.29976
2016,05,28,2,707.1367
2016,05,28,3,707.07452
2016,05,28,4,707.32863
2016,05,28,5,707.34297
2016,05,28,6,707.46906
2016,05,28,7,707.86778
2016,05,29,0,708.25134
2016,05,29,1,708.26369
2016,05,29,2,708.8391
2016,05,29,3,709.5308
2016,05,29,4,709.74126
2016,05,29,5,709.7393
2016,05,29,6,709.77691
2016,05,29,7,710.20606
2016,05,30,0,710.61587
2016,05,30,1,711.07404
2016,05,30,2,711.93435
2016,05,30,3,712.87581
2016,05,30,4,713.12855
2016,05,30,5,713.138
2016,05,30,6,713.52521
2016,05,30,7,713.6987
2016,05,1,0,713.6904
2016,05,1,1,713.03637
2016,05,1,2,712.97906
2016,05,1,3,713.16088
2016,05,1,4,712.93768
2016,05,1,5,712.52808
2016,05,1,6,712.42335
2016,05,1,7,712.328
2016,05,2,0,712.9384
2016,05,2,1,713.27302
2016,05,2,2,713.16251
2016,05,2,3,712.68223
2016,05,2,4,712.46504
2016,05,2,5,712.85258
2016,05,2,6,713.63503
2016,05,2,7,714.64319
2016,05,3,0,715.59641
2016,05,3,1,716.30272
2016,05,3,2,717.58994
2016,05,3,3,719.41406
2016,05,3,4,720.93789
2016,05,3,5,721.78043
2016,05,3,6,722.73204
2016,05,3,7,723.3714
2016,05,4,0,722.82963
2016,05,4,1,722.09546
2016,05,4,2,721.44055
2016,05,4,3,720.65646
2016,05,4,4,720.60101
2016,05,4,5,720.88656
2016,05,4,6,721.57388
2016,05,4,7,722.27074
2016,05,5,0,721.56903
2016,05,5,1,720.33442
2016,05,5,2,719.58791
2016,05,5,3,718.89824
2016,05,5,4,717.8408
2016,05,5,5,716.94973
2016,05,5,6,716.60133
2016,05,5,7,716.27016
2016,05,6,0,715.5395
2016,05,6,1,714.95986
2016,05,6,2,716.11714
2016,05,6,3,717.40981
2016,05,6,4,718.2343
2016,05,6,5,718.80328
2016,05,6,6,720.19287
2016,05,6,7,721.98353
2016,05,7,0,722.90201
2016,05,7,1,722.71822
2016,05,7,2,722.51064
2016,05,7,3,722.78936
2016,05,7,4,722.20597
2016,05,7,5,722.09322
2016,05,7,6,721.80129
2016,05,7,7,721.64677
2016,05,8,0,721.76209
2016,05,8,1,721.27644
2016,05,8,2,721.42043
2016,05,8,3,721.12739
2016,05,8,4,720.89092
2016,05,8,5,720.7639
2016,05,8,6,720.9385
2016,05,8,7,720.30613
2016,05,9,0,718.6889
2016,05,9,1,718.05967
2016,05,9,2,719.52108
2016,05,9,3,720.79169
2016,05,9,4,721.41738
2016,05,9,5,721.38553
2016,05,9,6,720.34483
2016,05,9,7,718.88438
2016,05,10,0,717.79256
2016,05,10,1,717.2976
2016,05,10,2,717.4878
2016,05,10,3,717.49327
2016,05,10,4,716.98851
2016,05,10,5,716.45613
2016,05,10,6,715.58456
2016,05,10,7,714.8832
2016,05,11,0,714.50893
2016,05,11,1,714.21708
2016,05,11,2,714.04486
2016,05,11,3,713.61437
2016,05,11,4,713.25042
2016,05,11,5,713.12496
2016,05,11,6,713.2385
2016,05,11,7,713.52436
2016,05,12,0,714.43778
2016,05,12,1,715.85486
2016,05,12,2,717.6564
2016,05,12,3,718.76824
2016,05,12,4,719.06314
2016,05,12,5,718.83612
2016,05,12,6,718.74136
2016,05,12,7,718.32427
2016,05,13,0,717.83121
2016,05,13,1,717.09094
2016,05,13,2,715.59331
2016,05,13,3,714.44462
2016,05,13,4,713.45702
2016,05,13,5,711.80938
2016,05,13,6,710.89289
2016,05,13,7,709.61148
2016,05,14,0,708.20905
2016,05,14,1,706.99401
2016,05,14,2,706.67312
2016,05,14,3,706.96563
2016,05,14,4,706.55614
2016,05,14,5,705.92318
2016,05,14,6,705.25058
2016,05,14,7,704.9776
2016,05,15,0,704.31605
2016,05,15,1,704.31433
2016,05,15,2,705.1517
2016,05,15,3,705.97022
2016,05,15,4,706.69339
2016,05,15,5,707.05005
2016,05,15,6,707.16706
2016,05,15,7,707.2215
2016,05,16,0,707.24008
2016,05,16,1,706.86579
2016,05,16,2,707.1922
2016,05,16,3,707.93521
2016,05,16,4,708.56493
2016,05,16,5,709.32099
2016,05,16,6,710.28205
2016,05,16,7,711.29161
2016,05,17,0,711.89202
2016,05,17,1,712.41285
2016,05,17,2,713.34703
2016,05,17,3,714.22595
2016,05,17,4,715.14167
2016,05,17,5,715.78712
2016,05,17,6,716.51737
2016,05,17,7,717.34567
2016,05,18,0,718.12997
2016,05,18,1,718.69093
2016,05,18,2,719.48495
2016,05,18,3,720.20929
2016,05,18,4,720.31685
2016,05,18,5,720.37896
2016,05,18,6,720.71194
2016,05,18,7,720.8088
2016,05,19,0,720.18843
2016,05,19,1,719.70334
2016,05,19,2,720.10896
2016,05,19,3,720.25714
2016,05,19,4,719.51665
2016,05,19,5,718.86263
2016,05,19,6,718.5509
2016,05,19,7,718.18922
2016,05,20,0,717.09192
2016,05,20,1,716.26876
2016,05,20,2,716.5761
2016,05,20,3,716.46999
2016,05,20,4,715.93877
2016,05,20,5,715.69094
2016,05,20,6,715.16481
2016,05,20,7,715.00385
2016,05,21,0,714.52453
2016,05,21,1,714.06172
2016,05,21,2,714.28468
2016,05,21,3,714.66028
2016,05,21,4,715.34074
2016,05,21,5,716.1862
2016,05,21,6,716.52633
2016,05,21,7,716.7298
2016,05,22,0,716.23023
2016,05,22,1,715.48999
2016,05,22,2,715.19001
2016,05,22,3,714.06086
2016,05,22,4,711.99839
2016,05,22,5,710.0084
2016,05,22,6,708.01226
2016,05,22,7,706.53036
2016,05,23,0,705.16214
2016,05,23,1,704.39882
2016,05,23,2,704.80955
2016,05,23,3,706.65533
2016,05,23,4,708.12945
2016,05,23,5,709.73868
2016,05,23,6,710.90066
2016,05,23,7,711.86662
2016,05,24,0,712.42353
2016,05,24,1,712.19723
2016,05,24,2,713.729
2016,05,24,3,715.13666
2016,05,24,4,715.08556
2016,05,24,5,715.16192
2016,05,24,6,715.19725
2016,05,24,7,714.95508
2016,05,25,0,714.8864
2016,05,25,1,714.7131
2016,05,25,2,714.88176
2016,05,25,3,715.51854
2016,05,25,4,716.16919
2016,05,25,5,716.81471
2016,05,25,6,716.97328
2016,05,25,7,716.37829
2016,05,26,0,715.6892
2016,05,26,1,715.23967
2016,05,26,2,715.18291
2016,05,26,3,715.04825
2016,05,26,4,713.63871
2016,05,26,5,712.40279
2016,05,26,6,710.60302
2016,05,26,7,709.03702
2016,05,27,0,708.10191
2016,05,27,1,707.23384
2016,05,27,2,706.48073
2016,05,27,3,706.80104
2016,05,27,4,706.65974
2016,05,27,5,706.53814
2016,05,27,6,707.20647
2016,05,27,7,707.82841
2016,05,28,0,708.55039
2016,05,28,1,709.13686
2016,05,28,2,709.54236
2016,05,28,3,710.10631
2016,05,28,4,711.5473
2016,05,28,5,713.10265
2016,05,28,6,714.08789
2016,05,28,7,714.92139
2016,05,29,0,715.62402
2016,05,29,1,716.50232
2016,05,29,2,716.92002
2016,05,29,3,717.01678
2016,05,29,4,717.50074
2016,05,29,5,717.29273
2016,05,29,6,716.59262
2016,05,29,7,715.939
2016,05,30,0,715.02424
2016,05,30,1,713.9824
2016,05,30,2,713.26231
2016,05,30,3,712.45445
2016,05,30,4,712.02944
2016,05,30,5,711.77654
2016,05,30,6,711.44477
2016,05,30,7,711.06479
2016,05,31,0,710.78425
2016,05,31,1,710.05293
2016,05,31,2,708.98025
2016,05,31,3,708.58289
2016,05,31,4,707.64431
2016,05,31,5,706.84721
2016,05,31,6,706.418
2016,05,31,7,706.48175
2016,05,1,0,706.73733
2016,05,1,1,706.6952
2016,05,1,2,707.07168
2016,05,1,3,708.20667
2016,05,1,4,709.0981
2016,05,1,5,709.63729
2016,05,1,6,709.62768
2016,05,1,7,709.62787
2016,05,2,0,709.62739
2016,05,2,1,709.53524
2016,05,2,2,709.73867
2016,05,2,3,710.02775
2016,05,2,4,709.86871
2016,05,2,5,709.72658
2016,05,2,6,709.31787
2016,05,2,7,708.96767
2016,05,3,0,707.75131
2016,05,3,1,706.89325
2016,05,3,2,706.99372
2016,05,3,3,707.12967
2016,05,3,4,707.63012
2016,05,3,5,708.23097
2016,05,3,6,708.35066
2016,05,3,7,708.62507
2016,05,4,0,708.78556
2016,05,4,1,708.14384
2016,05,4,2,707.38466
2016,05,4,3,706.98211
2016,05,4,4,706.91752
2016,05,4,5,707.23192
2016,05,4,6,707.72669
2016,05,4,7,707.96811
2016,05,5,0,708.32492
2016,05,5,1,708.76584
2016,05,5,2,709.26398
2016,05,5,3,709.81537
2016,05,5,4,710.56968
2016,05,5,5,710.8415
2016,05,5,6,710.17413
2016,05,5,7,709.45222
2016,05,6,0,709.36845
2016,05,6,1,709.04726
2016,05,6,2,709.02958
2016,05,6,3,708.50928
2016,05,6,4,707.48426
2016,05,6,5,706.43962
2016,05,6,6,705.51462
2016,05,6,7,704.43523
2016,05,7,0,703.43335
2016,05,7,1,703.06149
2016,05,7,2,703.10644
2016,05,7,3,703.19645
2016,05,7,4,703.41
2016,05,7,5,703.18474
2016,05,7,6,702.90573
2016,05,7,7,702.70123
2016,05,8,0,702.77183
2016,05,8,1,703.04403
2016,05,8,2,703.52627
2016,05,8,3,704.18686
2016,05,8,4,705.02762
2016,05,8,5,705.57107
2016,05,8,6,705.74736
2016,05,8,7,706.11153
2016,05,9,0,706.3233
2016,05,9,1,706.23147
2016,05,9,2,706.63604
2016,05,9,3,707.00836
2016,05,9,4,707.20225
2016,05,9,5,707.25356
2016,05,9,6,707.55468
2016,05,9,7,707.89409
2016,05,10,0,707.94349
2016,05,10,1,707.914
2016,05,10,2,708.84879
2016,05,10,3,708.51662
2016,05,10,4,707.9916
2016,05,10,5,707.17691
2016,05,10,6,706.94322
2016,05,10,7,707.02069
2016,05,11,0,706.69937
2016,05,11,1,706.51399
2016,05,11,2,707.0471
2016,05,11,3,707.09061
2016,05,11,4,707.12312
2016,05,11,5,707.4235
2016,05,11,6,707.24203
2016,05,11,7,707.07199
2016,05,12,0,707.30194
2016,05,12,1,707.59537
2016,05,12,2,708.03294
2016,05,12,3,708.45809
2016,05,12,4,708.6031
2016,05,12,5,708.31527
2016,05,12,6,709.35553
2016,05,12,7,710.02603
2016,05,13,0,709.56603
2016,05,13,1,708.68751
2016,05,13,2,709.12492
2016,05,13,3,709.60361
2016,05,13,4,709.41309
2016,05,13,5,709.20108
2016,05,13,6,709.58088
2016,05,13,7,710.28294
2016,05,14,0,709.73705
2016,05,14,1,709.18211
2016,05,14,2,708.78732
2016,05,14,3,707.9764
2016,05,14,4,707.2922
2016,05,14,5,706.61518
2016,05,14,6,706.24518
2016,05,14,7,706.08895
2016,05,15,0,705.89588
2016,05,15,1,705.62305
2016,05,15,2,706.26313
2016,05,15,3,707.18803
2016,05,15,4,707.95852
2016,05,15,5,708.91695
2016,05,15,6,709.77694
2016,05,15,7,710.50341
2016,05,16,0,711.11298
2016,05,16,1,711.58396
2016,05,16,2,712.44078
2016,05,16,3,713.31599
2016,05,16,4,713.52966
2016,05,16,5,714.48963
2016,05,16,6,715.84126
2016,05,16,7,717.10085
2016,05,17,0,717.90784
2016,05,17,1,718.45444
2016,05,17,2,718.70829
2016,05,17,3,719.1882
2016,05,17,4,719.47295
2016,05,17,5,719.36615
2016,05,17,6,718.89204
2016,05,17,7,718.54981
2016,05,18,0,718.54037
2016,05,18,1,718.1137
2016,05,18,2,718.43159
2016,05,18,3,718.27157
2016,05,18,4,717.27436
2016,05,18,5,716.93545
2016,05,18,6,716.58452
2016,05,18,7,715.95702
2016,05,19,0,715.35675
2016,05,19,1,715.0763
2016,05,19,2,715.65049
2016,05,19,3,716.35834
2016,05,19,4,716.24695
2016,05,19,5,716.52411
2016,05,19,6,716.89942
2016,05,19,7,716.76635
2016,05,20,0,716.67113
2016,05,20,1,716.37217
2016,05,20,2,716.98452
2016,05,20,3,717.66581
2016,05,20,4,717.72575
2016,05,20,5,718.03182
2016,05,20,6,717.90959
2016,05,20,7,717.85754
2016,05,21,0,718.14839
2016,05,21,1,718.23778
2016,05,21,2,718.6809
2016,05,21,3,719.06135
2016,05,21,4,718.92839
2016,05,21,5,718.35856
2016,05,21,6,717.9201
2016,05,21,7,717.64936
2016,05,22,0,717.10697
2016,05,22,1,716.95176
2016,05,22,2,716.92503
2016,05,22,3,717.12759
2016,05,22,4,717.2676
2016,05,22,5,716.9736
2016,05,22,6,716.7375
2016,05,22,7,716.51925
2016,05,23,0,716.45351
2016,05,23,1,716.33818
2016,05,23,2,715.53273
2016,05,23,3,714.37978
2016,05,23,4,713.21759
2016,05,23,5,712.3495
2016,05,23,6,710.57813
2016,05,23,7,709.02917
2016,05,24,0,709.96189
2016,05,24,1,711.31318
2016,05,24,2,710.60386
2016,05,24,3,709.93122
2016,05,24,4,709.17916
2016,05,24,5,708.54022
2016,05,24,6,708.34283
2016,05,24,7,708.0869
2016,05,25,0,707.32917
2016,05,25,1,706.79275
2016,05,25,2,705.83169
2016,05,25,3,705.38773
2016,05,25,4,704.71404
2016,05,25,5,704.2281
2016,05,25,6,703.31829
2016,05,25,7,702.71254
2016,05,26,0,702.33255
2016,05,26,1,702.058
2016,05,26,2,702.32764
2016,05,26,3,702.75008
2016,05,26,4,703.0316
2016,05,26,5,703.44986
2016,05,26,6,703.28824
2016,05,26,7,702.9732
2016,05,27,0,703.31564
2016,05,27,1,703.57651
2016,05,27,2,704.38035
2016,05,27,3,706.03696
2016,05,27,4,707.09785
2016,05,27,5,707.78079
2016,05,27,6,708.11953
2016,05,27,7,708.58601
2016,05,28,0,709.15747
2016,05,28,1,709.39328
2016,05,28,2,709.61661
2016,05,28,3,709.80019
2016,05,28,4,710.30836
2016,05,28,5,710.74433
2016,05,28,6,710.37899
2016,05,28,7,710.24929
2016,05,29,0,710.91069
2016,05,29,1,710.92637
2016,05,29,2,711.06298
2016,05,29,3,711.21638
2016,05,29,4,711.5557
2016,05,29,5,711.91252
2016,05,29,6,712.14962
2016,05,29,7,712.11399
2016,05,30,0,711.17212
2016,05,30,1,710.65198
2016,05,30,2,710.59261
2016,05,30,3,710.72705
2016,05,30,4,710.90828
2016,05,30,5,711.25798
2016,05,30,6,710.91898
2016,05,30,7,710.44615
2016,05,1,0,710.13469
2016,05,1,1,709.53666
2016,05,1,2,709.65246
2016,05,1,3,709.5934
2016,05,1,4,708.90686
2016,05,1,5,707.83733
2016,05,1,6,706.13409
2016,05,1,7,704.53634
2016,05,2,0,703.53658
2016,05,2,1,702.92474
2016,05,2,2,702.71037
2016,05,2,3,702.40315
2016,05,2,4,702.20281
2016,05,2,5,702.17211
2016,05,2,6,701.84017
2016,05,2,7,701.39525
2016,05,3,0,701.06157
2016,05,3,1,700.76011
2016,05,3,2,700.65634
2016,05,3,3,701.18922
2016,05,3,4,701.71099
2016,05,3,5,702.13353
2016,05,3,6,702.43907
2016,05,3,7,702.49998
2016,05,4,0,702.32201
2016,05,4,1,702.29378
2016,05,4,2,703.12501
2016,05,4,3,703.85586
2016,05,4,4,704.53849
2016,05,4,5,705.32422
2016,05,4,6,705.14924
2016,05,4,7,705.13272
2016,05,5,0,705.38588
2016,05,5,1,705.59825
2016,05,5,2,706.68694
2016,05,5,3,708.15838
2016,05,5,4,709.19562
2016,05,5,5,709.89167
2016,05,5,6,710.81047
2016,05,5,7,712.05612
2016,05,6,0,712.79758
2016,05,6,1,713.3033
2016,05,6,2,714.07223
2016,05,6,3,714.85183
2016,05,6,4,714.6165
2016,05,6,5,714.02731
2016,05,6,6,713.6335
2016,05,6,7,713.58284
2016,05,7,0,713.9045
2016,05,7,1,713.28744
2016,05,7,2,712.12425
2016,05,7,3,711.41183
2016,05,7,4,711.64192
2016,05,7,5,711.87394
2016,05,7,6,711.82383
2016,05,7,7,711.91256
2016,05,8,0,711.43605
2016,05,8,1,710.54964
2016,05,8,2,710.64735
2016,05,8,3,710.3395
2016,05,8,4,709.93846
2016,05,8,5,709.70075
2016,05,8,6,709.63819
2016,05,8,7,709.81848
2016,05,9,0,710.02339
2016,05,9,1,710.85403
2016,05,9,2,711.87488
2016,05,9,3,713.42788
2016,05,9,4,714.88787
2016,05,9,5,716.12842
2016,05,9,6,717.73045
2016,05,9,7,719.2292
2016,05,10,0,720.17237
2016,05,10,1,720.654
2016,05,10,2,721.71783
2016,05,10,3,723.0813
2016,05,10,4,723.57076
2016,05,10,5,724.05761
2016,05,10,6,724.13803
2016,05,10,7,724.73047
2016,05,11,0,724.45266
2016,05,11,1,723.73177
2016,05,11,2,724.11206
2016,05,11,3,724.01147
2016,05,11,4,723.17958
2016,05,11,5,722.28925
2016,05,11,6,721.8954
2016,05,11,7,721.51869
2016,05,12,0,720.28429
2016,05,12,1,718.56335
2016,05,12,2,716.84236
2016,05,12,3,715.44342
2016,05,12,4,713.98587
2016,05,12,5,712.84057
2016,05,12,6,711.8684
2016,05,12,7,711.6156
2016,05,13,0,712.0736
2016,05,13,1,712.30366
2016,05,13,2,712.23774
2016,05,13,3,713.12666
2016,05,13,4,713.49913
2016,05,13,5,713.95316
2016,05,13,6,714.94421
2016,05,13,7,715.86502
2016,05,14,0,716.32546
2016,05,14,1,716.59934
2016,05,14,2,717.55639
2016,05,14,3,718.79045
2016,05,14,4,719.15254
2016,05,14,5,719.97961
2016,05,14,6,721.1399
2016,05,14,7,721.76412
2016,05,15,0,722.30776
2016,05,15,1,722.08637
2016,05,15,2,722.11393
2016,05,15,3,722.10301
2016,05,15,4,721.52735
2016,05,15,5,720.8618
2016,05,15,6,719.92296
2016,05,15,7,719.37308
2016,05,16,0,718.84488
2016,05,16,1,717.83118
2016,05,16,2,717.62543
2016,05,16,3,717.81324
2016,05,16,4,717.53001
2016,05,16,5,717.37405
2016,05,16,6,717.63844
2016,05,16,7,717.63624
2016,05,17,0,717.31011
2016,05,17,1,716.59333
2016,05,17,2,715.95112
2016,05,17,3,715.10776
2016,05,17,4,715.10196
2016,05,17,5,714.68613
2016,05,17,6,714.26313
2016,05,17,7,713.54337
2016,05,18,0,713.72355
2016,05,18,1,713.88028
2016,05,18,2,713.69062
2016,05,18,3,713.38376
2016,05,18,4,713.01739
2016,05,18,5,712.47702
2016,05,18,6,711.61078
2016,05,18,7,710.8683
2016,05,19,0,710.26193
2016,05,19,1,709.77946
2016,05,19,2,709.15456
2016,05,19,3,708.26907
2016,05,19,4,707.65818
2016,05,19,5,707.61869
2016,05,19,6,707.72738
2016,05,19,7,708.11627
2016,05,20,0,708.35369
2016,05,20,1,708.39964
2016,05,20,2,708.86196
2016,05,20,3,709.00837
2016,05,20,4,708.56557
2016,05,20,5,708.27162
2016,05,20,6,707.86109
2016,05,20,7,707.06685
2016,05,21,0,706.57702
2016,05,21,1,706.23235
2016,05,21,2,706.27011
2016,05,21,3,706.37708
2016,05,21,4,706.34527
2016,05,21,5,706.35922
2016,05,21,6,706.60468
2016,05,21,7,706.55479
2016,05,22,0,706.22415
2016,05,22,1,706.13131
2016,05,22,2,706.54866
2016,05,22,3,707.09129
2016,05,22,4,707.26466
2016,05,22,5,707.23757
2016,05,22,6,707.37791
2016,05,22,7,707.53449
2016,05,23,0,707.08985
2016,05,23,1,706.46679
2016,05,23,2,706.20461
2016,05,23,3,705.981
2016,05,23,4,706.22946
2016,05,23,5,706.57217
2016,05,23,6,706.76722
2016,05,23,7,706.95776
2016,05,24,0,707.30284
2016,05,24,1,707.49906
2016,05,24,2,707.59497
2016,05,24,3,707.70482
2016,05,24,4,708.64203
2016,05,24,5,709.4319
2016,05,24,6,709.6719
2016,05,24,7,709.78399
2016,05,25,0,710.01651
2016,05,25,1,709.99826
2016,05,25,2,710.31154
2016,05,25,3,710.48896
2016,05,25,4,710.51656
2016,05,25,5,710.2761
2016,05,25,6,710.3803
2016,05,25,7,710.33855
2016,05,26,0,710.28581
2016,05,26,1,709.99078
2016,05,26,2,708.89589
2016,05,26,3,707.60285
2016,05,26,4,707.37263
2016,05,26,5,708.40911
2016,05,26,6,709.48628
2016,05,26,7,710.52747
2016,05,27,0,711.01408
2016,05,27,1,711.26637
2016,05,27,2,711.69174
2016,05,27,3,711.49779
2016,05,27,4,710.30146
2016,05,27,5,709.01624
2016,05,27,6,708.81601
2016,05,27,7,708.53298
2016,05,28,0,708.94827
2016,05,28,1,709.00981
2016,05,28,2,709.36366
2016,05,28,3,709.72784
2016,05,28,4,710.94351
2016,05,28,5,712.46011
2016,05,28,6,713.21034
2016,05,28,7,713.9674
2016,05,29,0,714.91851
2016,05,29,1,715.2744
2016,05,29,2,716.02993
2016,05,29,3,716.44963
2016,05,29,4,716.64332
2016,05,29,5,716.91088
2016,05,29,6,716.44699
2016,05,29,7,715.63833
2016,05,30,0,715.30843
2016,05,30,1,714.92353
2016,05,30,2,715.39296
2016,05,30,3,715.85243
2016,05,30,4,716.5485
2016,05,30,5,717.37105
2016,05,30,6,717.69281
2016,05,30,7,717.95966
2016,05,31,0,718.08876
2016,05,31,1,717.69855
2016,05,31,2,718.19253
2016,05,31,3,718.89571
2016,05,31,4,718.64535
2016,05,31,5,717.28361
2016,05,31,6,714.97219
2016,05,31,7,712.76014
2016,05,1,0,711.22324
2016,05,1,1,711.10473
2016,05,1,2,711.06824
2016,05,1,3,711.23028
2016,05,1,4,711.27424
2016,05,1,5,710.94106
2016,05,1,6,709.80694
2016,05,1,7,709.7763
2016,05,2,0,710.83751
2016,05,2,1,711.92275
2016,05,2,2,712.78914
2016,05,2,3,715.20059
2016,05,2,4,717.50563
2016,05,2,5,720.00725
2016,05,2,6,722.73564
2016,05,2,7,724.52188
2016,05,3,0,724.83231
2016,05,3,1,724.85602
2016,05,3,2,725.51668
2016,05,3,3,726.76009
2016,05,3,4,727.98292
2016,05,3,5,728.39122
2016,05,3,6,727.47017
2016,05,3,7,725.78009
2016,05,4,0,724.23821
2016,05,4,1,723.10995
2016,05,4,2,722.40922
2016,05,4,3,722.45677
2016,05,4,4,724.35498
2016,05,4,5,725.93821
2016,05,4,6,725.62076
2016,05,4,7,724.41486
2016,05,5,0,721.03162
2016,05,5,1,718.68094
2016,05,5,2,719.82593
2016,05,5,3,719.53571
2016,05,5,4,719.32072
2016,05,5,5,719.00554
2016,05,5,6,719.26415
2016,05,5,7,720.00193
2016,05,6,0,720.51605
2016,05,6,1,720.4826
2016,05,6,2,721.16265
2016,05,6,3,722.25385
2016,05,6,4,723.02685
2016,05,6,5,722.87966
2016,05,6,6,722.18694
2016,05,6,7,721.75515
2016,05,7,0,723.09858
2016,05,7,1,724.53515
2016,05,7,2,725.95769
2016,05,7,3,727.43388
2016,05,7,4,727.2315
2016,05,7,5,726.0365
2016,05,7,6,726.25065
2016,05,7,7,726.21568
2016,05,8,0,724.12012
2016,05,8,1,722.37719
2016,05,8,2,722.43739
2016,05,8,3,723.39523
2016,05,8,4,724.76641
2016,05,8,5,724.34522
2016,05,8,6,723.52257
2016,05,8,7,722.2731
2016,05,9,0,720.31547
2016,05,9,1,719.11378
2016,05,9,2,720.34712
2016,05,9,3,721.38206
2016,05,9,4,723.85068
2016,05,9,5,725.2547
2016,05,9,6,726.9594
2016,05,9,7,727.26974
2016,05,10,0,725.6734
2016,05,10,1,723.58376
2016,05,10,2,722.33119
2016,05,10,3,721.21612
2016,05,10,4,720.64517
2016,05,10,5,720.32508
2016,05,10,6,719.97943
2016,05,10,7,720.03395
2016,05,11,0,720.53425
2016,05,11,1,720.60029
2016,05,11,2,721.01989
2016,05,11,3,722.13793
2016,05,11,4,723.83437
2016,05,11,5,725.66344
2016,05,11,6,727.50028
2016,05,11,7,728.93457
2016,05,12,0,730.63928
2016,05,12,1,732.03399
2016,05,12,2,732.87351
2016,05,12,3,734.10441
2016,05,12,4,734.41111
2016,05,12,5,734.53564
2016,05,12,6,735.41476
2016,05,12,7,736.37884
2016,05,13,0,737.29006
2016,05,13,1,737.50129
2016,05,13,2,737.54885
2016,05,13,3,737.66902
2016,05,13,4,737.29968
2016,05,13,5,737.17833
2016,05,13,6,737.31576
2016,05,13,7,737.14974
2016,05,14,0,736.15932
2016,05,14,1,734.82044
2016,05,14,2,734.69421
2016,05,14,3,735.21991
2016,05,14,4,734.88287
2016,05,14,5,734.24044
2016,05,14,6,733.79358
2016,05,14,7,733.13569
2016,05,15,0,732.68481
2016,05,15,1,732.60519
2016,05,15,2,732.31999
2016,05,15,3,732.5362
2016,05,15,4,732.31064
2016,05,15,5,730.86319
2016,05,15,6,729.3659
2016,05,15,7,728.55057
2016,05,16,0,726.66082
2016,05,16,1,724.38162
2016,05,16,2,723.43763
2016,05,16,3,721.74208
2016,05,16,4,719.24116
2016,05,16,5,716.46368
2016,05,16,6,714.21714
2016,05,16,7,712.3841
2016,05,17,0,711.39355
2016,05,17,1,710.87225
2016,05,17,2,711.19037
2016,05,17,3,711.7141
2016,05,17,4,712.65737
2016,05,17,5,714.01075
2016,05,17,6,715.55878
2016,05,17,7,717.12664
2016,05,18,0,718.59139
2016,05,18,1,719.10372
2016,05,18,2,720.13223
2016,05,18,3,721.4124
2016,05,18,4,722.17607
2016,05,18,5,722.45643
2016,05,18,6,723.24979
2016,05,18,7,724.03912
2016,05,19,0,723.45816
2016,05,19,1,723.0161
2016,05,19,2,723.4246
2016,05,19,3,723.50988
2016,05,19,4,722.88198
2016,05,19,5,722.03722
2016,05,19,6,721.62113
2016,05,19,7,720.62025
2016,05,20,0,719.42668
2016,05,20,1,719.04098
2016,05,20,2,718.96846
2016,05,20,3,718.78487
2016,05,20,4,718.82099
2016,05,20,5,718.67577
2016,05,20,6,718.87071
2016,05,20,7,718.5887
2016,05,21,0,718.64228
2016,05,21,1,718.18768
2016,05,21,2,717.92323
2016,05,21,3,717.94281
2016,05,21,4,717.98964
2016,05,21,5,717.99818
2016,05,21,6,717.90779
2016,05,21,7,718.07156
2016,05,22,0,717.58947
2016,05,22,1,717.28251
2016,05,22,2,717.53649
2016,05,22,3,717.52323
2016,05,22,4,717.27298
2016,05,22,5,717.25464
2016,05,22,6,717.20535
2016,05,22,7,716.97724
2016,05,23,0,717.21851
2016,05,23,1,717.56667
2016,05,23,2,717.80887
2016,05,23,3,718.22981
2016,05,23,4,717.95201
2016,05,23,5,717.74121
2016,05,23,6,717.70638
2016,05,23,7,717.27619
2016,05,24,0,716.67311
2016,05,24,1,716.0478
2016,05,24,2,715.29174
2016,05,24,3,714.82182
2016,05,24,4,714.41346
2016,05,24,5,713.97323
2016,05,24,6,713.29024
2016,05,24,7,712.41343
2016,05,25,0,712.07462
2016,05,25,1,711.97148
2016,05,25,2,712.16654
2016,05,25,3,712.48335
2016,05,25,4,712.32288
2016,05,25,5,711.52688
2016,05,25,6,711.77841
2016,05,25,7,711.89069
2016,05,26,0,711.31944
2016,05,26,1,710.30356
2016,05,26,2,710.01882
2016,05,26,3,709.79438
2016,05,26,4,708.77606
2016,05,26,5,707.98168
2016,05,26,6,707.45671
2016,05,26,7,707.04977
2016,05,27,0,706.89088
2016,05,27,1,706.78792
2016,05,27,2,707.17867
2016,05,27,3,707.42451
2016,05,27,4,707.70057
2016,05,27,5,707.88901
2016,05,27,6,707.66966
2016,05,27,7,707.46697
2016,05,28,0,707.26542
2016,05,28,1,707.00697
2016,05,28,2,706.1711
2016,05,28,3,706.11499
2016,05,28,4,706.4355
2016,05,28,5,706.34775
2016,05,28,6,706.85408
2016,05,28,7,707.34774
2016,05,29,0,707.52403
2016,05,29,1,707.63759
2016,05,29,2,707.91285
2016,05,29,3,709.10693
2016,05,29,4,710.29756
2016,05,29,5,711.18368
2016,05,29,6,712.32636
2016,05,29,7,713.35158
2016,05,30,0,714.21987
2016,05,30,1,714.94945
2016,05,30,2,715.29975
2016,05,30,3,715.43019
2016,05,30,4,715.07258
2016,05,30,5,713.95935
2016,05,30,6,713.24362
2016,05,30,7,712.78584
2016,05,31,0,711.53652
2016,05,31,1,709.7921
2016,05,31,2,708.55579
2016,05,31,3,707.56981
2016,05,31,4,706.33099
2016,05,31,5,705.1106
2016,05,31,6,704.15949
2016,05,31,7,703.42272
2016,05,1,0,701.77988
2016,05,1,1,700.35651
2016,05,1,2,700.06422
2016,05,1,3,700.17923
2016,05,1,4,700.44936
2016,05,1,5,700.83923
2016,05,1,6,700.99264
2016,05,1,7,701.04464
2016,05,2,0,700.78858
2016,05,2,1,700.54931
2016,05,2,2,701.16558
2016,05,2,3,701.47651
2016,05,2,4,701.00186
2016,05,2,5,700.85223
2016,05,2,6,700.50198
2016,05,2,7,700.24095
2016,05,3,0,700.40291
2016,05,3,1,700.43845
2016,05,3,2,700.71538
2016,05,3,3,700.84659
2016,05,3,4,700.28713
2016,05,3,5,699.91162
2016,05,3,6,699.32454
2016,05,3,7,698.63991
2016,05,4,0,698.78852
2016,05,4,1,699.04036
2016,05,4,2,698.94045
2016,05,4,3,698.89132
2016,05,4,4,698.89997
2016,05,4,5,699.14097
2016,05,4,6,699.4907
2016,05,4,7,699.76259
2016,05,5,0,699.70762
2016,05,5,1,699.4766
2016,05,5,2,699.25625
2016,05,5,3,699.53481
2016,05,5,4,700.0047
2016,05,5,5,700.20185
2016,05,5,6,700.52558
2016,05,5,7,700.6001
2016,05,6,0,700.66917
2016,05,6,1,700.75609
2016,05,6,2,700.55665
2016,05,6,3,700.37977
2016,05,6,4,700.13887
2016,05,6,5,700.08901
2016,05,6,6,699.77416
2016,05,6,7,699.58533
2016,05,7,0,699.23233
2016,05,7,1,698.99369
2016,05,7,2,698.9855
2016,05,7,3,699.12056
2016,05,7,4,699.11578
2016,05,7,5,699.43899
2016,05,7,6,699.77159
2016,05,7,7,700.03216
2016,05,8,0,699.90935
2016,05,8,1,700.04206
2016,05,8,2,700.09798
2016,05,8,3,699.88618
2016,05,8,4,699.13276
2016,05,8,5,698.56107
2016,05,8,6,697.12604
2016,05,8,7,684.53908
2016,05,9,0,683.84884
2016,05,9,1,682.91707
2016,05,9,2,682.26138
2016,05,9,3,681.59143
2016,05,9,4,681.32954
2016,05,9,5,681.04462
2016,05,9,6,680.61245
2016,05,9,7,680.34681
2016,05,10,0,680.56213
2016,05,10,1,680.86498
2016,05,10,2,681.14493
2016,05,10,3,681.74681
2016,05,10,4,681.54953
2016,05,10,5,682.19323
2016,05,10,6,684.41565
2016,05,10,7,696.99451
2016,05,11,0,697.72865
2016,05,11,1,698.36737
2016,05,11,2,699.30729
2016,05,11,3,699.33089
2016,05,11,4,699.03695
2016,05,11,5,699.18332
2016,05,11,6,699.41925
2016,05,11,7,699.28167
2016,05,12,0,698.74555
2016,05,12,1,697.9494
2016,05,12,2,698.53902
2016,05,12,3,699.10556
2016,05,12,4,698.43886
2016,05,12,5,698.33921
2016,05,12,6,698.85952
2016,05,12,7,699.64594
2016,05,13,0,699.96113
2016,05,13,1,700.38098
2016,05,13,2,702.06867
2016,05,13,3,703.4897
2016,05,13,4,704.03632
2016,05,13,5,705.10116
2016,05,13,6,706.10131
2016,05,13,7,707.1495
2016,05,14,0,708.44971
2016,05,14,1,710.18369
2016,05,14,2,711.28226
2016,05,14,3,713.4075
2016,05,14,4,714.68855
2016,05,14,5,715.52004
2016,05,14,6,716.88256
2016,05,14,7,717.98454
2016,05,15,0,718.58222
2016,05,15,1,718.77884
2016,05,15,2,719.77018
2016,05,15,3,720.7562
2016,05,15,4,721.93315
2016,05,15,5,721.59479
2016,05,15,6,721.05209
2016,05,15,7,720.53178
2016,05,16,0,719.84743
2016,05,16,1,718.04964
2016,05,16,2,717.12197
2016,05,16,3,717.05347
2016,05,16,4,716.42476
2016,05,16,5,715.63585
2016,05,16,6,715.53821
2016,05,16,7,715.35443
2016,05,17,0,714.90503
2016,05,17,1,715.06775
2016,05,17,2,715.56236
2016,05,17,3,716.02841
2016,05,17,4,716.84333
2016,05,17,5,717.34762
2016,05,17,6,717.89463
2016,05,17,7,718.11481
2016,05,18,0,717.58445
2016,05,18,1,716.56739
2016,05,18,2,716.58239
2016,05,18,3,716.15646
2016,05,18,4,714.53453
2016,05,18,5,712.59307
2016,05,18,6,711.20961
2016,05,18,7,710.08739
2016,05,19,0,709.599
2016,05,19,1,709.22636
2016,05,19,2,709.28684
2016,05,19,3,709.90024
2016,05,19,4,710.84544
2016,05,19,5,711.79729
2016,05,19,6,712.48333
2016,05,19,7,713.20159
2016,05,20,0,713.73232
2016,05,20,1,713.80868
2016,05,20,2,714.34679
2016,05,20,3,715.00553
2016,05,20,4,715.55046
2016,05,20,5,716.01234
2016,05,20,6,715.62656
2016,05,20,7,715.4106
2016,05,21,0,715.09289
2016,05,21,1,714.45004
2016,05,21,2,714.46965
2016,05,21,3,714.47662
2016,05,21,4,713.31366
2016,05,21,5,712.30969
2016,05,21,6,711.68659
2016,05,21,7,711.20652
2016,05,22,0,710.69604
2016,05,22,1,710.12941
2016,05,22,2,709.96046
2016,05,22,3,710.20391
2016,05,22,4,709.97229
2016,05,22,5,709.92082
2016,05,22,6,710.55097
2016,05,22,7,711.15544
2016,05,23,0,710.81208
2016,05,23,1,710.42863
2016,05,23,2,711.57702
2016,05,23,3,712.50837
2016,05,23,4,712.0097
2016,05,23,5,711.31707
2016,05,23,6,711.08239
2016,05,23,7,710.77289
2016,05,24,0,709.62657
2016,05,24,1,708.97033
2016,05,24,2,710.43857
2016,05,24,3,711.64641
2016,05,24,4,712.43009
2016,05,24,5,712.9944
2016,05,24,6,713.82685
2016,05,24,7,714.63092
2016,05,25,0,715.03795
2016,05,25,1,715.20728
2016,05,25,2,715.72362
2016,05,25,3,716.16639
2016,05,25,4,716.78227
2016,05,25,5,716.7633
2016,05,25,6,716.69687
2016,05,25,7,716.68314
2016,05,26,0,716.78979
2016,05,26,1,717.06853
2016,05,26,2,717.9233
2016,05,26,3,718.28839
2016,05,26,4,718.27099
2016,05,26,5,718.55244
2016,05,26,6,719.26304
2016,05,26,7,720.00084
2016,05,27,0,720.20454
2016,05,27,1,720.11631
2016,05,27,2,721.2106
2016,05,27,3,722.09333
2016,05,27,4,722.14244
2016,05,27,5,722.36246
2016,05,27,6,722.92983
2016,05,27,7,723.26339
2016,05,28,0,723.57541
2016,05,28,1,723.52697
2016,05,28,2,723.5702
2016,05,28,3,723.48853
2016,05,28,4,723.73702
2016,05,28,5,723.69488
2016,05,28,6,723.18009
2016,05,28,7,722.4517
2016,05,29,0,721.41737
2016,05,29,1,720.21936
2016,05,29,2,719.72241
2016,05,29,3,718.97466
2016,05,29,4,717.76618
2016,05,29,5,716.715
2016,05,29,6,715.59398
2016,05,29,7,714.76167
2016,05,30,0,714.11815
2016,05,30,1,713.05399
2016,05,30,2,712.73275
2016,05,30,3,712.5323
2016,05,30,4,712.2977
2016,05,30,5,712.42868
2016,05,30,6,713.63574
2016,05,30,7,714.29264
2016,05,1,0,714.67909
2016,05,1,1,715.32693
2016,05,1,2,715.98648
2016,05,1,3,716.25618
2016,05,1,4,716.478
2016,05,1,5,716.67775
2016,05,1,6,717.13986
2016,05,1,7,717.71456
2016,05,2,0,718.28304
2016,05,2,1,718.36309
2016,05,2,2,718.66536
2016,05,2,3,719.09166
2016,05,2,4,719.22357
2016,05,2,5,719.24899
2016,05,2,6,719.49356
2016,05,2,7,719.41705
2016,05,3,0,719.37759
2016,05,3,1,719.32711
2016,05,3,2,719.05874
2016,05,3,3,718.48574
2016,05,3,4,717.59981
2016,05,3,5,716.48797
2016,05,3,6,715.89783
2016,05,3,7,715.23841
2016,05,4,0,713.79704
2016,05,4,1,712.54801
2016,05,4,2,711.69866
2016,05,4,3,710.65573
2016,05,4,4,710.50321
2016,05,4,5,710.88753
2016,05,4,6,711.40254
2016,05,4,7,711.86646
2016,05,5,0,713.05107
2016,05,5,1,714.52213
2016,05,5,2,715.40211
2016,05,5,3,716.04554
2016,05,5,4,716.82964
2016,05,5,5,717.65
2016,05,5,6,717.64704
2016,05,5,7,717.28939
2016,05,6,0,717.56117
2016,05,6,1,717.21369
2016,05,6,2,717.46491
2016,05,6,3,717.70102
2016,05,6,4,717.36487
2016,05,6,5,717.02287
2016,05,6,6,716.71299
2016,05,6,7,716.4309
2016,05,7,0,716.60264
2016,05,7,1,716.81555
2016,05,7,2,716.99109
2016,05,7,3,717.70827
2016,05,7,4,718.2987
2016,05,7,5,718.93493
2016,05,7,6,719.72982
2016,05,7,7,720.23581
2016,05,8,0,721.05004
2016,05,8,1,721.34588
2016,05,8,2,721.88678
2016,05,8,3,722.77513
2016,05,8,4,721.60235
2016,05,8,5,720.88276
2016,05,8,6,721.53515
2016,05,8,7,722.40293
2016,05,9,0,723.16899
2016,05,9,1,723.18845
2016,05,9,2,723.57149
2016,05,9,3,724.21627
2016,05,9,4,723.70839
2016,05,9,5,723.38354
2016,05,9,6,722.73105
2016,05,9,7,721.80947
2016,05,10,0,721.06186
2016,05,10,1,720.07934
2016,05,10,2,719.28203
2016,05,10,3,718.74002
2016,05,10,4,718.35369
2016,05,10,5,717.65423
2016,05,10,6,717.63976
2016,05,10,7,717.89563
2016,05,11,0,717.06244
2016,05,11,1,716.69069
2016,05,11,2,717.66528
2016,05,11,3,718.17631
2016,05,11,4,717.81789
2016,05,11,5,717.5473
2016,05,11,6,717.2543
2016,05,11,7,716.86703
2016,05,12,0,715.85636
2016,05,12,1,715.16516
2016,05,12,2,714.48358
2016,05,12,3,713.90782
2016,05,12,4,713.71903
2016,05,12,5,713.73151
2016,05,12,6,713.75397
2016,05,12,7,713.68981
2016,05,13,0,713.19942
2016,05,13,1,712.78417
2016,05,13,2,711.9785
2016,05,13,3,711.77229
2016,05,13,4,711.48048
2016,05,13,5,710.86617
2016,05,13,6,710.42869
2016,05,13,7,710.03756
2016,05,14,0,710.21255
2016,05,14,1,710.71493
2016,05,14,2,711.82642
2016,05,14,3,713.04269
2016,05,14,4,713.18451
2016,05,14,5,713.17745
2016,05,14,6,713.74298
2016,05,14,7,713.83755
2016,05,15,0,714.09825
2016,05,15,1,714.18793
2016,05,15,2,713.87647
2016,05,15,3,713.43759
2016,05,15,4,712.95898
2016,05,15,5,712.51251
2016,05,15,6,712.21521
2016,05,15,7,711.98565
2016,05,16,0,712.17428
2016,05,16,1,712.18936
2016,05,16,2,712.45812
2016,05,16,3,712.47113
2016,05,16,4,712.09303
2016,05,16,5,711.37597
2016,05,16,6,711.13255
2016,05,16,7,711.15926
2016,05,17,0,711.60626
2016,05,17,1,711.41257
2016,05,17,2,710.76089
2016,05,17,3,710.36857
2016,05,17,4,709.32744
2016,05,17,5,708.1164
2016,05,17,6,707.66905
2016,05,17,7,707.52981
2016,05,18,0,707.99562
2016,05,18,1,708.16466
2016,05,18,2,707.8693
2016,05,18,3,707.68607
2016,05,18,4,707.1047
2016,05,18,5,706.40515
2016,05,18,6,705.33615
2016,05,18,7,704.59271
2016,05,19,0,703.99336
2016,05,19,1,703.11252
2016,05,19,2,703.21463
2016,05,19,3,703.63404
2016,05,19,4,703.4786
2016,05,19,5,703.34821
2016,05,19,6,703.94628
2016,05,19,7,704.55803
2016,05,20,0,705.13697
2016,05,20,1,706.16404
2016,05,20,2,707.33289
2016,05,20,3,708.3275
2016,05,20,4,708.58992
2016,05,20,5,708.95463
2016,05,20,6,709.71733
2016,05,20,7,710.19878
2016,05,21,0,709.8457
2016,05,21,1,709.09283
2016,05,21,2,709.34769
2016,05,21,3,709.40162
2016,05,21,4,708.77398
2016,05,21,5,708.0411
2016,05,21,6,708.35847
2016,05,21,7,708.7611
2016,05,22,0,708.77543
2016,05,22,1,708.5451
2016,05,22,2,708.7942
2016,05,22,3,708.73339
2016,05,22,4,707.42388
2016,05,22,5,705.98047
2016,05,22,6,706.52037
2016,05,22,7,707.10541
2016,05,23,0,707.28841
2016,05,23,1,707.62568
2016,05,23,2,708.04586
2016,05,23,3,708.48179
2016,05,23,4,708.19492
2016,05,23,5,707.98016
2016,05,23,6,708.6879
2016,05,23,7,709.5024
2016,05,24,0,710.0334
2016,05,24,1,710.19657
2016,05,24,2,710.65638
2016,05,24,3,710.90061
2016,05,24,4,711.12171
2016,05,24,5,711.55473
2016,05,24,6,712.76056
2016,05,24,7,713.57069
2016,05,25,0,713.05024
2016,05,25,1,712.04642
2016,05,25,2,713.1205
2016,05,25,3,714.27076
2016,05,25,4,714.08878
2016,05,25,5,714.34577
2016,05,25,6,715.30796
2016,05,25,7,716.28972
2016,05,26,0,716.23356
2016,05,26,1,715.57159
2016,05,26,2,715.84918
2016,05,26,3,715.77206
2016,05,26,4,714.56745
2016,05,26,5,713.5413
2016,05,26,6,713.51822
2016,05,26,7,713.42806
2016,05,27,0,713.33459
2016,05,27,1,712.82021
2016,05,27,2,712.44667
2016,05,27,3,711.94841
2016,05,27,4,711.53715
2016,05,27,5,711.41028
2016,05,27,6,711.18079
2016,05,27,7,710.48668
2016,05,28,0,710.26765
2016,05,28,1,709.81101
2016,05,28,2,709.33825
2016,05,28,3,708.79277
2016,05,28,4,708.04437
2016,05,28,5,707.49158
2016,05,28,6,707.63586
2016,05,28,7,708.02778
2016,05,29,0,708.38158
2016,05,29,1,708.59605
2016,05,29,2,709.32951
2016,05,29,3,710.09993
2016,05,29,4,710.05824
2016,05,29,5,709.891
2016,05,29,6,710.63301
2016,05,29,7,711.57812
2016,05,30,0,712.00934
2016,05,30,1,712.0891
2016,05,30,2,712.37685
2016,05,30,3,713.26943
2016,05,30,4,713.63364
2016,05,30,5,713.77559
2016,05,30,6,714.50575
2016,05,30,7,715.2624
2016,05,31,0,716.264
2016,05,31,1,716.76625
2016,05,31,2,716.83591
2016,05,31,3,716.98482
2016,05,31,4,716.52946
2016,05,31,5,714.89308
2016,05,31,6,714.72971
2016,05,31,7,715.26908
2016,05,1,0,715.24475
2016,05,1,1,716.03947
2016,05,1,2,717.3133
2016,05,1,3,718.2388
2016,05,1,4,718.91634
2016,05,1,5,720.12842
2016,05,1,6,722.25176
2016,05,1,7,724.58241
2016,05,2,0,725.50854
2016,05,2,1,726.26628
2016,05,2,2,728.09644
2016,05,2,3,729.19471
2016,05,2,4,729.88228
2016,05,2,5,730.45961
2016,05,2,6,739.42186
2016,05,2,7,739.15154
2016,05,3,0,730.58024
2016,05,3,1,729.22785
2016,05,3,2,727.82265
2016,05,3,3,726.00787
2016,05,3,4,724.64973
2016,05,3,5,723.88562
2016,05,3,6,722.45497
2016,05,3,7,721.63038
2016,05,4,0,721.69233
2016,05,4,1,722.51172
2016,05,4,2,724.26312
2016,05,4,3,724.90768
2016,05,4,4,724.31844
2016,05,4,5,723.66614
2016,05,4,6,723.49408
2016,05,4,7,724.17966
2016,05,5,0,725.28634
2016,05,5,1,726.34449
2016,05,5,2,727.31903
2016,05,5,3,727.72626
2016,05,5,4,727.85473
2016,05,5,5,727.6372
2016,05,5,6,728.36282
2016,05,5,7,728.97818
2016,05,6,0,729.04309
2016,05,6,1,728.59371
2016,05,6,2,728.07932
2016,05,6,3,727.81522
2016,05,6,4,727.9283
2016,05,6,5,727.32198
2016,05,6,6,727.31803
2016,05,6,7,727.55337
2016,05,7,0,727.35025
2016,05,7,1,727.06605
2016,05,7,2,727.14461
2016,05,7,3,726.54367
2016,05,7,4,725.35785
2016,05,7,5,724.12668
2016,05,7,6,722.88439
2016,05,7,7,721.95818
2016,05,8,0,721.22261
2016,05,8,1,720.24995
2016,05,8,2,719.37449
2016,05,8,3,718.72442
2016,05,8,4,718.27239
2016,05,8,5,718.19364
2016,05,8,6,718.34273
2016,05,8,7,718.58387
2016,05,9,0,718.22966
2016,05,9,1,717.70107
2016,05,9,2,717.84641
2016,05,9,3,717.86782
2016,05,9,4,717.45033
2016,05,9,5,717.14179
2016,05,9,6,717.4791
2016,05,9,7,718.23937
2016,05,10,0,719.19772
2016,05,10,1,719.69026
2016,05,10,2,720.4901
2016,05,10,3,721.51778
2016,05,10,4,723.0566
2016,05,10,5,724.45917
2016,05,10,6,725.23353
2016,05,10,7,725.75845
2016,05,11,0,726.25875
2016,05,11,1,726.96625
2016,05,11,2,727.75747
2016,05,11,3,727.65209
2016,05,11,4,727.07152
2016,05,11,5,726.15497
2016,05,11,6,725.44327
2016,05,11,7,725.19716
2016,05,12,0,725.22585
2016,05,12,1,725.28555
2016,05,12,2,725.48152
2016,05,12,3,725.76957
2016,05,12,4,726.69511
2016,05,12,5,727.86952
2016,05,12,6,729.25537
2016,05,12,7,730.39714
2016,05,13,0,731.30236
2016,05,13,1,731.52304
2016,05,13,2,731.80917
2016,05,13,3,731.0713
2016,05,13,4,729.78257
2016,05,13,5,728.74691
2016,05,13,6,728.45161
2016,05,13,7,728.31245
2016,05,14,0,727.99975
2016,05,14,1,727.446
2016,05,14,2,726.90723
2016,05,14,3,726.58899
2016,05,14,4,726.6245
2016,05,14,5,727.21004
2016,05,14,6,727.65332
2016,05,14,7,728.06365
2016,05,15,0,728.78358
2016,05,15,1,729.0987
2016,05,15,2,729.14049
2016,05,15,3,729.33121
2016,05,15,4,730.17472
2016,05,15,5,730.58513
2016,05,15,6,729.99283
2016,05,15,7,729.83532
2016,05,16,0,729.53109
2016,05,16,1,729.22659
2016,05,16,2,729.52241
2016,05,16,3,729.53223
2016,05,16,4,729.32585
2016,05,16,5,729.36005
2016,05,16,6,728.76513
2016,05,16,7,728.46764
2016,05,17,0,728.62466
2016,05,17,1,728.35535
2016,05,17,2,728.59432
2016,05,17,3,728.79531
2016,05,17,4,728.00781
2016,05,17,5,726.97576
2016,05,17,6,726.41319
2016,05,17,7,725.87377
2016,05,18,0,725.76154
2016,05,18,1,725.34912
2016,05,18,2,725.31616
2016,05,18,3,724.97605
2016,05,18,4,724.50118
2016,05,18,5,724.42998
2016,05,18,6,724.35058
2016,05,18,7,724.61837
2016,05,19,0,724.58527
2016,05,19,1,724.32001
2016,05,19,2,724.12881
2016,05,19,3,723.9292
2016,05,19,4,723.99887
2016,05,19,5,724.00087
2016,05,19,6,724.31865
2016,05,19,7,724.55994
2016,05,20,0,724.47568
2016,05,20,1,724.1065
2016,05,20,2,724.06232
2016,05,20,3,723.7763
2016,05,20,4,723.44926
2016,05,20,5,723.15552
2016,05,20,6,722.31391
2016,05,20,7,721.61882
2016,05,21,0,721.39027
2016,05,21,1,721.23583
2016,05,21,2,721.41883
2016,05,21,3,721.27339
2016,05,21,4,721.21892
2016,05,21,5,721.38937
2016,05,21,6,721.49264
2016,05,21,7,721.36477
2016,05,22,0,721.01157
2016,05,22,1,720.2155
2016,05,22,2,719.65357
2016,05,22,3,719.54119
2016,05,22,4,719.53022
2016,05,22,5,719.78959
2016,05,22,6,719.85408
2016,05,22,7,719.96766
2016,05,23,0,720.60807
2016,05,23,1,720.98634
2016,05,23,2,720.68045
2016,05,23,3,720.24589
2016,05,23,4,719.98381
2016,05,23,5,719.47424
2016,05,23,6,719.13985
2016,05,23,7,719.10889
2016,05,24,0,718.81536
2016,05,24,1,718.51297
2016,05,24,2,718.73937
2016,05,24,3,718.86946
2016,05,24,4,718.57712
2016,05,24,5,718.31349
2016,05,24,6,717.85036
2016,05,24,7,717.64248
2016,05,25,0,718.10697
2016,05,25,1,718.4477
2016,05,25,2,718.88603
2016,05,25,3,719.40901
2016,05,25,4,719.52772
2016,05,25,5,719.90501
2016,05,25,6,720.0854
2016,05,25,7,720.45645
2016,05,26,0,720.76003
2016,05,26,1,720.67541
2016,05,26,2,720.79662
2016,05,26,3,721.0422
2016,05,26,4,721.28888
2016,05,26,5,721.44943
2016,05,26,6,721.35096
2016,05,26,7,721.49041
2016,05,27,0,721.50205
2016,05,27,1,721.1708
2016,05,27,2,720.87442
2016,05,27,3,720.80912
2016,05,27,4,720.39221
2016,05,27,5,720.07134
2016,05,27,6,719.86987
2016,05,27,7,719.83988
2016,05,28,0,720.18589
2016,05,28,1,720.05826
2016,05,28,2,720.23226
2016,05,28,3,720.4766
2016,05,28,4,720.18084
2016,05,28,5,719.99392
2016,05,28,6,720.2896
2016,05,28,7,720.5595
2016,05,29,0,720.1717
2016,05,29,1,719.47524
2016,05,29,2,719.27034
2016,05,29,3,718.93902
2016,05,29,4,718.38967
2016,05,29,5,718.1537
2016,05,29,6,718.0373
2016,05,29,7,718.07878
2016,05,30,0,718.12331
2016,05,30,1,718.05545
2016,05,30,2,718.07814
2016,05,30,3,718.28755
2016,05,30,4,718.18128
2016,05,30,5,718.07691
2016,05,30,6,719.15758
2016,05,30,7,720.25441
2016,05,1,0,720.9194
2016,05,1,1,721.17648
2016,05,1,2,722.84614
2016,05,1,3,724.69597
2016,05,1,4,725.03335
2016,05,1,5,725.00477
2016,05,1,6,725.96162
2016,05,1,7,726.83254
2016,05,2,0,727.35066
2016,05,2,1,727.5408
2016,05,2,2,727.1958
2016,05,2,3,726.80045
2016,05,2,4,726.60642
2016,05,2,5,726.29247
2016,05,2,6,726.23901
2016,05,2,7,726.14196
2016,05,3,0,725.86069
2016,05,3,1,725.54706
2016,05,3,2,725.88415
2016,05,3,3,726.23352
2016,05,3,4,726.21637
2016,05,3,5,726.14612
2016,05,3,6,726.10527
2016,05,3,7,725.93293
2016,05,4,0,726.25365
2016,05,4,1,726.06116
2016,05,4,2,726.01912
2016,05,4,3,725.70228
2016,05,4,4,725.28546
2016,05,4,5,724.80597
2016,05,4,6,724.71935
2016,05,4,7,724.98826
2016,05,5,0,724.97049
2016,05,5,1,724.63585
2016,05,5,2,724.76285
2016,05,5,3,724.88854
2016,05,5,4,725.09825
2016,05,5,5,725.16844
2016,05,5,6,725.18502
2016,05,5,7,725.07549
2016,05,6,0,725.05696
2016,05,6,1,725.16784
2016,05,6,2,725.22489
2016,05,6,3,725.00921
2016,05,6,4,724.89171
2016,05,6,5,725.01984
2016,05,6,6,724.97446
2016,05,6,7,724.83949
2016,05,7,0,724.44913
2016,05,7,1,723.9342
2016,05,7,2,723.96579
2016,05,7,3,723.50949
2016,05,7,4,722.7527
2016,05,7,5,722.0042
2016,05,7,6,722.00357
2016,05,7,7,722.17965
2016,05,8,0,721.8519
2016,05,8,1,721.58856
2016,05,8,2,721.69754
2016,05,8,3,721.82807
2016,05,8,4,721.65853
2016,05,8,5,721.5116
2016,05,8,6,721.78899
2016,05,8,7,722.01499
2016,05,9,0,722.15237
2016,05,9,1,721.93441
2016,05,9,2,722.3683
2016,05,9,3,723.02862
2016,05,9,4,722.98304
2016,05,9,5,722.81661
2016,05,9,6,722.78199
2016,05,9,7,723.0024
2016,05,10,0,722.94554
2016,05,10,1,722.71869
2016,05,10,2,722.53197
2016,05,10,3,722.20426
2016,05,10,4,722.50222
2016,05,10,5,722.57207
2016,05,10,6,722.4474
2016,05,10,7,722.47737
2016,05,11,0,722.46434
2016,05,11,1,721.91243
2016,05,11,2,721.36291
2016,05,11,3,720.99562
2016,05,11,4,720.79966
2016,05,11,5,720.73274
2016,05,11,6,720.84697
2016,05,11,7,721.11712
2016,05,12,0,721.45419
2016,05,12,1,721.35277
2016,05,12,2,721.48465
2016,05,12,3,721.86663
2016,05,12,4,722.3675
2016,05,12,5,722.88774
2016,05,12,6,723.77428
2016,05,12,7,724.75014
2016,05,13,0,725.4965
2016,05,13,1,725.90687
2016,05,13,2,726.53841
2016,05,13,3,727.01384
2016,05,13,4,727.42424
2016,05,13,5,727.21416
2016,05,13,6,727.25985
2016,05,13,7,727.44722
2016,05,14,0,727.40445
2016,05,14,1,727.35489
2016,05,14,2,726.82139
2016,05,14,3,726.24586
2016,05,14,4,725.6237
2016,05,14,5,725.19208
2016,05,14,6,724.73295
2016,05,14,7,724.55351
2016,05,15,0,724.29698
2016,05,15,1,723.78408
2016,05,15,2,723.82647
2016,05,15,3,724.069
2016,05,15,4,724.19392
2016,05,15,5,724.30025
2016,05,15,6,725.08182
2016,05,15,7,726.18011
2016,05,16,0,727.08225
2016,05,16,1,727.66673
2016,05,16,2,728.48941
2016,05,16,3,729.1996
2016,05,16,4,729.40365
2016,05,16,5,729.68367
2016,05,16,6,730.19157
2016,05,16,7,730.61985
2016,05,17,0,730.99029
2016,05,17,1,731.12502
2016,05,17,2,731.22295
2016,05,17,3,731.34424
2016,05,17,4,731.09934
2016,05,17,5,730.49208
2016,05,17,6,730.71208
2016,05,17,7,730.94868
2016,05,18,0,730.89799
2016,05,18,1,730.49577
2016,05,18,2,730.20806
2016,05,18,3,729.63505
2016,05,18,4,729.74402
2016,05,18,5,729.87215
2016,05,18,6,729.70681
2016,05,18,7,729.656
2016,05,19,0,729.33448
2016,05,19,1,728.87943
2016,05,19,2,728.76863
2016,05,19,3,728.66989
2016,05,19,4,728.61258
2016,05,19,5,728.58639
2016,05,19,6,728.72727
2016,05,19,7,728.75513
2016,05,20,0,728.73727
2016,05,20,1,729.01504
2016,05,20,2,729.82895
2016,05,20,3,730.41317
2016,05,20,4,730.24814
2016,05,20,5,729.60499
2016,05,20,6,729.58219
2016,05,20,7,729.60786
2016,05,21,0,729.79629
2016,05,21,1,729.73856
2016,05,21,2,729.59446
2016,05,21,3,728.88731
2016,05,21,4,728.15637
2016,05,21,5,727.61023
2016,05,21,6,727.2184
2016,05,21,7,727.22766
2016,05,22,0,727.39941
2016,05,22,1,727.25782
2016,05,22,2,727.40831
2016,05,22,3,728.16703
2016,05,22,4,728.91242
2016,05,22,5,729.59192
2016,05,22,6,729.79825
2016,05,22,7,729.93039
2016,05,23,0,730.58318
2016,05,23,1,730.51557
2016,05,23,2,730.411
2016,05,23,3,730.48423
2016,05,23,4,730.0174
2016,05,23,5,729.10834
2016,05,23,6,728.37226
2016,05,23,7,727.65231
2016,05,24,0,727.39686
2016,05,24,1,727.31467
2016,05,24,2,726.89711
2016,05,24,3,726.63356
2016,05,24,4,726.70882
2016,05,24,5,726.52895
2016,05,24,6,726.83211
2016,05,24,7,727.23428
2016,05,25,0,727.02523
2016,05,25,1,726.7832
2016,05,25,2,726.57
2016,05,25,3,726.04499
2016,05,25,4,725.80161
2016,05,25,5,725.43944
2016,05,25,6,725.47755
2016,05,25,7,725.66539
2016,05,26,0,725.72727
2016,05,26,1,725.54329
2016,05,26,2,725.18434
2016,05,26,3,724.90311
2016,05,26,4,725.27968
2016,05,26,5,725.44544
2016,05,26,6,725.61685
2016,05,26,7,725.59752
2016,05,27,0,725.69226
2016,05,27,1,725.34397
2016,05,27,2,724.76124
2016,05,27,3,724.13959
2016,05,27,4,724.15539
2016,05,27,5,724.21851
2016,05,27,6,724.11857
2016,05,27,7,723.97788
2016,05,28,0,723.56345
2016,05,28,1,722.90825
2016,05,28,2,722.94722
2016,05,28,3,722.96787
2016,05,28,4,722.91836
2016,05,28,5,722.70643
2016,05,28,6,722.67255
2016,05,28,7,722.39541
2016,05,29,0,722.85015
2016,05,29,1,723.09392
2016,05,29,2,722.95977
2016,05,29,3,722.84208
2016,05,29,4,723.24132
2016,05,29,5,723.13175
2016,05,29,6,722.84959
2016,05,29,7,722.53043
2016,05,30,0,722.57275
2016,05,30,1,722.48739
2016,05,30,2,722.66404
2016,05,30,3,722.90571
2016,05,30,4,723.13363
2016,05,30,5,723.31883
2016,05,30,6,723.4491
2016,05,30,7,723.49202
2016,05,31,0,723.77049
2016,05,31,1,723.71758
2016,05,31,2,723.80727
2016,05,31,3,723.63965
2016,05,31,4,723.83067
2016,05,31,5,723.94197
2016,05,31,6,724.24682
2016,05,31,7,724.72751
2017,05,1,0,725.05898
2017,05,1,1,724.6985
2017,05,1,2,724.91308
2017,05,1,3,725.19075
2017,05,1,4,725.57686
2017,05,1,5,725.86005
2017,05,1,6,726.28841
2017,05,1,7,726.80328
2017,05,2,0,727.42958
2017,05,2,1,727.56269
2017,05,2,2,727.43459
2017,05,2,3,727.75777
2017,05,2,4,727.90509
2017,05,2,5,727.77053
2017,05,2,6,727.89352
2017,05,2,7,728.2044
2017,05,3,0,727.94429
2017,05,3,1,727.19227
2017,05,3,2,727.05245
2017,05,3,3,727.16771
2017,05,3,4,726.7917
2017,05,3,5,726.18238
2017,05,3,6,726.44209
2017,05,3,7,727.15559
2017,05,4,0,727.73451
2017,05,4,1,727.62299
2017,05,4,2,728.24272
2017,05,4,3,729.40134
2017,05,4,4,729.70763
2017,05,4,5,729.53872
2017,05,4,6,729.28453
2017,05,4,7,729.17426
2017,05,5,0,729.22269
2017,05,5,1,728.85976
2017,05,5,2,728.08361
2017,05,5,3,727.09787
2017,05,5,4,726.34566
2017,05,5,5,725.74743
2017,05,5,6,724.28362
2017,05,5,7,723.18856
2017,05,6,0,722.76171
2017,05,6,1,721.76387
2017,05,6,2,720.77707
2017,05,6,3,720.4311
2017,05,6,4,720.67946
2017,05,6,5,721.15175
2017,05,6,6,721.60926
2017,05,6,7,722.17958
2017,05,7,0,722.81603
2017,05,7,1,723.20994
2017,05,7,2,723.93406
2017,05,7,3,724.67996
2017,05,7,4,725.10734
2017,05,7,5,725.21417
2017,05,7,6,725.60182
2017,05,7,7,726.14543
2017,05,8,0,726.17826
2017,05,8,1,725.84791
2017,05,8,2,725.65172
2017,05,8,3,725.74697
2017,05,8,4,726.05106
2017,05,8,5,726.14222
2017,05,8,6,727.00987
2017,05,8,7,727.92452
2017,05,9,0,728.08101
2017,05,9,1,728.0335
2017,05,9,2,728.29713
2017,05,9,3,728.82722
2017,05,9,4,729.50463
2017,05,9,5,729.66259
2017,05,9,6,729.82652
2017,05,9,7,730.33074
2017,05,10,0,729.91661
2017,05,10,1,729.30971
2017,05,10,2,729.41606
2017,05,10,3,729.18451
2017,05,10,4,729.29857
2017,05,10,5,729.24475
2017,05,10,6,729.58869
2017,05,10,7,730.29356
2017,05,11,0,730.59769
2017,05,11,1,730.68285
2017,05,11,2,731.02688
2017,05,11,3,731.34776
2017,05,11,4,731.90291
2017,05,11,5,731.93642
2017,05,11,6,731.44663
2017,05,11,7,731.09845
2017,05,12,0,731.12896
2017,05,12,1,730.88009
2017,05,12,2,730.5359
2017,05,12,3,730.14437
2017,05,12,4,730.21355
2017,05,12,5,730.19072
2017,05,12,6,730.35823
2017,05,12,7,730.37949
2017,05,13,0,730.74001
2017,05,13,1,731.30463
2017,05,13,2,731.6144
2017,05,13,3,732.01964
2017,05,13,4,739.05464
2017,05,13,5,739.22143
2017,05,13,6,739.21755
2017,05,13,7,739.04122
2017,05,14,0,739.31995
2017,05,14,1,739.76607
2017,05,14,2,739.56581
2017,05,14,3,739.51574
2017,05,14,4,739.69909
2017,05,14,5,739.29957
2017,05,14,6,733.3904
2017,05,14,7,733.36773
2017,05,15,0,732.99242
2017,05,15,1,732.01167
2017,05,15,2,731.18962
2017,05,15,3,730.10095
2017,05,15,4,729.5427
2017,05,15,5,728.83034
2017,05,15,6,727.6927
2017,05,15,7,726.96788
2017,05,16,0,727.13346
2017,05,16,1,727.15148
2017,05,16,2,727.28978
2017,05,16,3,727.69203
2017,05,16,4,728.53855
2017,05,16,5,729.00879
2017,05,16,6,729.84977
2017,05,16,7,730.77973
2017,05,17,0,731.24603
2017,05,17,1,730.81709
2017,05,17,2,730.39957
2017,05,17,3,730.16942
2017,05,17,4,730.71698
2017,05,17,5,730.67093
2017,05,17,6,730.15319
2017,05,17,7,729.75209
2017,05,18,0,729.30773
2017,05,18,1,728.59863
2017,05,18,2,728.34095
2017,05,18,3,728.43322
2017,05,18,4,728.88013
2017,05,18,5,728.92077
2017,05,18,6,729.27691
2017,05,18,7,729.86661
2017,05,19,0,729.79568
2017,05,19,1,729.43938
2017,05,19,2,729.72859
2017,05,19,3,730.20758
2017,05,19,4,737.90734
2017,05,19,5,737.75146
2017,05,19,6,738.14498
2017,05,19,7,738.65137
2017,05,20,0,738.54811
2017,05,20,1,737.84611
2017,05,20,2,738.19279
2017,05,20,3,738.60591
2017,05,20,4,738.57777
2017,05,20,5,738.25274
2017,05,20,6,729.95121
2017,05,20,7,729.55631
2017,05,21,0,728.74895
2017,05,21,1,727.7343
2017,05,21,2,726.68727
2017,05,21,3,725.73971
2017,05,21,4,724.90269
2017,05,21,5,724.00877
2017,05,21,6,723.22665
2017,05,21,7,722.52476
2017,05,22,0,722.02604
2017,05,22,1,721.6151
2017,05,22,2,721.57027
2017,05,22,3,721.96049
2017,05,22,4,722.61007
2017,05,22,5,723.21464
2017,05,22,6,724.01697
2017,05,22,7,725.19762
2017,05,23,0,726.30887
2017,05,23,1,727.12497
2017,05,23,2,728.14399
2017,05,23,3,728.8614
2017,05,23,4,729.27688
2017,05,23,5,729.36077
2017,05,23,6,729.10452
2017,05,23,7,729.06266
2017,05,24,0,729.45111
2017,05,24,1,729.40186
2017,05,24,2,728.61842
2017,05,24,3,728.07566
2017,05,24,4,727.62128
2017,05,24,5,727.04685
2017,05,24,6,726.43648
2017,05,24,7,726.0147
2017,05,25,0,725.62894
2017,05,25,1,724.79643
2017,05,25,2,724.29739
2017,05,25,3,723.84682
2017,05,25,4,723.82874
2017,05,25,5,723.85214
2017,05,25,6,723.50219
2017,05,25,7,722.96106
2017,05,26,0,722.80608
2017,05,26,1,722.58712
2017,05,26,2,722.55534
2017,05,26,3,722.66116
2017,05,26,4,723.07127
2017,05,26,5,723.38268
2017,05,26,6,723.53124
2017,05,26,7,724.08991
2017,05,27,0,724.94777
2017,05,27,1,725.44472
2017,05,27,2,725.68239
2017,05,27,3,725.89968
2017,05,27,4,726.15288
2017,05,27,5,726.06107
2017,05,27,6,725.54244
2017,05,27,7,725.09243
2017,05,28,0,724.76677
2017,05,28,1,724.17171
2017,05,28,2,723.37351
2017,05,28,3,722.19853
2017,05,28,4,720.91779
2017,05,28,5,719.81516
2017,05,28,6,719.12224
2017,05,28,7,718.69163
2017,05,29,0,718.71704
2017,05,29,1,718.43675
2017,05,29,2,717.95299
2017,05,29,3,717.29583
2017,05,29,4,716.99882
2017,05,29,5,716.51323
2017,05,29,6,716.90003
2017,05,29,7,717.45127
2017,05,30,0,717.83612
2017,05,30,1,718.23226
2017,05,30,2,719.22961
2017,05,30,3,720.00124
2017,05,30,4,720.52889
2017,05,30,5,721.076
2017,05,30,6,721.80279
2017,05,30,7,722.50732
2017,05,31,0,723.27378
2017,05,31,1,723.45359
2017,05,31,2,723.91695
2017,05,31,3,724.37246
2017,05,31,4,724.32605
2017,05,31,5,724.26307
2017,05,31,6,724.13063
2017,05,31,7,724.25273
2017,05,1,0,723.91571
2017,05,1,1,723.42032
2017,05,1,2,723.53851
2017,05,1,3,723.47637
2017,05,1,4,723.14585
2017,05,1,5,723.08327
2017,05,1,6,723.28546
2017,05,1,7,723.62399
2017,05,2,0,723.64083
2017,05,2,1,723.50734
2017,05,2,2,724.02142
2017,05,2,3,724.40378
2017,05,2,4,724.37454
2017,05,2,5,724.19768
2017,05,2,6,724.64708
2017,05,2,7,725.05991
2017,05,3,0,725.11598
2017,05,3,1,724.98435
2017,05,3,2,725.4821
2017,05,3,3,725.72591
2017,05,3,4,725.87563
2017,05,3,5,726.44958
2017,05,3,6,727.12549
2017,05,3,7,727.84174
2017,05,4,0,728.4126
2017,05,4,1,728.83442
2017,05,4,2,729.50841
2017,05,4,3,729.99128
2017,05,4,4,729.84156
2017,05,4,5,729.35607
2017,05,4,6,729.18616
2017,05,4,7,729.01627
2017,05,5,0,728.93755
2017,05,5,1,728.55201
2017,05,5,2,727.50969
2017,05,5,3,726.62873
2017,05,5,4,725.52119
2017,05,5,5,724.07439
2017,05,5,6,723.07833
2017,05,5,7,722.47699
2017,05,6,0,722.39168
2017,05,6,1,722.39468
2017,05,6,2,722.20528
2017,05,6,3,722.17925
2017,05,6,4,722.39573
2017,05,6,5,722.5659
2017,05,6,6,722.65114
2017,05,6,7,722.90421
2017,05,7,0,724.07687
2017,05,7,1,724.72539
2017,05,7,2,724.27034
2017,05,7,3,723.55165
2017,05,7,4,723.56677
2017,05,7,5,723.49728
2017,05,7,6,722.45214
2017,05,7,7,721.01287
2017,05,8,0,720.13256
2017,05,8,1,719.27946
2017,05,8,2,718.4137
2017,05,8,3,718.43888
2017,05,8,4,718.36136
2017,05,8,5,717.70524
2017,05,8,6,717.48709
2017,05,8,7,718.06831
2017,05,9,0,719.22043
2017,05,9,1,720.09924
2017,05,9,2,720.43829
2017,05,9,3,720.85267
2017,05,9,4,721.81625
2017,05,9,5,722.68182
2017,05,9,6,723.27327
2017,05,9,7,723.7834
2017,05,10,0,723.68892
2017,05,10,1,722.92276
2017,05,10,2,722.94384
2017,05,10,3,722.64234
2017,05,10,4,722.43323
2017,05,10,5,721.81347
2017,05,10,6,721.49105
2017,05,10,7,721.5183
2017,05,11,0,720.92406
2017,05,11,1,720.12557
2017,05,11,2,719.60408
2017,05,11,3,719.27045
2017,05,11,4,719.00839
2017,05,11,5,718.71572
2017,05,11,6,718.543
2017,05,11,7,718.50058
2017,05,12,0,718.49281
2017,05,12,1,718.37566
2017,05,12,2,718.48879
2017,05,12,3,718.74472
2017,05,12,4,718.8157
2017,05,12,5,718.68722
2017,05,12,6,719.44235
2017,05,12,7,720.20277
2017,05,13,0,720.67626
2017,05,13,1,721.06161
2017,05,13,2,721.89577
2017,05,13,3,722.54955
2017,05,13,4,722.65746
2017,05,13,5,722.46984
2017,05,13,6,722.25572
2017,05,13,7,721.92668
2017,05,14,0,722.08873
2017,05,14,1,721.77034
2017,05,14,2,721.08119
2017,05,14,3,720.13138
2017,05,14,4,719.68309
2017,05,14,5,718.83791
2017,05,14,6,717.16055
2017,05,14,7,715.93811
2017,05,15,0,715.18282
2017,05,15,1,714.96729
2017,05,15,2,714.96012
2017,05,15,3,714.76057
2017,05,15,4,715.07228
2017,05,15,5,715.56251
2017,05,15,6,716.45638
2017,05,15,7,717.79727
2017,05,16,0,718.99123
2017,05,16,1,719.15723
2017,05,16,2,720.24224
2017,05,16,3,721.33664
2017,05,16,4,721.85752
2017,05,16,5,721.57977
2017,05,16,6,721.63258
2017,05,16,7,721.63696
2017,05,17,0,721.07468
2017,05,17,1,720.2038
2017,05,17,2,719.83967
2017,05,17,3,719.45121
2017,05,17,4,718.7085
2017,05,17,5,718.16896
2017,05,17,6,718.00834
2017,05,17,7,717.80619
2017,05,18,0,717.93576
2017,05,18,1,717.7241
2017,05,18,2,718.06295
2017,05,18,3,718.26286
2017,05,18,4,717.92397
2017,05,18,5,717.76419
2017,05,18,6,717.60436
2017,05,18,7,717.00352
2017,05,19,0,716.46367
2017,05,19,1,716.00363
2017,05,19,2,715.06835
2017,05,19,3,714.05079
2017,05,19,4,713.83317
2017,05,19,5,713.67301
2017,05,19,6,713.69355
2017,05,19,7,713.76517
2017,05,20,0,713.74085
2017,05,20,1,713.82562
2017,05,20,2,714.197
2017,05,20,3,714.65126
2017,05,20,4,715.1755
2017,05,20,5,715.55034
2017,05,20,6,716.16297
2017,05,20,7,716.92764
2017,05,21,0,718.15103
2017,05,21,1,719.02766
2017,05,21,2,719.89336
2017,05,21,3,721.01867
2017,05,21,4,722.34954
2017,05,21,5,723.48372
2017,05,21,6,724.6589
2017,05,21,7,726.16397
2017,05,22,0,727.57292
2017,05,22,1,728.30513
2017,05,22,2,728.98207
2017,05,22,3,729.52983
2017,05,22,4,729.66248
2017,05,22,5,729.47729
2017,05,22,6,729.47295
2017,05,22,7,729.59399
2017,05,23,0,728.88806
2017,05,23,1,727.85619
2017,05,23,2,726.66216
2017,05,23,3,725.54145
2017,05,23,4,724.94069
2017,05,23,5,724.19332
2017,05,23,6,723.26823
2017,05,23,7,722.4649
2017,05,24,0,722.00861
2017,05,24,1,721.08987
2017,05,24,2,720.36745
2017,05,24,3,719.83047
2017,05,24,4,719.37044
2017,05,24,5,718.65442
2017,05,24,6,717.80481
2017,05,24,7,716.91082
2017,05,25,0,716.31996
2017,05,25,1,715.69904
2017,05,25,2,715.6632
2017,05,25,3,715.51738
2017,05,25,4,715.57324
2017,05,25,5,715.86127
2017,05,25,6,716.36275
2017,05,25,7,716.7414
2017,05,26,0,717.53849
2017,05,26,1,718.12051
2017,05,26,2,718.56139
2017,05,26,3,718.92005
2017,05,26,4,719.47826
2017,05,26,5,719.87705
2017,05,26,6,720.50358
2017,05,26,7,721.19594
2017,05,27,0,721.88173
2017,05,27,1,722.10629
2017,05,27,2,722.06613
2017,05,27,3,722.15197
2017,05,27,4,723.37193
2017,05,27,5,723.82303
2017,05,27,6,723.93574
2017,05,27,7,724.56223
2017,05,28,0,725.52662
2017,05,28,1,725.82364
2017,05,28,2,726.83457
2017,05,28,3,727.59963
2017,05,28,4,727.77553
2017,05,28,5,727.4816
2017,05,28,6,727.45535
2017,05,28,7,727.58889
2017,05,1,0,728.03382
2017,05,1,1,728.38447
2017,05,1,2,728.72078
2017,05,1,3,728.93173
2017,05,1,4,728.5216
2017,05,1,5,727.62765
2017,05,1,6,726.17952
2017,05,1,7,724.32197
2017,05,2,0,723.99627
2017,05,2,1,724.1578
2017,05,2,2,724.57595
2017,05,2,3,725.17202
2017,05,2,4,725.7765
2017,05,2,5,727.03151
2017,05,2,6,728.56686
2017,05,2,7,730.05667
2017,05,3,0,731.00379
2017,05,3,1,731.31657
2017,05,3,2,732.16308
2017,05,3,3,740.47192
2017,05,3,4,741.05563
2017,05,3,5,741.61047
2017,05,3,6,742.2491
2017,05,3,7,742.74774
2017,05,4,0,742.701
2017,05,4,1,742.32338
2017,05,4,2,742.59263
2017,05,4,3,742.75561
2017,05,4,4,742.91112
2017,05,4,5,743.09684
2017,05,4,6,743.24191
2017,05,4,7,743.45147
2017,05,5,0,743.42696
2017,05,5,1,742.7017
2017,05,5,2,742.1553
2017,05,5,3,741.41683
2017,05,5,4,741.00979
2017,05,5,5,740.23647
2017,05,5,6,739.49529
2017,05,5,7,738.69134
2017,05,6,0,730.70872
2017,05,6,1,730.22155
2017,05,6,2,729.38346
2017,05,6,3,728.56904
2017,05,6,4,727.92359
2017,05,6,5,727.32307
2017,05,6,6,726.5351
2017,05,6,7,725.55403
2017,05,7,0,725.12325
2017,05,7,1,724.87789
2017,05,7,2,723.78414
2017,05,7,3,722.76361
2017,05,7,4,722.063
2017,05,7,5,721.31023
2017,05,7,6,719.99481
2017,05,7,7,719.16439
2017,05,8,0,718.78885
2017,05,8,1,718.25324
2017,05,8,2,717.97645
2017,05,8,3,717.62337
2017,05,8,4,716.84417
2017,05,8,5,716.2519
2017,05,8,6,715.45402
2017,05,8,7,714.96474
2017,05,9,0,714.70294
2017,05,9,1,714.30949
2017,05,9,2,713.546
2017,05,9,3,713.159
2017,05,9,4,713.16295
2017,05,9,5,713.20519
2017,05,9,6,713.11483
2017,05,9,7,713.1436
2017,05,10,0,712.9035
2017,05,10,1,712.41507
2017,05,10,2,712.30257
2017,05,10,3,712.6316
2017,05,10,4,712.77299
2017,05,10,5,712.85783
2017,05,10,6,712.61483
2017,05,10,7,712.41107
2017,05,11,0,712.66553
2017,05,11,1,712.53816
2017,05,11,2,712.57386
2017,05,11,3,712.5397
2017,05,11,4,712.35052
2017,05,11,5,712.13489
2017,05,11,6,712.47738
2017,05,11,7,713.26146
2017,05,12,0,713.50459
2017,05,12,1,713.24004
2017,05,12,2,713.73205
2017,05,12,3,714.15123
2017,05,12,4,714.17234
2017,05,12,5,714.17138
2017,05,12,6,714.629
2017,05,12,7,715.04032
2017,05,13,0,715.6255
2017,05,13,1,715.98606
2017,05,13,2,716.55822
2017,05,13,3,717.14285
2017,05,13,4,717.39606
2017,05,13,5,717.42924
2017,05,13,6,717.86175
2017,05,13,7,718.03682
2017,05,14,0,718.36519
2017,05,14,1,718.57706
2017,05,14,2,718.59302
2017,05,14,3,718.40376
2017,05,14,4,718.52123
2017,05,14,5,718.33582
2017,05,14,6,718.04073
2017,05,14,7,717.82015
2017,05,15,0,717.87588
2017,05,15,1,717.58871
2017,05,15,2,717.46752
2017,05,15,3,717.21672
2017,05,15,4,717.15304
2017,05,15,5,717.0078
2017,05,15,6,717.20491
2017,05,15,7,717.10702
2017,05,16,0,716.74677
2017,05,16,1,716.62501
2017,05,16,2,716.35803
2017,05,16,3,716.34702
2017,05,16,4,716.40411
2017,05,16,5,716.009
2017,05,16,6,715.07624
2017,05,16,7,714.73858
2017,05,17,0,715.75503
2017,05,17,1,715.5917
2017,05,17,2,715.22584
2017,05,17,3,715.08179
2017,05,17,4,714.92679
2017,05,17,5,714.81053
2017,05,17,6,715.22536
2017,05,17,7,715.3586
2017,05,18,0,715.90523
2017,05,18,1,715.73746
2017,05,18,2,715.50174
2017,05,18,3,715.48346
2017,05,18,4,715.59777
2017,05,18,5,715.40287
2017,05,18,6,715.53216
2017,05,18,7,715.85913
2017,05,19,0,716.14618
2017,05,19,1,715.92809
2017,05,19,2,716.7148
2017,05,19,3,717.60842
2017,05,19,4,718.21047
2017,05,19,5,718.90729
2017,05,19,6,719.4893
2017,05,19,7,720.336
2017,05,20,0,721.26284
2017,05,20,1,721.79596
2017,05,20,2,722.1191
2017,05,20,3,722.39344
2017,05,20,4,722.2753
2017,05,20,5,722.19749
2017,05,20,6,722.42292
2017,05,20,7,722.38546
2017,05,21,0,722.60315
2017,05,21,1,722.36416
2017,05,21,2,722.19099
2017,05,21,3,722.31745
2017,05,21,4,722.59357
2017,05,21,5,722.59813
2017,05,21,6,722.51764
2017,05,21,7,722.8255
2017,05,22,0,722.7813
2017,05,22,1,722.69304
2017,05,22,2,722.74809
2017,05,22,3,722.59958
2017,05,22,4,722.18404
2017,05,22,5,721.55426
2017,05,22,6,721.18521
2017,05,22,7,720.77694
2017,05,23,0,720.19529
2017,05,23,1,719.59284
2017,05,23,2,719.46898
2017,05,23,3,719.25586
2017,05,23,4,719.00245
2017,05,23,5,718.86401
2017,05,23,6,718.59599
2017,05,23,7,718.61276
2017,05,24,0,717.99138
2017,05,24,1,717.53141
2017,05,24,2,717.67886
2017,05,24,3,717.33924
2017,05,24,4,717.0877
2017,05,24,5,717.25916
2017,05,24,6,717.47802
2017,05,24,7,717.40623
2017,05,25,0,717.58686
2017,05,25,1,718.1529
2017,05,25,2,718.2864
2017,05,25,3,718.15943
2017,05,25,4,717.41851
2017,05,25,5,716.90996
2017,05,25,6,716.80163
2017,05,25,7,716.77522
2017,05,26,0,716.67217
2017,05,26,1,716.48503
2017,05,26,2,716.78958
2017,05,26,3,716.54571
2017,05,26,4,716.34078
2017,05,26,5,716.02798
2017,05,26,6,715.89817
2017,05,26,7,715.86668
2017,05,27,0,716.02769
2017,05,27,1,715.95109
2017,05,27,2,716.28608
2017,05,27,3,716.44447
2017,05,27,4,716.67855
2017,05,27,5,716.92762
2017,05,27,6,716.48625
2017,05,27,7,716.35837
2017,05,28,0,716.55511
2017,05,28,1,716.40092
2017,05,28,2,716.41409
2017,05,28,3,716.49768
2017,05,28,4,716.58467
2017,05,28,5,716.78087
2017,05,28,6,716.50412
2017,05,28,7,716.32993
2017,05,29,0,716.72526
2017,05,29,1,716.53017
2017,05,29,2,716.1662
2017,05,29,3,715.66466
2017,05,29,4,715.19171
2017,05,29,5,714.64864
2017,05,29,6,713.94316
2017,05,29,7,713.24783
2017,05,30,0,712.28042
2017,05,30,1,710.91076
2017,05,30,2,710.36455
2017,05,30,3,709.91551
2017,05,30,4,709.48017
2017,05,30,5,709.30925
2017,05,30,6,708.80194
2017,05,30,7,708.4416
2017,05,31,0,708.47679
2017,05,31,1,708.14745
2017,05,31,2,708.02874
2017,05,31,3,708.07195
2017,05,31,4,707.67053
2017,05,31,5,707.15922
2017,05,31,6,707.25803
2017,05,31,7,707.47905
2017,05,1,0,707.68937
2017,05,1,1,707.90396
2017,05,1,2,709.09377
2017,05,1,3,710.60839
2017,05,1,4,711.7836
2017,05,1,5,712.62914
2017,05,1,6,712.99432
2017,05,1,7,713.24293
2017,05,2,0,713.91287
2017,05,2,1,714.08391
2017,05,2,2,714.58362
2017,05,2,3,715.31624
2017,05,2,4,715.49322
2017,05,2,5,715.56686
2017,05,2,6,714.80139
2017,05,2,7,714.19634
2017,05,3,0,714.31338
2017,05,3,1,713.73202
2017,05,3,2,713.48745
2017,05,3,3,713.87553
2017,05,3,4,713.16079
2017,05,3,5,712.88386
2017,05,3,6,713.2941
2017,05,3,7,713.55814
2017,05,4,0,714.67023
2017,05,4,1,715.37846
2017,05,4,2,715.08413
2017,05,4,3,714.62326
2017,05,4,4,714.3941
2017,05,4,5,713.64513
2017,05,4,6,712.85413
2017,05,4,7,711.55576
2017,05,5,0,711.79334
2017,05,5,1,712.16452
2017,05,5,2,712.91697
2017,05,5,3,713.42855
2017,05,5,4,712.87127
2017,05,5,5,711.49788
2017,05,5,6,711.20919
2017,05,5,7,712.10877
2017,05,6,0,712.94452
2017,05,6,1,713.57712
2017,05,6,2,714.54182
2017,05,6,3,715.53159
2017,05,6,4,715.78809
2017,05,6,5,715.63496
2017,05,6,6,716.40237
2017,05,6,7,717.06233
2017,05,7,0,716.96745
2017,05,7,1,716.6292
2017,05,7,2,717.20951
2017,05,7,3,717.67012
2017,05,7,4,717.45434
2017,05,7,5,716.94998
2017,05,7,6,716.55166
2017,05,7,7,716.40761
2017,05,8,0,716.38813
2017,05,8,1,716.11871
2017,05,8,2,715.66487
2017,05,8,3,715.38168
2017,05,8,4,715.10927
2017,05,8,5,714.91836
2017,05,8,6,714.51189
2017,05,8,7,714.12368
2017,05,9,0,713.69768
2017,05,9,1,712.91877
2017,05,9,2,712.51744
2017,05,9,3,712.31614
2017,05,9,4,711.55039
2017,05,9,5,710.95326
2017,05,9,6,710.88005
2017,05,9,7,710.43717
2017,05,10,0,709.99789
2017,05,10,1,709.52022
2017,05,10,2,708.7364
2017,05,10,3,707.96322
2017,05,10,4,706.66996
2017,05,10,5,705.47944
2017,05,10,6,705.40768
2017,05,10,7,705.62884
2017,05,11,0,705.67274
2017,05,11,1,705.95524
2017,05,11,2,706.19944
2017,05,11,3,706.73196
2017,05,11,4,707.48378
2017,05,11,5,707.8489
2017,05,11,6,708.62471
2017,05,11,7,709.38072
2017,05,12,0,709.82672
2017,05,12,1,710.08756
2017,05,12,2,710.46813
2017,05,12,3,710.77526
2017,05,12,4,711.21539
2017,05,12,5,711.81813
2017,05,12,6,712.16751
2017,05,12,7,712.47095
2017,05,13,0,712.58863
2017,05,13,1,712.6817
2017,05,13,2,712.93204
2017,05,13,3,712.73871
2017,05,13,4,713.39491
2017,05,13,5,714.05428
2017,05,13,6,714.6883
2017,05,13,7,714.81882
2017,05,14,0,714.87362
2017,05,14,1,714.37313
2017,05,14,2,713.53793
2017,05,14,3,712.88868
2017,05,14,4,712.07913
2017,05,14,5,711.17022
2017,05,14,6,710.42797
2017,05,14,7,709.7382
2017,05,15,0,709.29739
2017,05,15,1,708.90884
2017,05,15,2,708.80229
2017,05,15,3,708.41729
2017,05,15,4,708.2714
2017,05,15,5,708.64052
2017,05,15,6,708.99287
2017,05,15,7,709.12166
2017,05,16,0,709.17589
2017,05,16,1,708.85623
2017,05,16,2,708.63338
2017,05,16,3,708.11713
2017,05,16,4,708.03737
2017,05,16,5,708.1022
2017,05,16,6,708.12605
2017,05,16,7,708.51214
2017,05,17,0,709.63469
2017,05,17,1,710.56759
2017,05,17,2,711.50392
2017,05,17,3,712.28957
2017,05,17,4,712.83817
2017,05,17,5,713.28734
2017,05,17,6,714.17336
2017,05,17,7,715.03281
2017,05,18,0,715.41458
2017,05,18,1,715.3187
2017,05,18,2,715.69356
2017,05,18,3,715.90616
2017,05,18,4,715.98473
2017,05,18,5,715.89805
2017,05,18,6,716.2596
2017,05,18,7,716.68594
2017,05,19,0,717.30137
2017,05,19,1,717.59601
2017,05,19,2,717.81991
2017,05,19,3,718.0927
2017,05,19,4,717.94597
2017,05,19,5,717.56476
2017,05,19,6,717.17548
2017,05,19,7,716.93065
2017,05,20,0,716.85794
2017,05,20,1,716.14755
2017,05,20,2,715.80517
2017,05,20,3,716.06225
2017,05,20,4,715.52391
2017,05,20,5,715.16422
2017,05,20,6,714.97628
2017,05,20,7,715.37787
2017,05,21,0,715.63683
2017,05,21,1,715.64608
2017,05,21,2,716.54131
2017,05,21,3,717.63849
2017,05,21,4,717.65589
2017,05,21,5,717.15337
2017,05,21,6,716.90236
2017,05,21,7,716.4737
2017,05,22,0,715.99137
2017,05,22,1,715.011
2017,05,22,2,714.03218
2017,05,22,3,713.14776
2017,05,22,4,712.24372
2017,05,22,5,711.37008
2017,05,22,6,710.96979
2017,05,22,7,710.8605
2017,05,23,0,710.47666
2017,05,23,1,710.11996
2017,05,23,2,710.1091
2017,05,23,3,710.62291
2017,05,23,4,711.07709
2017,05,23,5,711.46907
2017,05,23,6,712.10963
2017,05,23,7,712.99355
2017,05,24,0,713.81429
2017,05,24,1,714.47925
2017,05,24,2,715.46809
2017,05,24,3,717.11454
2017,05,24,4,717.67086
2017,05,24,5,718.45152
2017,05,24,6,719.83439
2017,05,24,7,721.12894
2017,05,25,0,721.87949
2017,05,25,1,722.35927
2017,05,25,2,723.49096
2017,05,25,3,724.50838
2017,05,25,4,724.58256
2017,05,25,5,724.83328
2017,05,25,6,724.88643
2017,05,25,7,724.5476
2017,05,26,0,725.02896
2017,05,26,1,725.1979
2017,05,26,2,725.25458
2017,05,26,3,724.76878
2017,05,26,4,724.88657
2017,05,26,5,725.41197
2017,05,26,6,724.93053
2017,05,26,7,724.42413
2017,05,27,0,723.5581
2017,05,27,1,722.50394
2017,05,27,2,720.69097
2017,05,27,3,719.14214
2017,05,27,4,719.03772
2017,05,27,5,719.56149
2017,05,27,6,720.30419
2017,05,27,7,721.36971
2017,05,28,0,722.75512
2017,05,28,1,723.46247
2017,05,28,2,723.36966
2017,05,28,3,723.23545
2017,05,28,4,722.9751
2017,05,28,5,723.12574
2017,05,28,6,722.46326
2017,05,28,7,721.70302
2017,05,29,0,721.5844
2017,05,29,1,721.42402
2017,05,29,2,720.78232
2017,05,29,3,720.06698
2017,05,29,4,719.77626
2017,05,29,5,719.8353
2017,05,29,6,719.75602
2017,05,29,7,719.63321
2017,05,30,0,719.3808
2017,05,30,1,718.67066
2017,05,30,2,718.10782
2017,05,30,3,717.84994
2017,05,30,4,716.74496
2017,05,30,5,715.2759
2017,05,30,6,714.28888
2017,05,30,7,713.75554
2017,05,1,0,713.79356
2017,05,1,1,713.54802
2017,05,1,2,713.62468
2017,05,1,3,714.1738
2017,05,1,4,714.10402
2017,05,1,5,713.76267
2017,05,1,6,713.76302
2017,05,1,7,713.67709
2017,05,2,0,713.35101
2017,05,2,1,713.16098
2017,05,2,2,712.64276
2017,05,2,3,712.35422
2017,05,2,4,712.20982
2017,05,2,5,711.95208
2017,05,2,6,712.00345
2017,05,2,7,712.41146
2017,05,3,0,713.00091
2017,05,3,1,713.31254
2017,05,3,2,713.53132
2017,05,3,3,714.26297
2017,05,3,4,714.55776
2017,05,3,5,714.25485
2017,05,3,6,714.60252
2017,05,3,7,714.63026
2017,05,4,0,714.06304
2017,05,4,1,713.08316
2017,05,4,2,712.58243
2017,05,4,3,711.90663
2017,05,4,4,710.9881
2017,05,4,5,709.83816
2017,05,4,6,709.048
2017,05,4,7,708.18955
2017,05,5,0,707.59784
2017,05,5,1,707.15224
2017,05,5,2,706.77702
2017,05,5,3,706.85059
2017,05,5,4,707.04207
2017,05,5,5,707.20385
2017,05,5,6,707.37646
2017,05,5,7,707.45467
2017,05,6,0,707.72061
2017,05,6,1,707.7235
2017,05,6,2,708.20701
2017,05,6,3,708.75117
2017,05,6,4,708.87101
2017,05,6,5,709.06306
2017,05,6,6,709.27951
2017,05,6,7,709.89578
2017,05,7,0,710.45035
2017,05,7,1,709.97671
2017,05,7,2,709.95607
2017,05,7,3,710.33354
2017,05,7,4,710.33716
2017,05,7,5,710.20563
2017,05,7,6,709.83301
2017,05,7,7,709.45088
2017,05,8,0,708.78528
2017,05,8,1,707.17901
2017,05,8,2,705.74718
2017,05,8,3,703.77162
2017,05,8,4,701.27774
2017,05,8,5,699.39125
2017,05,8,6,698.65821
2017,05,8,7,698.55194
2017,05,9,0,699.27283
2017,05,9,1,700.1936
2017,05,9,2,701.51084
2017,05,9,3,702.906
2017,05,9,4,704.41839
2017,05,9,5,705.90542
2017,05,9,6,707.07855
2017,05,9,7,708.51385
2017,05,10,0,709.83036
2017,05,10,1,710.75838
2017,05,10,2,711.4762
2017,05,10,3,712.15868
2017,05,10,4,712.47366
2017,05,10,5,712.67284
2017,05,10,6,713.23114
2017,05,10,7,713.89548
2017,05,11,0,714.12914
2017,05,11,1,713.87019
2017,05,11,2,713.63196
2017,05,11,3,713.16721
2017,05,11,4,712.45275
2017,05,11,5,711.42206
2017,05,11,6,710.81691
2017,05,11,7,710.85686
2017,05,12,0,710.54002
2017,05,12,1,709.98614
2017,05,12,2,709.6974
2017,05,12,3,710.25783
2017,05,12,4,711.1223
2017,05,12,5,711.57889
2017,05,12,6,712.5895
2017,05,12,7,713.67
2017,05,13,0,713.91342
2017,05,13,1,713.62725
2017,05,13,2,714.15519
2017,05,13,3,714.67072
2017,05,13,4,714.1769
2017,05,13,5,713.70482
2017,05,13,6,713.30229
2017,05,13,7,713.10975
2017,05,14,0,713.55632
2017,05,14,1,713.74931
2017,05,14,2,714.68098
2017,05,14,3,715.95394
2017,05,14,4,717.26124
2017,05,14,5,718.72608
2017,05,14,6,720.51964
2017,05,14,7,722.16119
2017,05,15,0,722.2944
2017,05,15,1,722.29676
2017,05,15,2,722.39698
2017,05,15,3,722.40865
2017,05,15,4,722.44911
2017,05,15,5,722.60418
2017,05,15,6,722.18469
2017,05,15,7,722.25813
2017,05,16,0,722.32877
2017,05,16,1,722.60973
2017,05,16,2,722.81754
2017,05,16,3,723.15404
2017,05,16,4,723.94619
2017,05,16,5,724.5702
2017,05,16,6,725.46583
2017,05,16,7,726.19415
2017,05,17,0,726.40466
2017,05,17,1,725.85429
2017,05,17,2,725.80125
2017,05,17,3,726.17372
2017,05,17,4,725.35566
2017,05,17,5,724.27934
2017,05,17,6,724.08034
2017,05,17,7,723.68698
2017,05,18,0,723.18616
2017,05,18,1,722.73721
2017,05,18,2,722.66171
2017,05,18,3,722.29625
2017,05,18,4,722.26095
2017,05,18,5,722.08394
2017,05,18,6,721.52552
2017,05,18,7,720.58105
2017,05,19,0,719.09317
2017,05,19,1,717.45295
2017,05,19,2,715.85769
2017,05,19,3,714.01543
2017,05,19,4,711.98701
2017,05,19,5,711.38956
2017,05,19,6,711.5803
2017,05,19,7,711.55245
2017,05,20,0,711.00064
2017,05,20,1,710.14574
2017,05,20,2,710.26616
2017,05,20,3,710.62474
2017,05,20,4,710.95465
2017,05,20,5,711.40722
2017,05,20,6,711.94214
2017,05,20,7,712.58404
2017,05,21,0,713.31309
2017,05,21,1,713.60999
2017,05,21,2,713.0917
2017,05,21,3,712.67936
2017,05,21,4,712.49328
2017,05,21,5,712.66569
2017,05,21,6,713.07531
2017,05,21,7,713.64141
2017,05,22,0,714.29624
2017,05,22,1,714.32316
2017,05,22,2,714.3081
2017,05,22,3,714.1831
2017,05,22,4,714.12213
2017,05,22,5,714.38961
2017,05,22,6,714.79083
2017,05,22,7,715.11295
2017,05,23,0,715.44436
2017,05,23,1,715.6935
2017,05,23,2,716.12347
2017,05,23,3,716.66266
2017,05,23,4,717.18989
2017,05,23,5,718.22448
2017,05,23,6,718.89644
2017,05,23,7,719.39124
2017,05,24,0,719.60069
2017,05,24,1,719.54136
2017,05,24,2,720.39621
2017,05,24,3,721.29289
2017,05,24,4,721.71613
2017,05,24,5,722.03075
2017,05,24,6,722.37794
2017,05,24,7,722.53529
2017,05,25,0,722.63721
2017,05,25,1,722.8969
2017,05,25,2,723.10668
2017,05,25,3,723.49856
2017,05,25,4,723.95714
2017,05,25,5,724.33682
2017,05,25,6,724.1995
2017,05,25,7,723.77189
2017,05,26,0,723.25739
2017,05,26,1,722.42042
2017,05,26,2,722.54629
2017,05,26,3,722.42343
2017,05,26,4,721.28481
2017,05,26,5,720.43957
2017,05,26,6,720.48401
2017,05,26,7,720.63521
2017,05,27,0,721.06646
2017,05,27,1,721.0003
2017,05,27,2,720.68823
2017,05,27,3,720.93651
2017,05,27,4,720.8478
2017,05,27,5,720.62864
2017,05,27,6,720.75339
2017,05,27,7,721.20129
2017,05,28,0,721.64257
2017,05,28,1,721.4647
2017,05,28,2,721.53968
2017,05,28,3,721.58606
2017,05,28,4,720.61355
2017,05,28,5,719.98105
2017,05,28,6,719.19243
2017,05,28,7,718.91816
2017,05,29,0,719.33182
2017,05,29,1,719.35623
2017,05,29,2,719.59531
2017,05,29,3,720.04023
2017,05,29,4,720.10915
2017,05,29,5,720.08317
2017,05,29,6,720.09612
2017,05,29,7,719.79096
2017,05,30,0,719.38283
2017,05,30,1,718.73305
2017,05,30,2,718.0375
2017,05,30,3,717.42237
2017,05,30,4,716.03912
2017,05,30,5,714.94884
2017,05,30,6,714.40163
2017,05,30,7,713.67774
2017,05,31,0,713.51959
2017,05,31,1,713.41046
2017,05,31,2,713.18883
2017,05,31,3,713.27418
2017,05,31,4,713.72174
2017,05,31,5,714.06253
2017,05,31,6,714.54058
2017,05,31,7,715.17461
2017,05,1,0,715.16555
2017,05,1,1,715.14666
2017,05,1,2,715.82413
2017,05,1,3,716.48507
2017,05,1,4,716.75827
2017,05,1,5,717.2533
2017,05,1,6,717.49061
2017,05,1,7,717.55618
2017,05,2,0,718.0519
2017,05,2,1,718.14636
2017,05,2,2,718.1055
2017,05,2,3,717.97731
2017,05,2,4,717.67397
2017,05,2,5,717.57785
2017,05,2,6,717.61866
2017,05,2,7,717.60397
2017,05,3,0,718.06558
2017,05,3,1,718.65936
2017,05,3,2,718.67355
2017,05,3,3,718.31599
2017,05,3,4,718.83766
2017,05,3,5,719.49639
2017,05,3,6,719.0994
2017,05,3,7,718.60797
2017,05,4,0,718.31279
2017,05,4,1,717.96598
2017,05,4,2,718.06554
2017,05,4,3,717.98597
2017,05,4,4,717.72724
2017,05,4,5,717.82801
2017,05,4,6,717.76244
2017,05,4,7,717.73315
2017,05,5,0,717.82611
2017,05,5,1,717.71044
2017,05,5,2,717.89857
2017,05,5,3,718.05504
2017,05,5,4,717.98355
2017,05,5,5,717.9353
2017,05,5,6,717.83999
2017,05,5,7,717.75598
2017,05,6,0,717.57472
2017,05,6,1,717.23273
2017,05,6,2,717.4626
2017,05,6,3,717.74754
2017,05,6,4,718.21318
2017,05,6,5,718.84437
2017,05,6,6,719.00107
2017,05,6,7,719.19735
2017,05,7,0,719.40062
2017,05,7,1,719.56345
2017,05,7,2,720.49475
2017,05,7,3,721.09697
2017,05,7,4,721.00469
2017,05,7,5,720.82655
2017,05,7,6,720.2974
2017,05,7,7,719.84688
2017,05,8,0,719.79636
2017,05,8,1,719.7153
2017,05,8,2,719.76942
2017,05,8,3,719.5999
2017,05,8,4,719.59003
2017,05,8,5,719.73509
2017,05,8,6,719.33026
2017,05,8,7,718.83895
2017,05,9,0,718.69182
2017,05,9,1,718.44428
2017,05,9,2,718.13764
2017,05,9,3,717.93638
2017,05,9,4,717.63722
2017,05,9,5,717.63193
2017,05,9,6,717.27097
2017,05,9,7,717.32637
2017,05,10,0,717.56142
2017,05,10,1,717.48286
2017,05,10,2,718.30016
2017,05,10,3,718.86605
2017,05,10,4,719.12101
2017,05,10,5,719.65605
2017,05,10,6,719.84992
2017,05,10,7,720.25205
2017,05,11,0,720.38445
2017,05,11,1,720.61833
2017,05,11,2,721.38488
2017,05,11,3,721.73523
2017,05,11,4,721.70384
2017,05,11,5,721.633
2017,05,11,6,721.61032
2017,05,11,7,721.89074
2017,05,12,0,722.04325
2017,05,12,1,721.58225
2017,05,12,2,721.83654
2017,05,12,3,722.03531
2017,05,12,4,722.09355
2017,05,12,5,722.00724
2017,05,12,6,721.87302
2017,05,12,7,721.78983
2017,05,13,0,721.46564
2017,05,13,1,720.73572
2017,05,13,2,720.24753
2017,05,13,3,719.57423
2017,05,13,4,718.67974
2017,05,13,5,718.02599
2017,05,13,6,717.32421
2017,05,13,7,716.86217
2017,05,14,0,716.72457
2017,05,14,1,716.59789
2017,05,14,2,716.40513
2017,05,14,3,716.19048
2017,05,14,4,716.81454
2017,05,14,5,717.03148
2017,05,14,6,716.64395
2017,05,14,7,716.35837
2017,05,15,0,715.31808
2017,05,15,1,714.99153
2017,05,15,2,715.01324
2017,05,15,3,715.65343
2017,05,15,4,716.23745
2017,05,15,5,716.49601
2017,05,15,6,715.93378
2017,05,15,7,715.02938
2017,05,16,0,714.67469
2017,05,16,1,713.87696
2017,05,16,2,713.6816
2017,05,16,3,712.85779
2017,05,16,4,711.05395
2017,05,16,5,709.34355
2017,05,16,6,707.00107
2017,05,16,7,704.66608
2017,05,17,0,702.80887
2017,05,17,1,701.09886
2017,05,17,2,701.04541
2017,05,17,3,702.05369
2017,05,17,4,701.80046
2017,05,17,5,701.10728
2017,05,17,6,700.8901
2017,05,17,7,700.92646
2017,05,18,0,700.94967
2017,05,18,1,701.227
2017,05,18,2,701.48951
2017,05,18,3,702.03811
2017,05,18,4,702.72017
2017,05,18,5,703.77464
2017,05,18,6,704.49983
2017,05,18,7,705.65822
2017,05,19,0,706.69805
2017,05,19,1,707.35934
2017,05,19,2,708.61381
2017,05,19,3,709.47066
2017,05,19,4,709.18755
2017,05,19,5,709.42052
2017,05,19,6,709.24994
2017,05,19,7,709.80853
2017,05,20,0,710.94998
2017,05,20,1,711.96565
2017,05,20,2,714.34484
2017,05,20,3,717.05634
2017,05,20,4,718.41207
2017,05,20,5,719.72597
2017,05,20,6,721.24363
2017,05,20,7,722.63063
2017,05,21,0,723.35789
2017,05,21,1,722.99056
2017,05,21,2,722.87325
2017,05,21,3,723.08352
2017,05,21,4,722.92056
2017,05,21,5,721.73929
2017,05,21,6,720.60266
2017,05,21,7,719.30722
2017,05,22,0,717.26534
2017,05,22,1,715.3555
2017,05,22,2,714.41267
2017,05,22,3,713.548
2017,05,22,4,712.50613
2017,05,22,5,711.61917
2017,05,22,6,710.96856
2017,05,22,7,710.3412
2017,05,23,0,710.39566
2017,05,23,1,710.42045
2017,05,23,2,710.57137
2017,05,23,3,710.69474
2017,05,23,4,710.7748
2017,05,23,5,710.97738
2017,05,23,6,710.40534
2017,05,23,7,710.23584
2017,05,24,0,710.2735
2017,05,24,1,709.83735
2017,05,24,2,709.84531
2017,05,24,3,710.1264
2017,05,24,4,709.68303
2017,05,24,5,709.38958
2017,05,24,6,708.99195
2017,05,24,7,708.38791
2017,05,25,0,708.28762
2017,05,25,1,707.46703
2017,05,25,2,706.94328
2017,05,25,3,706.84619
2017,05,25,4,705.84841
2017,05,25,5,705.1406
2017,05,25,6,704.62989
2017,05,25,7,704.26195
2017,05,26,0,704.43034
2017,05,26,1,704.65043
2017,05,26,2,705.27652
2017,05,26,3,705.54982
2017,05,26,4,705.78541
2017,05,26,5,705.95487
2017,05,26,6,706.2528
2017,05,26,7,706.73019
2017,05,27,0,706.78664
2017,05,27,1,707.07582
2017,05,27,2,708.08866
2017,05,27,3,709.44203
2017,05,27,4,710.48274
2017,05,27,5,711.13249
2017,05,27,6,711.26787
2017,05,27,7,711.38076
2017,05,28,0,712.34447
2017,05,28,1,713.04512
2017,05,28,2,713.66039
2017,05,28,3,714.74306
2017,05,28,4,714.90214
2017,05,28,5,715.1449
2017,05,28,6,715.78396
2017,05,28,7,716.33654
2017,05,29,0,717.43695
2017,05,29,1,718.614
2017,05,29,2,719.52048
2017,05,29,3,720.39004
2017,05,29,4,720.65244
2017,05,29,5,720.8014
2017,05,29,6,721.733
2017,05,29,7,722.71982
2017,05,30,0,724.39592
2017,05,30,1,725.56691
2017,05,30,2,725.74751
2017,05,30,3,726.16457
2017,05,30,4,725.4962
2017,05,30,5,724.60523
2017,05,30,6,723.62429
2017,05,30,7,722.51006
2017,05,1,0,720.63106
2017,05,1,1,718.93944
2017,05,1,2,717.46031
2017,05,1,3,715.94267
2017,05,1,4,714.76764
2017,05,1,5,713.03489
2017,05,1,6,711.94031
2017,05,1,7,711.82922
2017,05,2,0,712.03356
2017,05,2,1,711.74255
2017,05,2,2,712.45207
2017,05,2,3,713.4366
2017,05,2,4,714.24648
2017,05,2,5,714.8345
2017,05,2,6,715.15554
2017,05,2,7,715.32754
2017,05,3,0,715.39577
2017,05,3,1,715.26485
2017,05,3,2,715.28378
2017,05,3,3,715.14431
2017,05,3,4,714.55179
2017,05,3,5,714.23115
2017,05,3,6,713.68598
2017,05,3,7,713.19098
2017,05,4,0,713.46672
2017,05,4,1,713.42549
2017,05,4,2,712.57714
2017,05,4,3,711.65647
2017,05,4,4,711.50879
2017,05,4,5,711.0818
2017,05,4,6,710.99928
2017,05,4,7,710.77697
2017,05,5,0,711.14626
2017,05,5,1,711.61346
2017,05,5,2,711.61252
2017,05,5,3,711.20418
2017,05,5,4,711.04044
2017,05,5,5,710.92964
2017,05,5,6,710.71315
2017,05,5,7,711.25981
2017,05,6,0,711.43412
2017,05,6,1,711.92705
2017,05,6,2,712.29015
2017,05,6,3,712.81661
2017,05,6,4,713.00819
2017,05,6,5,713.25936
2017,05,6,6,713.65881
2017,05,6,7,713.40947
2017,05,7,0,714.08359
2017,05,7,1,714.2986
2017,05,7,2,713.95466
2017,05,7,3,714.09778
2017,05,7,4,713.32102
2017,05,7,5,711.75073
2017,05,7,6,710.84404
2017,05,7,7,710.08606
2017,05,8,0,709.5369
2017,05,8,1,708.96562
2017,05,8,2,708.82045
2017,05,8,3,708.77621
2017,05,8,4,708.82153
2017,05,8,5,708.64665
2017,05,8,6,707.26701
2017,05,8,7,706.2699
2017,05,9,0,705.1711
2017,05,9,1,704.57197
2017,05,9,2,704.55854
2017,05,9,3,704.16308
2017,05,9,4,703.5655
2017,05,9,5,703.92822
2017,05,9,6,705.51453
2017,05,9,7,707.16218
2017,05,10,0,707.32064
2017,05,10,1,707.59319
2017,05,10,2,708.54373
2017,05,10,3,709.20205
2017,05,10,4,709.71584
2017,05,10,5,710.05262
2017,05,10,6,709.70319
2017,05,10,7,708.9379
2017,05,11,0,708.12425
2017,05,11,1,707.6007
2017,05,11,2,706.90059
2017,05,11,3,705.92437
2017,05,11,4,705.61507
2017,05,11,5,705.2097
2017,05,11,6,703.88297
2017,05,11,7,703.45633
2017,05,12,0,703.19519
2017,05,12,1,702.64918
2017,05,12,2,701.90734
2017,05,12,3,701.68833
2017,05,12,4,700.98972
2017,05,12,5,701.43285
2017,05,12,6,702.16006
2017,05,12,7,702.93126
2017,05,13,0,703.97745
2017,05,13,1,704.42898
2017,05,13,2,705.01124
2017,05,13,3,705.80406
2017,05,13,4,706.49029
2017,05,13,5,706.88378
2017,05,13,6,707.65846
2017,05,13,7,708.38943
2017,05,14,0,708.79198
2017,05,14,1,709.13866
2017,05,14,2,709.41999
2017,05,14,3,710.07883
2017,05,14,4,710.21017
2017,05,14,5,709.88449
2017,05,14,6,710.96604
2017,05,14,7,712.1593
2017,05,15,0,712.32435
2017,05,15,1,712.35853
2017,05,15,2,712.93647
2017,05,15,3,713.15096
2017,05,15,4,712.99274
2017,05,15,5,712.52617
2017,05,15,6,712.60834
2017,05,15,7,712.79793
2017,05,16,0,712.51514
2017,05,16,1,712.40178
2017,05,16,2,712.60751
2017,05,16,3,713.84896
2017,05,16,4,715.32444
2017,05,16,5,716.18702
2017,05,16,6,717.19503
2017,05,16,7,717.13576
2017,05,17,0,714.86521
2017,05,17,1,713.26717
2017,05,17,2,714.02257
2017,05,17,3,715.19445
2017,05,17,4,714.71396
2017,05,17,5,713.89191
2017,05,17,6,713.74454
2017,05,17,7,712.76681
2017,05,18,0,711.06572
2017,05,18,1,709.45448
2017,05,18,2,709.27371
2017,05,18,3,708.85184
2017,05,18,4,708.36672
2017,05,18,5,707.98691
2017,05,18,6,708.13562
2017,05,18,7,708.57681
2017,05,19,0,707.55919
2017,05,19,1,706.40407
2017,05,19,2,707.51834
2017,05,19,3,708.3028
2017,05,19,4,708.42151
2017,05,19,5,708.96148
2017,05,19,6,709.7154
2017,05,19,7,710.47174
2017,05,20,0,712.53663
2017,05,20,1,714.51946
2017,05,20,2,717.74307
2017,05,20,3,720.77269
2017,05,20,4,722.34433
2017,05,20,5,723.49979
2017,05,20,6,724.63734
2017,05,20,7,725.13417
2017,05,21,0,724.0572
2017,05,21,1,723.1502
2017,05,21,2,722.80772
2017,05,21,3,722.84043
2017,05,21,4,723.0886
2017,05,21,5,723.47975
2017,05,21,6,724.2575
2017,05,21,7,725.27612
2017,05,22,0,726.0432
2017,05,22,1,726.18134
2017,05,22,2,726.77975
2017,05,22,3,727.79159
2017,05,22,4,728.36803
2017,05,22,5,728.67041
2017,05,22,6,729.11327
2017,05,22,7,729.55892
2017,05,23,0,729.25916
2017,05,23,1,728.29121
2017,05,23,2,727.8458
2017,05,23,3,727.21096
2017,05,23,4,725.5854
2017,05,23,5,723.43093
2017,05,23,6,721.47582
2017,05,23,7,719.31973
2017,05,24,0,718.53751
2017,05,24,1,718.19247
2017,05,24,2,717.54428
2017,05,24,3,717.01063
2017,05,24,4,716.87566
2017,05,24,5,716.81713
2017,05,24,6,716.42194
2017,05,24,7,716.64197
2017,05,25,0,716.3411
2017,05,25,1,716.0962
2017,05,25,2,717.18342
2017,05,25,3,719.01498
2017,05,25,4,720.52257
2017,05,25,5,721.61207
2017,05,25,6,722.94298
2017,05,25,7,723.98669
2017,05,26,0,724.29152
2017,05,26,1,723.5933
2017,05,26,2,722.87599
2017,05,26,3,721.86467
2017,05,26,4,720.19976
2017,05,26,5,719.93744
2017,05,26,6,721.23324
2017,05,26,7,721.59982
2017,05,27,0,720.84126
2017,05,27,1,721.09393
2017,05,27,2,722.82139
2017,05,27,3,723.5659
2017,05,27,4,723.47102
2017,05,27,5,722.40071
2017,05,27,6,720.54651
2017,05,27,7,718.37706
2017,05,28,0,715.99991
2017,05,28,1,713.62387
2017,05,28,2,711.62422
2017,05,28,3,709.82049
2017,05,28,4,708.01243
2017,05,28,5,706.57481
2017,05,28,6,705.48976
2017,05,28,7,704.82974
2017,05,29,0,703.19789
2017,05,29,1,701.82503
2017,05,29,2,701.60409
2017,05,29,3,700.92611
2017,05,29,4,702.04858
2017,05,29,5,703.79832
2017,05,29,6,705.03627
2017,05,29,7,705.91591
2017,05,30,0,706.7624
2017,05,30,1,706.76371
2017,05,30,2,707.6671
2017,05,30,3,708.82827
2017,05,30,4,708.87779
2017,05,30,5,708.41583
2017,05,30,6,707.28037
2017,05,30,7,705.48724
2017,05,31,0,705.63296
2017,05,31,1,706.5867
2017,05,31,2,708.10253
2017,05,31,3,709.78036
2017,05,31,4,712.03508
2017,05,31,5,713.97037
2017,05,31,6,713.81571
2017,05,31,7,712.89244
2017,05,1,0,710.49598
2017,05,1,1,709.06927
2017,05,1,2,708.66399
2017,05,1,3,708.2629
2017,05,1,4,708.05509
2017,05,1,5,707.90915
2017,05,1,6,708.36275
2017,05,1,7,708.50833
2017,05,2,0,707.56896
2017,05,2,1,706.84027
2017,05,2,2,707.29898
2017,05,2,3,708.49272
2017,05,2,4,709.13707
2017,05,2,5,709.90725
2017,05,2,6,709.95596
2017,05,2,7,710.33653
2017,05,3,0,710.75339
2017,05,3,1,710.99464
2017,05,3,2,711.81292
2017,05,3,3,712.51222
2017,05,3,4,713.61394
2017,05,3,5,714.56139
2017,05,3,6,715.00423
2017,05,3,7,715.16605
2017,05,4,0,714.42226
2017,05,4,1,713.85027
2017,05,4,2,715.38133
2017,05,4,3,716.54924
2017,05,4,4,717.26292
2017,05,4,5,718.46821
2017,05,4,6,720.17547
2017,05,4,7,720.88248
2017,05,5,0,718.43252
2017,05,5,1,716.81036
2017,05,5,2,718.40331
2017,05,5,3,719.77943
2017,05,5,4,720.32972
2017,05,5,5,720.58359
2017,05,5,6,718.53716
2017,05,5,7,716.76997
2017,05,6,0,716.14923
2017,05,6,1,715.63552
2017,05,6,2,715.77092
2017,05,6,3,716.14696
2017,05,6,4,716.04463
2017,05,6,5,716.28181
2017,05,6,6,715.67843
2017,05,6,7,714.90617
2017,05,7,0,714.97586
2017,05,7,1,714.85937
2017,05,7,2,714.83604
2017,05,7,3,714.64258
2017,05,7,4,714.36841
2017,05,7,5,714.1992
2017,05,7,6,713.57193
2017,05,7,7,712.23038
2017,05,8,0,710.83838
2017,05,8,1,709.37957
2017,05,8,2,708.67404
2017,05,8,3,707.91367
2017,05,8,4,707.23447
2017,05,8,5,706.62869
2017,05,8,6,705.74752
2017,05,8,7,705.45927
2017,05,9,0,705.26984
2017,05,9,1,704.8645
2017,05,9,2,704.98536
2017,05,9,3,706.09017
2017,05,9,4,706.8525
2017,05,9,5,707.35494
2017,05,9,6,708.23812
2017,05,9,7,708.55771
2017,05,10,0,708.57368
2017,05,10,1,708.27582
2017,05,10,2,708.41871
2017,05,10,3,708.76172
2017,05,10,4,708.69306
2017,05,10,5,708.58253
2017,05,10,6,708.33466
2017,05,10,7,707.39648
2017,05,11,0,707.04198
2017,05,11,1,706.78631
2017,05,11,2,706.55019
2017,05,11,3,706.7938
2017,05,11,4,707.01259
2017,05,11,5,707.00375
2017,05,11,6,707.06405
2017,05,11,7,707.68878
2017,05,12,0,708.47495
2017,05,12,1,708.7029
2017,05,12,2,708.58805
2017,05,12,3,708.24606
2017,05,12,4,708.0063
2017,05,12,5,707.86103
2017,05,12,6,707.96194
2017,05,12,7,708.4044
2017,05,13,0,708.93487
2017,05,13,1,709.09087
2017,05,13,2,709.22241
2017,05,13,3,709.51543
2017,05,13,4,709.42526
2017,05,13,5,709.36832
2017,05,13,6,709.83431
2017,05,13,7,710.32205
2017,05,14,0,710.67505
2017,05,14,1,710.93645
2017,05,14,2,711.85635
2017,05,14,3,712.85053
2017,05,14,4,713.17994
2017,05,14,5,714.17714
2017,05,14,6,714.48799
2017,05,14,7,715.30363
2017,05,15,0,715.91638
2017,05,15,1,717.02852
2017,05,15,2,718.13586
2017,05,15,3,718.85583
2017,05,15,4,719.99673
2017,05,15,5,720.72219
2017,05,15,6,721.44401
2017,05,15,7,722.316
2017,05,16,0,722.07706
2017,05,16,1,721.86261
2017,05,16,2,722.16949
2017,05,16,3,722.10203
2017,05,16,4,721.64331
2017,05,16,5,721.51484
2017,05,16,6,721.66205
2017,05,16,7,721.83919
2017,05,17,0,721.81018
2017,05,17,1,722.15038
2017,05,17,2,722.38036
2017,05,17,3,722.23888
2017,05,17,4,721.96816
2017,05,17,5,722.26963
2017,05,17,6,722.1524
2017,05,17,7,721.82013
2017,05,18,0,721.88697
2017,05,18,1,721.8716
2017,05,18,2,722.573
2017,05,18,3,722.86798
2017,05,18,4,722.85976
2017,05,18,5,722.27713
2017,05,18,6,722.21898
2017,05,18,7,722.53117
2017,05,19,0,722.83976
2017,05,19,1,722.72071
2017,05,19,2,722.18638
2017,05,19,3,721.53765
2017,05,19,4,721.04051
2017,05,19,5,720.62487
2017,05,19,6,720.2832
2017,05,19,7,720.54744
2017,05,20,0,721.47333
2017,05,20,1,722.10161
2017,05,20,2,722.09082
2017,05,20,3,721.4069
2017,05,20,4,720.12723
2017,05,20,5,719.52733
2017,05,20,6,719.25777
2017,05,20,7,718.73895
2017,05,21,0,717.46917
2017,05,21,1,716.41489
2017,05,21,2,716.5149
2017,05,21,3,716.34118
2017,05,21,4,716.27381
2017,05,21,5,716.23998
2017,05,21,6,716.21817
2017,05,21,7,716.36241
2017,05,22,0,716.30272
2017,05,22,1,716.07122
2017,05,22,2,715.31653
2017,05,22,3,715.27337
2017,05,22,4,715.93169
2017,05,22,5,716.342
2017,05,22,6,715.93113
2017,05,22,7,715.52711
2017,05,23,0,715.12306
2017,05,23,1,714.67511
2017,05,23,2,714.538
2017,05,23,3,714.46072
2017,05,23,4,714.23903
2017,05,23,5,713.75927
2017,05,23,6,713.80606
2017,05,23,7,713.97761
2017,05,24,0,714.35013
2017,05,24,1,714.65138
2017,05,24,2,713.85825
2017,05,24,3,712.62202
2017,05,24,4,712.05803
2017,05,24,5,711.09081
2017,05,24,6,709.7027
2017,05,24,7,708.65867
2017,05,25,0,707.88652
2017,05,25,1,707.26035
2017,05,25,2,706.59415
2017,05,25,3,706.18192
2017,05,25,4,705.42751
2017,05,25,5,704.46024
2017,05,25,6,703.67787
2017,05,25,7,702.9092
2017,05,26,0,702.23421
2017,05,26,1,701.51259
2017,05,26,2,700.97355
2017,05,26,3,700.37063
2017,05,26,4,699.79723
2017,05,26,5,699.5393
2017,05,26,6,698.86779
2017,05,26,7,698.27986
2017,05,27,0,697.55163
2017,05,27,1,696.73526
2017,05,27,2,696.31297
2017,05,27,3,696.05516
2017,05,27,4,696.16301
2017,05,27,5,696.86746
2017,05,27,6,696.99358
2017,05,27,7,697.21579
2017,05,28,0,697.81652
2017,05,28,1,697.80973
2017,05,28,2,698.93514
2017,05,28,3,700.33432
2017,05,28,4,701.21144
2017,05,28,5,701.96092
2017,05,28,6,702.35135
2017,05,28,7,702.44224
2017,05,29,0,702.12139
2017,05,29,1,701.79723
2017,05,29,2,702.06398
2017,05,29,3,702.04319
2017,05,29,4,701.48418
2017,05,29,5,701.18173
2017,05,29,6,701.23345
2017,05,29,7,701.4889
2017,05,30,0,701.77618
2017,05,30,1,702.10456
2017,05,30,2,703.38816
2017,05,30,3,704.74356
2017,05,30,4,705.51353
2017,05,30,5,706.17909
2017,05,30,6,707.02526
2017,05,30,7,707.87614
2017,05,31,0,707.88155
2017,05,31,1,706.99803
2017,05,31,2,706.84572
2017,05,31,3,707.06347
2017,05,31,4,706.66991
2017,05,31,5,706.00546
2017,05,31,6,705.99368
2017,05,31,7,705.92686
2017,05,1,0,705.26438
2017,05,1,1,704.51539
2017,05,1,2,704.84816
2017,05,1,3,705.5616
2017,05,1,4,706.15142
2017,05,1,5,706.75757
2017,05,1,6,707.42646
2017,05,1,7,708.1785
2017,05,2,0,708.3513
2017,05,2,1,707.53453
2017,05,2,2,707.71509
2017,05,2,3,708.18486
2017,05,2,4,708.15058
2017,05,2,5,707.98286
2017,05,2,6,708.38453
2017,05,2,7,709.14432
2017,05,3,0,710.18015
2017,05,3,1,711.16071
2017,05,3,2,712.12971
2017,05,3,3,712.72828
2017,05,3,4,713.31229
2017,05,3,5,713.80984
2017,05,3,6,714.10774
2017,05,3,7,713.96782
2017,05,4,0,713.44536
2017,05,4,1,712.49515
2017,05,4,2,711.59185
2017,05,4,3,710.70328
2017,05,4,4,709.76081
2017,05,4,5,708.9576
2017,05,4,6,709.39601
2017,05,4,7,709.72355
2017,05,5,0,709.16874
2017,05,5,1,708.96068
2017,05,5,2,709.79444
2017,05,5,3,710.57439
2017,05,5,4,711.48011
2017,05,5,5,713.02374
2017,05,5,6,714.50221
2017,05,5,7,716.2568
2017,05,6,0,717.14705
2017,05,6,1,718.1904
2017,05,6,2,719.28182
2017,05,6,3,720.3378
2017,05,6,4,721.12451
2017,05,6,5,721.47303
2017,05,6,6,720.51638
2017,05,6,7,720.89554
2017,05,7,0,721.46965
2017,05,7,1,721.2675
2017,05,7,2,721.30568
2017,05,7,3,721.48708
2017,05,7,4,722.13797
2017,05,7,5,722.66521
2017,05,7,6,723.01368
2017,05,7,7,723.33183
2017,05,8,0,723.18939
2017,05,8,1,723.61458
2017,05,8,2,723.48245
2017,05,8,3,723.23767
2017,05,8,4,723.01955
2017,05,8,5,721.98569
2017,05,8,6,720.82773
2017,05,8,7,719.68114
2017,05,9,0,719.38697
2017,05,9,1,718.60783
2017,05,9,2,718.42673
2017,05,9,3,717.69456
2017,05,9,4,716.72448
2017,05,9,5,715.49624
2017,05,9,6,714.43075
2017,05,9,7,713.02503
2017,05,10,0,710.93733
2017,05,10,1,709.48128
2017,05,10,2,708.84505
2017,05,10,3,708.1343
2017,05,10,4,708.1886
2017,05,10,5,708.35135
2017,05,10,6,708.13421
2017,05,10,7,707.81788
2017,05,11,0,707.81225
2017,05,11,1,708.01746
2017,05,11,2,708.47693
2017,05,11,3,709.04787
2017,05,11,4,709.32187
2017,05,11,5,710.43878
2017,05,11,6,710.56183
2017,05,11,7,710.90846
2017,05,12,0,712.02983
2017,05,12,1,712.32162
2017,05,12,2,712.76741
2017,05,12,3,713.08268
2017,05,12,4,712.97067
2017,05,12,5,712.74831
2017,05,12,6,711.91518
2017,05,12,7,711.16015
2017,05,13,0,710.95848
2017,05,13,1,710.21269
2017,05,13,2,709.50304
2017,05,13,3,709.03232
2017,05,13,4,708.51356
2017,05,13,5,707.5225
2017,05,13,6,707.02013
2017,05,13,7,706.49224
2017,05,14,0,706.13178
2017,05,14,1,706.00027
2017,05,14,2,705.97662
2017,05,14,3,706.24193
2017,05,14,4,707.57566
2017,05,14,5,708.64139
2017,05,14,6,709.34877
2017,05,14,7,709.57535
2017,05,15,0,709.55316
2017,05,15,1,709.14464
2017,05,15,2,708.94424
2017,05,15,3,709.21414
2017,05,15,4,708.65519
2017,05,15,5,708.42637
2017,05,15,6,708.49418
2017,05,15,7,708.88822
2017,05,16,0,709.31926
2017,05,16,1,709.21474
2017,05,16,2,709.9556
2017,05,16,3,710.30176
2017,05,16,4,710.2335
2017,05,16,5,710.19938
2017,05,16,6,710.63491
2017,05,16,7,711.21144
2017,05,17,0,711.3557
2017,05,17,1,711.3802
2017,05,17,2,712.12481
2017,05,17,3,712.7851
2017,05,17,4,712.70622
2017,05,17,5,712.69325
2017,05,17,6,712.14542
2017,05,17,7,711.13186
2017,05,18,0,710.67312
2017,05,18,1,710.29153
2017,05,18,2,710.41069
2017,05,18,3,710.17696
2017,05,18,4,709.51539
2017,05,18,5,708.96612
2017,05,18,6,708.92482
2017,05,18,7,708.77062
2017,05,19,0,707.76124
2017,05,19,1,707.02704
2017,05,19,2,706.71148
2017,05,19,3,705.87711
2017,05,19,4,705.05315
2017,05,19,5,704.45139
2017,05,19,6,703.79017
2017,05,19,7,703.1258
2017,05,20,0,702.81868
2017,05,20,1,702.4899
2017,05,20,2,701.92658
2017,05,20,3,701.23061
2017,05,20,4,701.24914
2017,05,20,5,701.55317
2017,05,20,6,701.26139
2017,05,20,7,701.03223
2017,05,21,0,701.12686
2017,05,21,1,701.43521
2017,05,21,2,701.89488
2017,05,21,3,702.16334
2017,05,21,4,702.49651
2017,05,21,5,703.03393
2017,05,21,6,703.26502
2017,05,21,7,703.39309
2017,05,22,0,703.43713
2017,05,22,1,703.08686
2017,05,22,2,703.62955
2017,05,22,3,703.7795
2017,05,22,4,703.363
2017,05,22,5,702.75003
2017,05,22,6,701.97153
2017,05,22,7,701.43487
2017,05,23,0,701.60047
2017,05,23,1,701.50328
2017,05,23,2,701.4004
2017,05,23,3,701.09429
2017,05,23,4,700.90038
2017,05,23,5,701.54739
2017,05,23,6,701.64744
2017,05,23,7,701.42586
2017,05,24,0,701.61288
2017,05,24,1,701.38537
2017,05,24,2,701.36304
2017,05,24,3,702.00577
2017,05,24,4,702.12024
2017,05,24,5,701.77456
2017,05,24,6,701.98588
2017,05,24,7,702.08636
2017,05,25,0,702.2056
2017,05,25,1,702.54414
2017,05,25,2,703.75468
2017,05,25,3,705.54821
2017,05,25,4,707.73506
2017,05,25,5,709.1267
2017,05,25,6,710.15027
2017,05,25,7,710.53375
2017,05,26,0,711.64797
2017,05,26,1,712.41734
2017,05,26,2,712.30824
2017,05,26,3,712.39851
2017,05,26,4,711.87139
2017,05,26,5,711.09602
2017,05,26,6,710.6865
2017,05,26,7,710.2603
2017,05,27,0,709.9177
2017,05,27,1,709.65808
2017,05,27,2,709.70284
2017,05,27,3,709.73818
2017,05,27,4,709.36678
2017,05,27,5,709.03609
2017,05,27,6,709.13535
2017,05,27,7,708.97036
2017,05,28,0,708.33848
2017,05,28,1,708.01445
2017,05,28,2,708.67136
2017,05,28,3,709.95143
2017,05,28,4,710.82161
2017,05,28,5,712.20464
2017,05,28,6,714.02338
2017,05,28,7,715.36544
2017,05,29,0,716.23859
2017,05,29,1,716.67889
2017,05,29,2,717.49191
2017,05,29,3,718.31287
2017,05,29,4,718.52047
2017,05,29,5,718.7779
2017,05,29,6,719.2565
2017,05,29,7,719.54833
2017,05,30,0,719.64273
2017,05,30,1,719.28801
2017,05,30,2,719.25563
2017,05,30,3,719.02336
2017,05,30,4,718.3464
2017,05,30,5,717.45603
2017,05,30,6,716.68559
2017,05,30,7,716.11665
2017,05,1,0,715.94909
2017,05,1,1,716.12815
2017,05,1,2,716.7392
2017,05,1,3,717.02624
2017,05,1,4,717.63865
2017,05,1,5,718.35696
2017,05,1,6,718.50059
2017,05,1,7,718.92824
2017,05,2,0,719.35983
2017,05,2,1,719.27185
2017,05,2,2,718.90851
2017,05,2,3,719.36302
2017,05,2,4,721.08437
2017,05,2,5,722.69815
2017,05,2,6,722.53097
2017,05,2,7,722.6071
2017,05,3,0,723.42185
2017,05,3,1,723.86425
2017,05,3,2,725.022
2017,05,3,3,726.08654
2017,05,3,4,727.12966
2017,05,3,5,728.05976
2017,05,3,6,728.95873
2017,05,3,7,729.90224
2017,05,4,0,729.87898
2017,05,4,1,729.72678
2017,05,4,2,728.99652
2017,05,4,3,727.9492
2017,05,4,4,727.02557
2017,05,4,5,724.95299
2017,05,4,6,723.86416
2017,05,4,7,723.91645
2017,05,5,0,723.77198
2017,05,5,1,723.93082
2017,05,5,2,724.5727
2017,05,5,3,725.5051
2017,05,5,4,725.97014
2017,05,5,5,726.61758
2017,05,5,6,726.20151
2017,05,5,7,725.43031
2017,05,6,0,724.72182
2017,05,6,1,725.07225
2017,05,6,2,724.92736
2017,05,6,3,725.34055
2017,05,6,4,725.82405
2017,05,6,5,726.47429
2017,05,6,6,726.29578
2017,05,6,7,724.95443
2017,05,7,0,724.49089
2017,05,7,1,724.64708
2017,05,7,2,725.84002
2017,05,7,3,725.03578
2017,05,7,4,723.55661
2017,05,7,5,722.19308
2017,05,7,6,720.53414
2017,05,7,7,719.46594
2017,05,8,0,718.5482
2017,05,8,1,717.57037
2017,05,8,2,717.79511
2017,05,8,3,717.91698
2017,05,8,4,717.78306
2017,05,8,5,718.09153
2017,05,8,6,718.26974
2017,05,8,7,718.74202
2017,05,9,0,718.86054
2017,05,9,1,718.79354
2017,05,9,2,719.29844
2017,05,9,3,719.72789
2017,05,9,4,719.50803
2017,05,9,5,718.78117
2017,05,9,6,718.97654
2017,05,9,7,719.61091
2017,05,10,0,718.57823
2017,05,10,1,717.46424
2017,05,10,2,718.17283
2017,05,10,3,718.8279
2017,05,10,4,718.4391
2017,05,10,5,718.2499
2017,05,10,6,718.64496
2017,05,10,7,718.73221
2017,05,11,0,718.64968
2017,05,11,1,718.46735
2017,05,11,2,718.66258
2017,05,11,3,718.84596
2017,05,11,4,718.31541
2017,05,11,5,717.78047
2017,05,11,6,717.43614
2017,05,11,7,717.0181
2017,05,12,0,716.05697
2017,05,12,1,715.3881
2017,05,12,2,714.78116
2017,05,12,3,713.92893
2017,05,12,4,713.12223
2017,05,12,5,712.73277
2017,05,12,6,712.1837
2017,05,12,7,711.76334
2017,05,13,0,711.35746
2017,05,13,1,710.98948
2017,05,13,2,710.78885
2017,05,13,3,710.82659
2017,05,13,4,711.1583
2017,05,13,5,711.41119
2017,05,13,6,711.43929
2017,05,13,7,711.3873
2017,05,14,0,711.06656
2017,05,14,1,710.18748
2017,05,14,2,709.90856
2017,05,14,3,709.60062
2017,05,14,4,709.1197
2017,05,14,5,708.84736
2017,05,14,6,708.88248
2017,05,14,7,709.13438
2017,05,15,0,709.22812
2017,05,15,1,709.22745
2017,05,15,2,709.51509
2017,05,15,3,709.85334
2017,05,15,4,710.43544
2017,05,15,5,711.172
2017,05,15,6,711.72518
2017,05,15,7,712.18267
2017,05,16,0,712.85577
2017,05,16,1,713.78492
2017,05,16,2,714.94969
2017,05,16,3,716.22031
2017,05,16,4,717.08305
2017,05,16,5,717.77746
2017,05,16,6,718.79511
2017,05,16,7,719.75596
2017,05,17,0,720.12326
2017,05,17,1,720.35318
2017,05,17,2,720.37154
2017,05,17,3,720.10622
2017,05,17,4,719.09757
2017,05,17,5,717.70665
2017,05,17,6,717.2763
2017,05,17,7,717.88647
2017,05,18,0,719.34977
2017,05,18,1,721.24879
2017,05,18,2,722.43712
2017,05,18,3,723.66964
2017,05,18,4,725.68791
2017,05,18,5,727.15531
2017,05,18,6,729.02455
2017,05,18,7,730.37506
2017,05,19,0,730.14753
2017,05,19,1,729.56994
2017,05,19,2,730.03557
2017,05,19,3,729.98604
2017,05,19,4,729.55025
2017,05,19,5,729.01104
2017,05,19,6,728.4896
2017,05,19,7,727.60675
2017,05,20,0,727.81667
2017,05,20,1,728.45245
2017,05,20,2,728.57659
2017,05,20,3,728.16833
2017,05,20,4,727.40306
2017,05,20,5,726.9273
2017,05,20,6,726.27343
2017,05,20,7,725.41231
2017,05,21,0,724.72986
2017,05,21,1,723.82745
2017,05,21,2,723.49093
2017,05,21,3,723.13215
2017,05,21,4,721.85863
2017,05,21,5,720.98739
2017,05,21,6,720.4006
2017,05,21,7,719.99593
2017,05,22,0,720.89221
2017,05,22,1,721.6027
2017,05,22,2,721.52174
2017,05,22,3,721.22968
2017,05,22,4,721.26953
2017,05,22,5,721.02812
2017,05,22,6,721.18988
2017,05,22,7,721.31681
2017,05,23,0,721.07208
2017,05,23,1,720.62988
2017,05,23,2,720.26649
2017,05,23,3,720.0489
2017,05,23,4,719.82938
2017,05,23,5,719.38241
2017,05,23,6,719.38582
2017,05,23,7,719.4969
2017,05,24,0,719.32364
2017,05,24,1,719.08273
2017,05,24,2,719.5647
2017,05,24,3,720.10966
2017,05,24,4,720.59086
2017,05,24,5,721.19663
2017,05,24,6,721.47901
2017,05,24,7,721.48264
2017,05,25,0,721.18415
2017,05,25,1,720.7183
2017,05,25,2,720.59968
2017,05,25,3,720.79575
2017,05,25,4,721.53221
2017,05,25,5,722.08285
2017,05,25,6,722.46013
2017,05,25,7,722.57003
2017,05,26,0,722.49821
2017,05,26,1,722.2824
2017,05,26,2,721.85149
2017,05,26,3,721.2248
2017,05,26,4,720.7213
2017,05,26,5,720.24606
2017,05,26,6,719.37066
2017,05,26,7,718.49354
2017,05,27,0,718.61339
2017,05,27,1,718.49177
2017,05,27,2,718.38367
2017,05,27,3,718.15398
2017,05,27,4,717.10396
2017,05,27,5,716.1711
2017,05,27,6,716.07804
2017,05,27,7,716.21275
2017,05,28,0,716.23325
2017,05,28,1,715.88491
2017,05,28,2,716.10296
2017,05,28,3,716.48715
2017,05,28,4,716.45621
2017,05,28,5,716.49179
2017,05,28,6,716.57731
2017,05,28,7,716.43675
2017,05,29,0,716.44993
2017,05,29,1,716.40452
2017,05,29,2,716.03646
2017,05,29,3,715.63159
2017,05,29,4,715.53269
2017,05,29,5,715.49066
2017,05,29,6,715.83716
2017,05,29,7,716.20999
2017,05,30,0,715.97828
2017,05,30,1,715.33804
2017,05,30,2,715.52575
2017,05,30,3,715.45543
2017,05,30,4,715.29648
2017,05,30,5,715.48178
2017,05,30,6,715.83194
2017,05,30,7,716.18178
2017,05,31,0,717.04181
2017,05,31,1,717.99548
2017,05,31,2,718.73736
2017,05,31,3,718.93396
2017,05,31,4,718.9981
2017,05,31,5,718.73551
2017,05,31,6,718.56607
2017,05,31,7,718.01616
2017,05,1,0,717.76944
2017,05,1,1,717.34717
2017,05,1,2,716.37604
2017,05,1,3,715.32696
2017,05,1,4,714.94022
2017,05,1,5,715.19627
2017,05,1,6,715.37776
2017,05,1,7,715.37847
2017,05,2,0,715.34044
2017,05,2,1,715.19763
2017,05,2,2,715.32535
2017,05,2,3,715.15637
2017,05,2,4,715.39064
2017,05,2,5,716.15146
2017,05,2,6,716.78113
2017,05,2,7,717.63564
2017,05,3,0,718.00318
2017,05,3,1,718.12237
2017,05,3,2,718.52549
2017,05,3,3,718.83963
2017,05,3,4,719.31017
2017,05,3,5,720.01177
2017,05,3,6,720.96341
2017,05,3,7,721.4292
2017,05,4,0,721.52265
2017,05,4,1,721.56308
2017,05,4,2,722.26066
2017,05,4,3,722.53357
2017,05,4,4,721.54502
2017,05,4,5,720.42135
2017,05,4,6,719.32874
2017,05,4,7,718.68311
2017,05,5,0,718.23932
2017,05,5,1,717.7844
2017,05,5,2,717.59422
2017,05,5,3,718.09002
2017,05,5,4,719.1348
2017,05,5,5,720.08809
2017,05,5,6,721.89973
2017,05,5,7,723.99103
2017,05,6,0,724.64111
2017,05,6,1,724.66017
2017,05,6,2,725.58372
2017,05,6,3,726.19093
2017,05,6,4,726.33174
2017,05,6,5,725.75236
2017,05,6,6,724.95347
2017,05,6,7,723.77549
2017,05,7,0,722.92079
2017,05,7,1,721.89924
2017,05,7,2,720.38828
2017,05,7,3,719.03039
2017,05,7,4,717.81444
2017,05,7,5,716.34251
2017,05,7,6,715.31286
2017,05,7,7,714.68923
2017,05,8,0,714.35314
2017,05,8,1,713.75716
2017,05,8,2,713.63633
2017,05,8,3,713.66478
2017,05,8,4,713.19733
2017,05,8,5,713.16761
2017,05,8,6,714.10145
2017,05,8,7,714.72817
2017,05,9,0,715.28403
2017,05,9,1,715.2524
2017,05,9,2,716.05974
2017,05,9,3,716.85678
2017,05,9,4,715.65396
2017,05,9,5,715.01777
2017,05,9,6,715.15719
2017,05,9,7,715.38554
2017,05,10,0,715.64996
2017,05,10,1,715.69716
2017,05,10,2,716.3458
2017,05,10,3,716.49065
2017,05,10,4,715.2683
2017,05,10,5,714.40572
2017,05,10,6,714.85267
2017,05,10,7,714.94655
2017,05,11,0,714.4659
2017,05,11,1,713.87287
2017,05,11,2,713.79077
2017,05,11,3,713.43435
2017,05,11,4,712.92209
2017,05,11,5,712.62378
2017,05,11,6,712.15511
2017,05,11,7,711.90755
2017,05,12,0,712.0241
2017,05,12,1,711.85282
2017,05,12,2,711.54378
2017,05,12,3,710.96135
2017,05,12,4,710.19475
2017,05,12,5,709.51746
2017,05,12,6,710.08605
2017,05,12,7,711.02409
2017,05,13,0,710.61103
2017,05,13,1,710.12392
2017,05,13,2,710.56687
2017,05,13,3,711.22634
2017,05,13,4,711.1237
2017,05,13,5,711.26474
2017,05,13,6,712.39406
2017,05,13,7,713.58739
2017,05,14,0,714.41772
2017,05,14,1,715.37086
2017,05,14,2,716.65135
2017,05,14,3,717.57278
2017,05,14,4,717.92241
2017,05,14,5,718.13643
2017,05,14,6,718.77568
2017,05,14,7,719.12666
2017,05,15,0,718.62547
2017,05,15,1,718.05669
2017,05,15,2,717.62501
2017,05,15,3,717.07002
2017,05,15,4,716.89422
2017,05,15,5,716.92428
2017,05,15,6,716.57034
2017,05,15,7,716.18134
2017,05,16,0,715.85416
2017,05,16,1,715.18458
2017,05,16,2,714.34858
2017,05,16,3,713.74038
2017,05,16,4,713.69469
2017,05,16,5,713.6532
2017,05,16,6,713.81762
2017,05,16,7,714.0939
2017,05,17,0,713.98671
2017,05,17,1,713.80119
2017,05,17,2,713.92175
2017,05,17,3,714.13221
2017,05,17,4,714.22993
2017,05,17,5,714.13398
2017,05,17,6,714.22013
2017,05,17,7,714.4445
2017,05,18,0,714.68
2017,05,18,1,714.4615
2017,05,18,2,714.59839
2017,05,18,3,714.74875
2017,05,18,4,715.24149
2017,05,18,5,715.51919
2017,05,18,6,715.69164
2017,05,18,7,716.19783
2017,05,19,0,716.389
2017,05,19,1,716.19111
2017,05,19,2,716.26522
2017,05,19,3,716.07118
2017,05,19,4,715.91216
2017,05,19,5,715.6467
2017,05,19,6,715.95232
2017,05,19,7,716.3331
2017,05,20,0,716.19131
2017,05,20,1,715.86259
2017,05,20,2,715.37113
2017,05,20,3,714.99432
2017,05,20,4,714.81133
2017,05,20,5,714.28493
2017,05,20,6,714.14568
2017,05,20,7,714.14752
2017,05,21,0,714.17472
2017,05,21,1,713.86593
2017,05,21,2,713.64592
2017,05,21,3,713.49311
2017,05,21,4,713.86412
2017,05,21,5,714.20726
2017,05,21,6,714.75555
2017,05,21,7,715.28155
2017,05,22,0,715.61634
2017,05,22,1,715.48235
2017,05,22,2,715.53914
2017,05,22,3,715.49168
2017,05,22,4,716.05123
2017,05,22,5,716.40036
2017,05,22,6,716.62013
2017,05,22,7,716.8675
2017,05,23,0,716.77836
2017,05,23,1,716.59654
2017,05,23,2,716.99189
2017,05,23,3,717.12377
2017,05,23,4,717.31775
2017,05,23,5,717.5609
2017,05,23,6,717.71281
2017,05,23,7,717.8315
2017,05,24,0,718.15995
2017,05,24,1,718.35124
2017,05,24,2,718.12983
2017,05,24,3,717.67579
2017,05,24,4,717.08429
2017,05,24,5,716.05935
2017,05,24,6,716.15752
2017,05,24,7,716.2726
2017,05,25,0,715.95809
2017,05,25,1,715.63044
2017,05,25,2,714.98103
2017,05,25,3,714.38072
2017,05,25,4,714.61365
2017,05,25,5,714.47065
2017,05,25,6,714.13746
2017,05,25,7,713.87476
2017,05,26,0,714.06744
2017,05,26,1,713.87289
2017,05,26,2,714.05922
2017,05,26,3,714.05095
2017,05,26,4,714.10153
2017,05,26,5,714.41129
2017,05,26,6,714.79614
2017,05,26,7,715.11141
2017,05,27,0,715.47075
2017,05,27,1,715.77381
2017,05,27,2,715.97123
2017,05,27,3,715.91075
2017,05,27,4,715.9611
2017,05,27,5,716.05815
2017,05,27,6,716.00479
2017,05,27,7,715.73654
2017,05,28,0,715.65025
2017,05,28,1,715.51775
2017,05,28,2,715.29803
2017,05,28,3,715.12048
2017,05,28,4,715.40464
2017,05,28,5,715.36326
2017,05,28,6,715.77142
2017,05,28,7,716.00471
2017,05,29,0,716.1813
2017,05,29,1,716.58092
2017,05,29,2,717.3643
2017,05,29,3,717.98183
2017,05,29,4,718.15396
2017,05,29,5,718.07133
2017,05,29,6,718.65088
2017,05,29,7,719.27756
2017,05,30,0,719.95139
2017,05,30,1,720.42919
2017,05,30,2,720.81504
2017,05,30,3,721.07015
2017,05,30,4,721.16319
2017,05,30,5,721.04205
2017,05,30,6,721.07247
2017,05,30,7,721.17672
2017,05,1,0,721.06759
2017,05,1,1,720.35171
2017,05,1,2,719.83206
2017,05,1,3,719.28188
2017,05,1,4,718.29646
2017,05,1,5,717.26104
2017,05,1,6,716.63295
2017,05,1,7,716.02551
2017,05,2,0,715.24826
2017,05,2,1,714.49216
2017,05,2,2,713.79852
2017,05,2,3,713.08731
2017,05,2,4,712.5025
2017,05,2,5,711.88601
2017,05,2,6,711.96072
2017,05,2,7,711.98413
2017,05,3,0,711.82816
2017,05,3,1,711.76193
2017,05,3,2,711.6628
2017,05,3,3,711.51025
2017,05,3,4,711.511
2017,05,3,5,711.51751
2017,05,3,6,711.46773
2017,05,3,7,711.49849
2017,05,4,0,711.64508
2017,05,4,1,711.58163
2017,05,4,2,711.80381
2017,05,4,3,712.03751
2017,05,4,4,712.34502
2017,05,4,5,712.82102
2017,05,4,6,713.2803
2017,05,4,7,713.88019
2017,05,5,0,714.50522
2017,05,5,1,714.7632
2017,05,5,2,714.82187
2017,05,5,3,714.71229
2017,05,5,4,714.74544
2017,05,5,5,714.70703
2017,05,5,6,715.09201
2017,05,5,7,715.57271
2017,05,6,0,715.7096
2017,05,6,1,715.77806
2017,05,6,2,716.22686
2017,05,6,3,716.54563
2017,05,6,4,716.85157
2017,05,6,5,716.77832
2017,05,6,6,717.09505
2017,05,6,7,717.33687
2017,05,7,0,717.6462
2017,05,7,1,717.58915
2017,05,7,2,717.33204
2017,05,7,3,717.29758
2017,05,7,4,717.55315
2017,05,7,5,717.59263
2017,05,7,6,717.25368
2017,05,7,7,717.22819
2017,05,8,0,717.36392
2017,05,8,1,716.98649
2017,05,8,2,716.42925
2017,05,8,3,716.03621
2017,05,8,4,716.20246
2017,05,8,5,716.56201
2017,05,8,6,716.84404
2017,05,8,7,717.34752
2017,05,9,0,717.62236
2017,05,9,1,717.85502
2017,05,9,2,717.95741
2017,05,9,3,717.97641
2017,05,9,4,718.46509
2017,05,9,5,718.99998
2017,05,9,6,719.71824
2017,05,9,7,720.33756
2017,05,10,0,720.91088
2017,05,10,1,721.26207
2017,05,10,2,721.81528
2017,05,10,3,722.17005
2017,05,10,4,722.54607
2017,05,10,5,722.88507
2017,05,10,6,723.17922
2017,05,10,7,723.4687
2017,05,11,0,723.32073
2017,05,11,1,722.98462
2017,05,11,2,723.26195
2017,05,11,3,723.29366
2017,05,11,4,723.42351
2017,05,11,5,723.68439
2017,05,11,6,724.02577
2017,05,11,7,724.62484
2017,05,12,0,724.97953
2017,05,12,1,725.43993
2017,05,12,2,725.97179
2017,05,12,3,726.12507
2017,05,12,4,726.50783
2017,05,12,5,726.76564
2017,05,12,6,727.50692
2017,05,12,7,728.2706
2017,05,13,0,728.60145
2017,05,13,1,728.75599
2017,05,13,2,728.7625
2017,05,13,3,728.39856
2017,05,13,4,728.51906
2017,05,13,5,728.60593
2017,05,13,6,728.07366
2017,05,13,7,727.47304
2017,05,14,0,727.0971
2017,05,14,1,726.8028
2017,05,14,2,726.33425
2017,05,14,3,725.8107
2017,05,14,4,725.56351
2017,05,14,5,725.55677
2017,05,14,6,725.78342
2017,05,14,7,726.12551
2017,05,15,0,726.47821
2017,05,15,1,726.58021
2017,05,15,2,726.87695
2017,05,15,3,727.01374
2017,05,15,4,726.9339
2017,05,15,5,726.72191
2017,05,15,6,726.76018
2017,05,15,7,726.65036
2017,05,16,0,726.18051
2017,05,16,1,725.34502
2017,05,16,2,724.61303
2017,05,16,3,723.88007
2017,05,16,4,723.17268
2017,05,16,5,722.25871
2017,05,16,6,720.89871
2017,05,16,7,719.77993
2017,05,17,0,718.36348
2017,05,17,1,716.74526
2017,05,17,2,715.85191
2017,05,17,3,714.97362
2017,05,17,4,714.3153
2017,05,17,5,714.10289
2017,05,17,6,714.18816
2017,05,17,7,714.71411
2017,05,18,0,715.34056
2017,05,18,1,715.75762
2017,05,18,2,716.11083
2017,05,18,3,716.41249
2017,05,18,4,717.03379
2017,05,18,5,717.41184
2017,05,18,6,717.51257
2017,05,18,7,717.36178
2017,05,19,0,717.43182
2017,05,19,1,717.1548
2017,05,19,2,717.05699
2017,05,19,3,717.32465
2017,05,19,4,717.63739
2017,05,19,5,718.2804
2017,05,19,6,719.18597
2017,05,19,7,720.02682
2017,05,20,0,720.93862
2017,05,20,1,721.59631
2017,05,20,2,722.23518
2017,05,20,3,722.70755
2017,05,20,4,722.78006
2017,05,20,5,722.45643
2017,05,20,6,722.62611
2017,05,20,7,722.70065
2017,05,21,0,722.26525
2017,05,21,1,721.66208
2017,05,21,2,721.54736
2017,05,21,3,721.50319
2017,05,21,4,721.38274
2017,05,21,5,721.32687
2017,05,21,6,721.47831
2017,05,21,7,721.91375
2017,05,22,0,722.34061
2017,05,22,1,722.72077
2017,05,22,2,723.85842
2017,05,22,3,724.87372
2017,05,22,4,724.61288
2017,05,22,5,724.48008
2017,05,22,6,725.37242
2017,05,22,7,725.95045
2017,05,23,0,726.80469
2017,05,23,1,726.77085
2017,05,23,2,726.42803
2017,05,23,3,726.15811
2017,05,23,4,725.07636
2017,05,23,5,724.45049
2017,05,23,6,724.20124
2017,05,23,7,724.04958
2017,05,24,0,723.94403
2017,05,24,1,723.3525
2017,05,24,2,722.77154
2017,05,24,3,722.67155
2017,05,24,4,722.82047
2017,05,24,5,722.76472
2017,05,24,6,722.95152
2017,05,24,7,723.27372
2017,05,25,0,723.17341
2017,05,25,1,723.07924
2017,05,25,2,722.62376
2017,05,25,3,722.22484
2017,05,25,4,722.33377
2017,05,25,5,722.43168
2017,05,25,6,722.05318
2017,05,25,7,721.79138
2017,05,26,0,721.33569
2017,05,26,1,720.50004
2017,05,26,2,720.29114
2017,05,26,3,720.42688
2017,05,26,4,720.40828
2017,05,26,5,720.47418
2017,05,26,6,720.77897
2017,05,26,7,721.36949
2017,05,27,0,721.59507
2017,05,27,1,721.62163
2017,05,27,2,721.66201
2017,05,27,3,721.67411
2017,05,27,4,721.65782
2017,05,27,5,721.50458
2017,05,27,6,721.55589
2017,05,27,7,721.59286
2017,05,28,0,721.37373
2017,05,28,1,720.95658
2017,05,28,2,720.48841
2017,05,28,3,720.05582
2017,05,28,4,719.70621
2017,05,28,5,719.44175
2017,05,28,6,719.88747
2017,05,28,7,720.61789
2017,05,29,0,721.0739
2017,05,29,1,721.33339
2017,05,29,2,721.45741
2017,05,29,3,721.69202
2017,05,29,4,722.27396
2017,05,29,5,722.76482
2017,05,29,6,723.15536
2017,05,29,7,723.88193
2017,05,30,0,724.46239
2017,05,30,1,724.79658
2017,05,30,2,725.36552
2017,05,30,3,725.86831
2017,05,30,4,725.65576
2017,05,30,5,725.09149
2017,05,30,6,724.81429
2017,05,30,7,724.62391
2017,05,31,0,724.05578
2017,05,31,1,722.96451
2017,05,31,2,721.91905
2017,05,31,3,721.45933
2017,05,31,4,721.12926
2017,05,31,5,721.06228
2017,05,31,6,720.78793
2017,05,31,7,720.73779
2018,05,1,0,721.1834
2018,05,1,1,721.31586
2018,05,1,2,721.52631
2018,05,1,3,721.89417
2018,05,1,4,722.23253
2018,05,1,5,722.40543
2018,05,1,6,722.8642
2018,05,1,7,723.51795
2018,05,2,0,723.85346
2018,05,2,1,724.00748
2018,05,2,2,724.00209
2018,05,2,3,724.1654
2018,05,2,4,724.25409
2018,05,2,5,723.89309
2018,05,2,6,724.08865
2018,05,2,7,724.59311
2018,05,3,0,724.67795
2018,05,3,1,724.60168
2018,05,3,2,724.85754
2018,05,3,3,724.68167
2018,05,3,4,724.51339
2018,05,3,5,723.92622
2018,05,3,6,722.7189
2018,05,3,7,721.69086
2018,05,4,0,720.58384
2018,05,4,1,719.39788
2018,05,4,2,718.69123
2018,05,4,3,718.76383
2018,05,4,4,718.88711
2018,05,4,5,719.51053
2018,05,4,6,721.21067
2018,05,4,7,722.70401
2018,05,5,0,723.64491
2018,05,5,1,724.22425
2018,05,5,2,724.3609
2018,05,5,3,724.50846
2018,05,5,4,724.49847
2018,05,5,5,724.2633
2018,05,5,6,724.29082
2018,05,5,7,724.87606
2018,05,6,0,725.05243
2018,05,6,1,724.19717
2018,05,6,2,723.51647
2018,05,6,3,723.09153
2018,05,6,4,722.74087
2018,05,6,5,722.20639
2018,05,6,6,721.54676
2018,05,6,7,721.28572
2018,05,7,0,721.10348
2018,05,7,1,721.17822
2018,05,7,2,721.82193
2018,05,7,3,722.52021
2018,05,7,4,723.50963
2018,05,7,5,724.67341
2018,05,7,6,726.03676
2018,05,7,7,727.36377
2018,05,8,0,728.39469
2018,05,8,1,729.00618
2018,05,8,2,729.65854
2018,05,8,3,730.12733
2018,05,8,4,730.26949
2018,05,8,5,730.19402
2018,05,8,6,730.24164
2018,05,8,7,730.42175
2018,05,9,0,730.3074
2018,05,9,1,729.84178
2018,05,9,2,729.4396
2018,05,9,3,728.79205
2018,05,9,4,728.03045
2018,05,9,5,727.43791
2018,05,9,6,727.13051
2018,05,9,7,726.81379
2018,05,10,0,726.41564
2018,05,10,1,725.63414
2018,05,10,2,724.98941
2018,05,10,3,724.28317
2018,05,10,4,723.71323
2018,05,10,5,723.15559
2018,05,10,6,722.5154
2018,05,10,7,721.99668
2018,05,11,0,721.89617
2018,05,11,1,721.47825
2018,05,11,2,721.25984
2018,05,11,3,721.31326
2018,05,11,4,721.62011
2018,05,11,5,721.89767
2018,05,11,6,722.3055
2018,05,11,7,723.1211
2018,05,12,0,723.84485
2018,05,12,1,723.97662
2018,05,12,2,724.3025
2018,05,12,3,724.27637
2018,05,12,4,724.36607
2018,05,12,5,724.28442
2018,05,12,6,724.13926
2018,05,12,7,724.20153
2018,05,13,0,724.40169
2018,05,13,1,724.17496
2018,05,13,2,723.87983
2018,05,13,3,723.37571
2018,05,13,4,722.14297
2018,05,13,5,720.48802
2018,05,13,6,719.42235
2018,05,13,7,718.42333
2018,05,14,0,717.72603
2018,05,14,1,717.17931
2018,05,14,2,716.98327
2018,05,14,3,717.21834
2018,05,14,4,717.23661
2018,05,14,5,716.58754
2018,05,14,6,716.18464
2018,05,14,7,715.98349
2018,05,15,0,715.20242
2018,05,15,1,714.049
2018,05,15,2,713.21233
2018,05,15,3,712.32148
2018,05,15,4,711.85067
2018,05,15,5,711.24951
2018,05,15,6,711.05236
2018,05,15,7,711.52188
2018,05,16,0,712.08333
2018,05,16,1,712.49657
2018,05,16,2,713.13196
2018,05,16,3,713.77415
2018,05,16,4,713.97996
2018,05,16,5,714.16363
2018,05,16,6,714.65094
2018,05,16,7,715.17092
2018,05,17,0,715.37092
2018,05,17,1,715.22792
2018,05,17,2,715.25798
2018,05,17,3,715.07853
2018,05,17,4,714.68441
2018,05,17,5,714.5258
2018,05,17,6,714.29965
2018,05,17,7,714.078
2018,05,18,0,714.32232
2018,05,18,1,714.52075
2018,05,18,2,714.52461
2018,05,18,3,714.61553
2018,05,18,4,714.48064
2018,05,18,5,714.14889
2018,05,18,6,714.73809
2018,05,18,7,715.70544
2018,05,19,0,715.95212
2018,05,19,1,716.41605
2018,05,19,2,717.04455
2018,05,19,3,717.50285
2018,05,19,4,718.03613
2018,05,19,5,718.40361
2018,05,19,6,719.05509
2018,05,19,7,719.6818
2018,05,20,0,719.46085
2018,05,20,1,719.03672
2018,05,20,2,718.72629
2018,05,20,3,718.27952
2018,05,20,4,718.13704
2018,05,20,5,718.10762
2018,05,20,6,717.95278
2018,05,20,7,717.89294
2018,05,21,0,718.25063
2018,05,21,1,718.49928
2018,05,21,2,718.41448
2018,05,21,3,718.27704
2018,05,21,4,718.63961
2018,05,21,5,719.58986
2018,05,21,6,720.29198
2018,05,21,7,720.7798
2018,05,22,0,721.24603
2018,05,22,1,721.47697
2018,05,22,2,721.61818
2018,05,22,3,721.30521
2018,05,22,4,720.94307
2018,05,22,5,720.59863
2018,05,22,6,720.47715
2018,05,22,7,720.57283
2018,05,23,0,720.48762
2018,05,23,1,720.08134
2018,05,23,2,719.77421
2018,05,23,3,719.36519
2018,05,23,4,719.22455
2018,05,23,5,719.44168
2018,05,23,6,719.21346
2018,05,23,7,718.84965
2018,05,24,0,718.85622
2018,05,24,1,718.77669
2018,05,24,2,719.10724
2018,05,24,3,719.5321
2018,05,24,4,719.83867
2018,05,24,5,720.14216
2018,05,24,6,720.54079
2018,05,24,7,721.19217
2018,05,25,0,721.87227
2018,05,25,1,722.13243
2018,05,25,2,722.65886
2018,05,25,3,723.20134
2018,05,25,4,723.57823
2018,05,25,5,723.71439
2018,05,25,6,723.79654
2018,05,25,7,723.88475
2018,05,26,0,723.79004
2018,05,26,1,723.22309
2018,05,26,2,722.70213
2018,05,26,3,722.28003
2018,05,26,4,721.87144
2018,05,26,5,721.41442
2018,05,26,6,721.50055
2018,05,26,7,721.84416
2018,05,27,0,722.57006
2018,05,27,1,722.92565
2018,05,27,2,723.43208
2018,05,27,3,724.00514
2018,05,27,4,724.83969
2018,05,27,5,725.32135
2018,05,27,6,725.84987
2018,05,27,7,726.32227
2018,05,28,0,726.63414
2018,05,28,1,726.55401
2018,05,28,2,726.56948
2018,05,28,3,726.40617
2018,05,28,4,725.93948
2018,05,28,5,725.05333
2018,05,28,6,724.59219
2018,05,28,7,724.16294
2018,05,29,0,723.5244
2018,05,29,1,722.3627
2018,05,29,2,721.54674
2018,05,29,3,720.7723
2018,05,29,4,720.40393
2018,05,29,5,719.94453
2018,05,29,6,719.43327
2018,05,29,7,719.31465
2018,05,30,0,719.35453
2018,05,30,1,718.91123
2018,05,30,2,718.95309
2018,05,30,3,719.05145
2018,05,30,4,719.20779
2018,05,30,5,719.12554
2018,05,30,6,719.55759
2018,05,30,7,720.15719
2018,05,31,0,720.43152
2018,05,31,1,720.34125
2018,05,31,2,721.11374
2018,05,31,3,721.52378
2018,05,31,4,721.56124
2018,05,31,5,721.54786
2018,05,31,6,721.75943
2018,05,31,7,721.88991
2018,05,1,0,722.03144
2018,05,1,1,721.91309
2018,05,1,2,721.96915
2018,05,1,3,721.91335
2018,05,1,4,721.96936
2018,05,1,5,722.05829
2018,05,1,6,721.9551
2018,05,1,7,721.97056
2018,05,2,0,721.84489
2018,05,2,1,721.66468
2018,05,2,2,721.79483
2018,05,2,3,721.91794
2018,05,2,4,721.87699
2018,05,2,5,721.66037
2018,05,2,6,721.88251
2018,05,2,7,721.92316
2018,05,3,0,721.84807
2018,05,3,1,721.92604
2018,05,3,2,721.87513
2018,05,3,3,721.69347
2018,05,3,4,721.64207
2018,05,3,5,721.51462
2018,05,3,6,721.48875
2018,05,3,7,721.66307
2018,05,4,0,721.64548
2018,05,4,1,721.58101
2018,05,4,2,721.85134
2018,05,4,3,721.88244
2018,05,4,4,722.36351
2018,05,4,5,722.70352
2018,05,4,6,722.97783
2018,05,4,7,723.32678
2018,05,5,0,723.39414
2018,05,5,1,722.96041
2018,05,5,2,722.24314
2018,05,5,3,721.20356
2018,05,5,4,720.32777
2018,05,5,5,719.6069
2018,05,5,6,718.55127
2018,05,5,7,717.69328
2018,05,6,0,717.74531
2018,05,6,1,717.46672
2018,05,6,2,717.3924
2018,05,6,3,717.54669
2018,05,6,4,717.77012
2018,05,6,5,718.36978
2018,05,6,6,719.55573
2018,05,6,7,720.52124
2018,05,7,0,721.15548
2018,05,7,1,721.11718
2018,05,7,2,721.28415
2018,05,7,3,721.2077
2018,05,7,4,721.34754
2018,05,7,5,720.52163
2018,05,7,6,719.52085
2018,05,7,7,718.55659
2018,05,8,0,717.80943
2018,05,8,1,716.31152
2018,05,8,2,714.49597
2018,05,8,3,713.16339
2018,05,8,4,712.40739
2018,05,8,5,711.94086
2018,05,8,6,711.23572
2018,05,8,7,710.73289
2018,05,9,0,710.43563
2018,05,9,1,710.06769
2018,05,9,2,710.27077
2018,05,9,3,710.74058
2018,05,9,4,711.16122
2018,05,9,5,711.17801
2018,05,9,6,711.75322
2018,05,9,7,712.52924
2018,05,10,0,713.35884
2018,05,10,1,713.94207
2018,05,10,2,714.50641
2018,05,10,3,715.1385
2018,05,10,4,715.85649
2018,05,10,5,716.10459
2018,05,10,6,716.74719
2018,05,10,7,717.4183
2018,05,11,0,718.30662
2018,05,11,1,718.65378
2018,05,11,2,718.79741
2018,05,11,3,718.91964
2018,05,11,4,718.7478
2018,05,11,5,718.06699
2018,05,11,6,717.58149
2018,05,11,7,716.87738
2018,05,12,0,715.97903
2018,05,12,1,714.89761
2018,05,12,2,713.96796
2018,05,12,3,712.75241
2018,05,12,4,711.629
2018,05,12,5,710.7301
2018,05,12,6,710.43813
2018,05,12,7,709.86656
2018,05,13,0,709.46671
2018,05,13,1,709.16013
2018,05,13,2,709.53946
2018,05,13,3,709.75544
2018,05,13,4,709.95884
2018,05,13,5,710.52673
2018,05,13,6,711.15807
2018,05,13,7,711.99908
2018,05,14,0,712.73866
2018,05,14,1,713.39481
2018,05,14,2,714.66734
2018,05,14,3,715.72986
2018,05,14,4,715.31838
2018,05,14,5,714.38881
2018,05,14,6,714.34165
2018,05,14,7,714.32007
2018,05,15,0,714.68043
2018,05,15,1,714.7783
2018,05,15,2,715.13816
2018,05,15,3,714.90612
2018,05,15,4,713.76253
2018,05,15,5,712.57196
2018,05,15,6,712.00489
2018,05,15,7,711.87656
2018,05,16,0,711.90828
2018,05,16,1,711.88746
2018,05,16,2,712.4245
2018,05,16,3,713.32259
2018,05,16,4,713.57316
2018,05,16,5,714.1327
2018,05,16,6,715.71413
2018,05,16,7,717.37057
2018,05,17,0,717.77368
2018,05,17,1,718.1096
2018,05,17,2,718.54563
2018,05,17,3,718.51734
2018,05,17,4,718.63781
2018,05,17,5,718.57541
2018,05,17,6,718.42602
2018,05,17,7,718.23046
2018,05,18,0,718.32567
2018,05,18,1,718.36568
2018,05,18,2,717.26992
2018,05,18,3,716.25265
2018,05,18,4,715.74397
2018,05,18,5,715.09577
2018,05,18,6,714.35832
2018,05,18,7,713.78716
2018,05,19,0,713.56874
2018,05,19,1,713.39499
2018,05,19,2,712.4272
2018,05,19,3,711.32955
2018,05,19,4,710.44534
2018,05,19,5,709.8335
2018,05,19,6,709.59006
2018,05,19,7,709.74592
2018,05,20,0,710.73352
2018,05,20,1,711.36996
2018,05,20,2,712.26448
2018,05,20,3,713.35522
2018,05,20,4,714.1717
2018,05,20,5,714.73149
2018,05,20,6,714.93932
2018,05,20,7,715.31773
2018,05,21,0,715.68106
2018,05,21,1,715.51438
2018,05,21,2,715.49583
2018,05,21,3,715.68745
2018,05,21,4,715.72507
2018,05,21,5,715.73397
2018,05,21,6,715.78196
2018,05,21,7,716.03228
2018,05,22,0,716.58023
2018,05,22,1,717.1628
2018,05,22,2,718.11283
2018,05,22,3,719.17522
2018,05,22,4,720.05388
2018,05,22,5,720.76532
2018,05,22,6,721.06266
2018,05,22,7,721.61912
2018,05,23,0,721.94574
2018,05,23,1,721.66919
2018,05,23,2,721.34431
2018,05,23,3,721.07448
2018,05,23,4,720.6578
2018,05,23,5,719.87939
2018,05,23,6,719.15316
2018,05,23,7,718.40103
2018,05,24,0,717.18887
2018,05,24,1,716.00417
2018,05,24,2,714.92156
2018,05,24,3,713.34066
2018,05,24,4,712.88183
2018,05,24,5,712.65566
2018,05,24,6,711.99688
2018,05,24,7,711.53992
2018,05,25,0,711.6148
2018,05,25,1,711.43561
2018,05,25,2,711.32787
2018,05,25,3,711.31895
2018,05,25,4,711.35605
2018,05,25,5,711.61082
2018,05,25,6,711.59303
2018,05,25,7,711.91276
2018,05,26,0,712.26991
2018,05,26,1,712.09769
2018,05,26,2,712.47064
2018,05,26,3,712.84143
2018,05,26,4,712.94295
2018,05,26,5,713.24383
2018,05,26,6,713.77638
2018,05,26,7,714.34965
2018,05,27,0,714.93255
2018,05,27,1,715.08297
2018,05,27,2,714.94487
2018,05,27,3,715.03798
2018,05,27,4,715.17394
2018,05,27,5,715.00556
2018,05,27,6,715.29974
2018,05,27,7,715.72138
2018,05,28,0,715.61146
2018,05,28,1,714.87062
2018,05,28,2,714.56561
2018,05,28,3,714.36931
2018,05,28,4,713.86052
2018,05,28,5,713.19865
2018,05,28,6,712.55789
2018,05,28,7,712.34839
2018,05,1,0,712.28931
2018,05,1,1,711.71512
2018,05,1,2,711.43068
2018,05,1,3,711.38108
2018,05,1,4,711.85268
2018,05,1,5,712.22801
2018,05,1,6,712.39139
2018,05,1,7,712.52927
2018,05,2,0,712.75324
2018,05,2,1,712.70771
2018,05,2,2,712.87982
2018,05,2,3,713.2108
2018,05,2,4,713.82858
2018,05,2,5,714.41296
2018,05,2,6,714.72292
2018,05,2,7,715.13935
2018,05,3,0,715.65611
2018,05,3,1,715.91516
2018,05,3,2,716.56109
2018,05,3,3,717.14785
2018,05,3,4,717.50849
2018,05,3,5,717.86585
2018,05,3,6,718.31189
2018,05,3,7,718.7426
2018,05,4,0,719.27494
2018,05,4,1,719.09296
2018,05,4,2,719.28316
2018,05,4,3,719.59736
2018,05,4,4,719.69131
2018,05,4,5,719.47135
2018,05,4,6,719.03505
2018,05,4,7,718.61427
2018,05,5,0,717.88311
2018,05,5,1,716.95955
2018,05,5,2,716.26582
2018,05,5,3,715.58304
2018,05,5,4,714.49184
2018,05,5,5,713.16352
2018,05,5,6,712.24489
2018,05,5,7,711.28793
2018,05,6,0,710.58911
2018,05,6,1,709.63115
2018,05,6,2,709.3138
2018,05,6,3,709.10751
2018,05,6,4,708.94284
2018,05,6,5,708.81131
2018,05,6,6,708.77408
2018,05,6,7,709.41678
2018,05,7,0,709.56259
2018,05,7,1,709.74608
2018,05,7,2,710.90825
2018,05,7,3,711.99219
2018,05,7,4,712.74406
2018,05,7,5,713.03524
2018,05,7,6,713.28516
2018,05,7,7,713.6469
2018,05,8,0,714.09987
2018,05,8,1,713.98606
2018,05,8,2,714.16365
2018,05,8,3,714.68858
2018,05,8,4,715.47169
2018,05,8,5,716.04861
2018,05,8,6,716.34199
2018,05,8,7,716.60066
2018,05,9,0,716.87623
2018,05,9,1,716.90392
2018,05,9,2,717.09845
2018,05,9,3,717.02032
2018,05,9,4,716.75374
2018,05,9,5,716.68306
2018,05,9,6,716.69751
2018,05,9,7,717.05139
2018,05,10,0,717.68778
2018,05,10,1,718.33828
2018,05,10,2,718.93097
2018,05,10,3,719.61056
2018,05,10,4,720.63201
2018,05,10,5,721.75807
2018,05,10,6,722.64891
2018,05,10,7,723.64559
2018,05,11,0,724.99363
2018,05,11,1,725.92699
2018,05,11,2,727.04105
2018,05,11,3,728.00714
2018,05,11,4,728.25752
2018,05,11,5,728.66253
2018,05,11,6,728.69783
2018,05,11,7,728.54275
2018,05,12,0,728.89797
2018,05,12,1,728.70853
2018,05,12,2,728.18803
2018,05,12,3,727.6569
2018,05,12,4,727.14058
2018,05,12,5,726.63218
2018,05,12,6,726.09932
2018,05,12,7,725.61823
2018,05,13,0,725.41893
2018,05,13,1,724.94057
2018,05,13,2,724.57662
2018,05,13,3,723.97127
2018,05,13,4,723.30234
2018,05,13,5,722.53716
2018,05,13,6,721.96671
2018,05,13,7,721.41426
2018,05,14,0,720.89671
2018,05,14,1,720.2788
2018,05,14,2,719.99451
2018,05,14,3,719.74591
2018,05,14,4,719.39566
2018,05,14,5,718.98711
2018,05,14,6,718.7253
2018,05,14,7,718.63516
2018,05,15,0,718.76923
2018,05,15,1,718.53837
2018,05,15,2,717.72894
2018,05,15,3,716.78618
2018,05,15,4,716.14528
2018,05,15,5,715.40856
2018,05,15,6,714.67523
2018,05,15,7,714.34676
2018,05,16,0,713.94412
2018,05,16,1,713.52891
2018,05,16,2,714.10495
2018,05,16,3,714.63468
2018,05,16,4,715.05615
2018,05,16,5,715.51795
2018,05,16,6,716.36323
2018,05,16,7,717.0461
2018,05,17,0,717.27223
2018,05,17,1,717.07993
2018,05,17,2,716.60491
2018,05,17,3,716.47018
2018,05,17,4,715.84254
2018,05,17,5,715.34001
2018,05,17,6,714.4693
2018,05,17,7,713.95162
2018,05,18,0,714.2908
2018,05,18,1,714.37957
2018,05,18,2,715.11043
2018,05,18,3,715.77658
2018,05,18,4,716.22021
2018,05,18,5,716.63197
2018,05,18,6,717.28261
2018,05,18,7,717.81655
2018,05,19,0,718.86985
2018,05,19,1,719.77894
2018,05,19,2,720.16487
2018,05,19,3,720.17425
2018,05,19,4,720.592
2018,05,19,5,720.22951
2018,05,19,6,719.78756
2018,05,19,7,719.2455
2018,05,20,0,718.70099
2018,05,20,1,717.94198
2018,05,20,2,717.1756
2018,05,20,3,716.36567
2018,05,20,4,715.5141
2018,05,20,5,714.53774
2018,05,20,6,713.49715
2018,05,20,7,712.60554
2018,05,21,0,712.43542
2018,05,21,1,712.37744
2018,05,21,2,713.13053
2018,05,21,3,713.94467
2018,05,21,4,714.66911
2018,05,21,5,715.34659
2018,05,21,6,716.2713
2018,05,21,7,717.21189
2018,05,22,0,717.85451
2018,05,22,1,717.6732
2018,05,22,2,717.66233
2018,05,22,3,717.63156
2018,05,22,4,717.60008
2018,05,22,5,717.53426
2018,05,22,6,717.46443
2018,05,22,7,717.64139
2018,05,23,0,719.26057
2018,05,23,1,720.94148
2018,05,23,2,723.24249
2018,05,23,3,725.34095
2018,05,23,4,727.22146
2018,05,23,5,727.7524
2018,05,23,6,728.05783
2018,05,23,7,727.45919
2018,05,24,0,727.64667
2018,05,24,1,728.01321
2018,05,24,2,728.45027
2018,05,24,3,729.12566
2018,05,24,4,729.74857
2018,05,24,5,730.01251
2018,05,24,6,729.17175
2018,05,24,7,727.72736
2018,05,25,0,725.90787
2018,05,25,1,723.26546
2018,05,25,2,721.98326
2018,05,25,3,722.51889
2018,05,25,4,722.00769
2018,05,25,5,721.54595
2018,05,25,6,721.6549
2018,05,25,7,721.80083
2018,05,26,0,721.98233
2018,05,26,1,722.61762
2018,05,26,2,722.93192
2018,05,26,3,723.29976
2018,05,26,4,723.80788
2018,05,26,5,724.41522
2018,05,26,6,724.81731
2018,05,26,7,725.2284
2018,05,27,0,725.65833
2018,05,27,1,725.59602
2018,05,27,2,725.80073
2018,05,27,3,726.55779
2018,05,27,4,727.00261
2018,05,27,5,727.49583
2018,05,27,6,727.96598
2018,05,27,7,728.45953
2018,05,28,0,728.84013
2018,05,28,1,728.50361
2018,05,28,2,728.62637
2018,05,28,3,728.84852
2018,05,28,4,728.94473
2018,05,28,5,729.14168
2018,05,28,6,729.7892
2018,05,28,7,730.0655
2018,05,29,0,730.48743
2018,05,29,1,730.66193
2018,05,29,2,730.6116
2018,05,29,3,730.40492
2018,05,29,4,730.44202
2018,05,29,5,730.45363
2018,05,29,6,730.59758
2018,05,29,7,730.79825
2018,05,30,0,730.60866
2018,05,30,1,730.32179
2018,05,30,2,730.32744
2018,05,30,3,730.17316
2018,05,30,4,730.35686
2018,05,30,5,740.6267
2018,05,30,6,740.70714
2018,05,30,7,740.74858
2018,05,31,0,740.79569
2018,05,31,1,740.2815
2018,05,31,2,729.89148
2018,05,31,3,729.88311
2018,05,31,4,729.24125
2018,05,31,5,728.65698
2018,05,31,6,728.2803
2018,05,31,7,727.83345
2018,05,1,0,727.82332
2018,05,1,1,727.48658
2018,05,1,2,727.0285
2018,05,1,3,726.95834
2018,05,1,4,726.96049
2018,05,1,5,726.85992
2018,05,1,6,726.79255
2018,05,1,7,726.89413
2018,05,2,0,726.90556
2018,05,2,1,726.66113
2018,05,2,2,726.4712
2018,05,2,3,726.34367
2018,05,2,4,726.21357
2018,05,2,5,725.83759
2018,05,2,6,725.18211
2018,05,2,7,724.71017
2018,05,3,0,724.29735
2018,05,3,1,723.66435
2018,05,3,2,722.93494
2018,05,3,3,722.60971
2018,05,3,4,722.05752
2018,05,3,5,721.82743
2018,05,3,6,721.77402
2018,05,3,7,721.74216
2018,05,4,0,721.55934
2018,05,4,1,721.20996
2018,05,4,2,721.75162
2018,05,4,3,722.28797
2018,05,4,4,722.61685
2018,05,4,5,722.99263
2018,05,4,6,723.18663
2018,05,4,7,723.4733
2018,05,5,0,723.78056
2018,05,5,1,723.40033
2018,05,5,2,723.59024
2018,05,5,3,723.89106
2018,05,5,4,724.0455
2018,05,5,5,724.23523
2018,05,5,6,724.04048
2018,05,5,7,723.8234
2018,05,6,0,723.67253
2018,05,6,1,723.21949
2018,05,6,2,722.88595
2018,05,6,3,722.69029
2018,05,6,4,722.70878
2018,05,6,5,722.81742
2018,05,6,6,722.84015
2018,05,6,7,723.05612
2018,05,7,0,723.25184
2018,05,7,1,723.17906
2018,05,7,2,723.73748
2018,05,7,3,724.45376
2018,05,7,4,724.50777
2018,05,7,5,724.22729
2018,05,7,6,724.25734
2018,05,7,7,724.36621
2018,05,8,0,723.72412
2018,05,8,1,722.93585
2018,05,8,2,722.68602
2018,05,8,3,722.37182
2018,05,8,4,721.60051
2018,05,8,5,720.88256
2018,05,8,6,720.43613
2018,05,8,7,720.24642
2018,05,9,0,719.48933
2018,05,9,1,718.67943
2018,05,9,2,718.77574
2018,05,9,3,718.81756
2018,05,9,4,718.54842
2018,05,9,5,718.21778
2018,05,9,6,717.77687
2018,05,9,7,717.38061
2018,05,10,0,716.97512
2018,05,10,1,716.58962
2018,05,10,2,716.74525
2018,05,10,3,717.00311
2018,05,10,4,717.11977
2018,05,10,5,717.46163
2018,05,10,6,717.43684
2018,05,10,7,717.47918
2018,05,11,0,717.49667
2018,05,11,1,716.96604
2018,05,11,2,717.05509
2018,05,11,3,717.14607
2018,05,11,4,716.89357
2018,05,11,5,716.80731
2018,05,11,6,716.30809
2018,05,11,7,715.76225
2018,05,12,0,714.99595
2018,05,12,1,714.002
2018,05,12,2,713.23817
2018,05,12,3,712.34926
2018,05,12,4,710.87336
2018,05,12,5,709.35632
2018,05,12,6,708.55675
2018,05,12,7,708.2593
2018,05,13,0,708.28721
2018,05,13,1,708.13841
2018,05,13,2,708.26496
2018,05,13,3,708.9552
2018,05,13,4,709.44187
2018,05,13,5,709.91349
2018,05,13,6,710.11805
2018,05,13,7,710.64421
2018,05,14,0,711.67281
2018,05,14,1,712.36001
2018,05,14,2,713.44847
2018,05,14,3,714.24751
2018,05,14,4,715.13838
2018,05,14,5,715.24582
2018,05,14,6,715.66943
2018,05,14,7,716.17727
2018,05,15,0,716.55488
2018,05,15,1,717.07119
2018,05,15,2,717.24557
2018,05,15,3,717.22135
2018,05,15,4,717.93876
2018,05,15,5,718.5714
2018,05,15,6,718.84598
2018,05,15,7,719.13226
2018,05,16,0,719.80182
2018,05,16,1,720.19794
2018,05,16,2,720.54421
2018,05,16,3,720.98284
2018,05,16,4,721.01289
2018,05,16,5,721.06977
2018,05,16,6,720.59291
2018,05,16,7,720.32454
2018,05,17,0,719.99875
2018,05,17,1,719.48444
2018,05,17,2,718.9129
2018,05,17,3,718.27071
2018,05,17,4,716.77058
2018,05,17,5,715.05956
2018,05,17,6,713.84392
2018,05,17,7,712.99203
2018,05,18,0,712.53855
2018,05,18,1,712.69751
2018,05,18,2,713.16748
2018,05,18,3,714.30319
2018,05,18,4,715.56561
2018,05,18,5,716.91083
2018,05,18,6,718.09108
2018,05,18,7,719.29016
2018,05,19,0,720.59426
2018,05,19,1,721.28377
2018,05,19,2,721.94922
2018,05,19,3,722.26645
2018,05,19,4,722.27368
2018,05,19,5,722.10209
2018,05,19,6,721.42045
2018,05,19,7,721.01794
2018,05,20,0,720.79867
2018,05,20,1,720.22383
2018,05,20,2,719.82694
2018,05,20,3,719.47523
2018,05,20,4,718.85652
2018,05,20,5,718.28434
2018,05,20,6,717.92041
2018,05,20,7,717.7727
2018,05,21,0,717.34703
2018,05,21,1,716.84095
2018,05,21,2,716.67437
2018,05,21,3,716.40576
2018,05,21,4,715.84586
2018,05,21,5,715.3131
2018,05,21,6,715.09167
2018,05,21,7,715.04138
2018,05,22,0,715.41175
2018,05,22,1,715.5904
2018,05,22,2,715.62252
2018,05,22,3,715.90253
2018,05,22,4,716.30158
2018,05,22,5,716.62977
2018,05,22,6,716.55856
2018,05,22,7,716.51324
2018,05,23,0,716.91543
2018,05,23,1,716.87489
2018,05,23,2,716.69211
2018,05,23,3,716.65197
2018,05,23,4,716.47391
2018,05,23,5,716.24955
2018,05,23,6,716.15104
2018,05,23,7,716.43704
2018,05,24,0,716.41658
2018,05,24,1,716.09144
2018,05,24,2,715.9397
2018,05,24,3,715.63548
2018,05,24,4,715.3651
2018,05,24,5,715.1177
2018,05,24,6,714.30927
2018,05,24,7,713.7687
2018,05,25,0,713.4864
2018,05,25,1,713.00348
2018,05,25,2,713.25534
2018,05,25,3,713.9678
2018,05,25,4,714.3214
2018,05,25,5,714.82025
2018,05,25,6,715.18874
2018,05,25,7,715.38074
2018,05,26,0,715.82237
2018,05,26,1,715.42867
2018,05,26,2,715.15089
2018,05,26,3,715.40357
2018,05,26,4,715.03333
2018,05,26,5,714.29085
2018,05,26,6,713.51868
2018,05,26,7,713.22102
2018,05,27,0,713.37998
2018,05,27,1,713.16334
2018,05,27,2,713.09288
2018,05,27,3,712.9825
2018,05,27,4,712.50315
2018,05,27,5,712.15194
2018,05,27,6,712.00885
2018,05,27,7,712.00385
2018,05,28,0,712.04026
2018,05,28,1,711.72808
2018,05,28,2,711.46075
2018,05,28,3,711.24582
2018,05,28,4,710.86612
2018,05,28,5,710.48696
2018,05,28,6,710.39572
2018,05,28,7,710.66406
2018,05,29,0,710.35202
2018,05,29,1,710.18242
2018,05,29,2,710.83845
2018,05,29,3,711.19143
2018,05,29,4,711.61044
2018,05,29,5,712.23926
2018,05,29,6,712.40911
2018,05,29,7,712.22796
2018,05,30,0,712.84469
2018,05,30,1,713.16174
2018,05,30,2,713.49424
2018,05,30,3,713.59115
2018,05,30,4,713.62405
2018,05,30,5,713.31292
2018,05,30,6,712.66664
2018,05,30,7,712.1537
2018,05,1,0,711.92297
2018,05,1,1,711.16587
2018,05,1,2,710.04231
2018,05,1,3,709.12514
2018,05,1,4,708.29594
2018,05,1,5,707.38712
2018,05,1,6,706.60081
2018,05,1,7,706.19468
2018,05,2,0,706.38524
2018,05,2,1,706.37347
2018,05,2,2,706.65071
2018,05,2,3,707.36996
2018,05,2,4,708.22598
2018,05,2,5,709.23064
2018,05,2,6,710.28565
2018,05,2,7,711.17923
2018,05,3,0,712.05922
2018,05,3,1,712.83763
2018,05,3,2,713.11907
2018,05,3,3,713.38199
2018,05,3,4,714.34404
2018,05,3,5,715.18093
2018,05,3,6,715.83462
2018,05,3,7,716.20572
2018,05,4,0,716.20832
2018,05,4,1,715.87552
2018,05,4,2,715.76043
2018,05,4,3,715.39755
2018,05,4,4,715.04292
2018,05,4,5,714.80968
2018,05,4,6,714.40437
2018,05,4,7,714.26703
2018,05,5,0,714.10737
2018,05,5,1,713.98037
2018,05,5,2,714.06668
2018,05,5,3,714.01677
2018,05,5,4,713.70425
2018,05,5,5,712.89567
2018,05,5,6,712.20244
2018,05,5,7,712.10099
2018,05,6,0,711.57203
2018,05,6,1,710.39658
2018,05,6,2,710.09251
2018,05,6,3,711.0048
2018,05,6,4,710.65396
2018,05,6,5,709.24016
2018,05,6,6,707.87925
2018,05,6,7,707.05355
2018,05,7,0,707.13334
2018,05,7,1,707.1751
2018,05,7,2,707.69777
2018,05,7,3,709.13084
2018,05,7,4,711.2455
2018,05,7,5,712.66733
2018,05,7,6,714.63289
2018,05,7,7,716.29173
2018,05,8,0,716.2899
2018,05,8,1,715.41373
2018,05,8,2,715.39709
2018,05,8,3,715.9569
2018,05,8,4,715.98935
2018,05,8,5,715.63905
2018,05,8,6,715.93674
2018,05,8,7,716.28961
2018,05,9,0,716.44739
2018,05,9,1,715.42003
2018,05,9,2,713.01413
2018,05,9,3,709.79333
2018,05,9,4,706.90801
2018,05,9,5,706.02378
2018,05,9,6,706.99494
2018,05,9,7,708.808
2018,05,10,0,710.7149
2018,05,10,1,711.95256
2018,05,10,2,713.3866
2018,05,10,3,714.21726
2018,05,10,4,714.13015
2018,05,10,5,713.98531
2018,05,10,6,714.27555
2018,05,10,7,715.07849
2018,05,11,0,716.07983
2018,05,11,1,717.25141
2018,05,11,2,719.18812
2018,05,11,3,721.05867
2018,05,11,4,722.07236
2018,05,11,5,722.60983
2018,05,11,6,722.59623
2018,05,11,7,722.74724
2018,05,12,0,723.22134
2018,05,12,1,723.16767
2018,05,12,2,723.13141
2018,05,12,3,723.25354
2018,05,12,4,723.49394
2018,05,12,5,723.35371
2018,05,12,6,723.44175
2018,05,12,7,723.73179
2018,05,13,0,723.67264
2018,05,13,1,723.03204
2018,05,13,2,723.34323
2018,05,13,3,723.56234
2018,05,13,4,723.87306
2018,05,13,5,723.94419
2018,05,13,6,723.51584
2018,05,13,7,722.88672
2018,05,14,0,721.63153
2018,05,14,1,720.12061
2018,05,14,2,719.72983
2018,05,14,3,720.43491
2018,05,14,4,720.67974
2018,05,14,5,720.38965
2018,05,14,6,719.80424
2018,05,14,7,719.08071
2018,05,15,0,718.69373
2018,05,15,1,718.13623
2018,05,15,2,718.3836
2018,05,15,3,719.62336
2018,05,15,4,720.64707
2018,05,15,5,721.69916
2018,05,15,6,722.71987
2018,05,15,7,723.70734
2018,05,16,0,723.87415
2018,05,16,1,722.88869
2018,05,16,2,722.50889
2018,05,16,3,722.28567
2018,05,16,4,721.99909
2018,05,16,5,721.36682
2018,05,16,6,720.5008
2018,05,16,7,719.50346
2018,05,17,0,719.39078
2018,05,17,1,719.57283
2018,05,17,2,719.55047
2018,05,17,3,719.28815
2018,05,17,4,719.31706
2018,05,17,5,718.83831
2018,05,17,6,718.36383
2018,05,17,7,717.66141
2018,05,18,0,717.72732
2018,05,18,1,717.30153
2018,05,18,2,716.63512
2018,05,18,3,716.39922
2018,05,18,4,716.24114
2018,05,18,5,715.59761
2018,05,18,6,715.09161
2018,05,18,7,714.76707
2018,05,19,0,714.47238
2018,05,19,1,714.20446
2018,05,19,2,714.28272
2018,05,19,3,714.68452
2018,05,19,4,714.84687
2018,05,19,5,715.25954
2018,05,19,6,716.65458
2018,05,19,7,717.32122
2018,05,20,0,717.87006
2018,05,20,1,717.67327
2018,05,20,2,718.29907
2018,05,20,3,719.79633
2018,05,20,4,720.91585
2018,05,20,5,721.8152
2018,05,20,6,722.47992
2018,05,20,7,722.63913
2018,05,21,0,723.02635
2018,05,21,1,722.72126
2018,05,21,2,723.27156
2018,05,21,3,724.09043
2018,05,21,4,723.92389
2018,05,21,5,723.57287
2018,05,21,6,723.67926
2018,05,21,7,723.19973
2018,05,22,0,723.12384
2018,05,22,1,723.3106
2018,05,22,2,723.48823
2018,05,22,3,723.7222
2018,05,22,4,724.41879
2018,05,22,5,724.74042
2018,05,22,6,724.02377
2018,05,22,7,723.24541
2018,05,23,0,722.8313
2018,05,23,1,721.5834
2018,05,23,2,720.84617
2018,05,23,3,719.9147
2018,05,23,4,718.92729
2018,05,23,5,717.53851
2018,05,23,6,716.28579
2018,05,23,7,716.18182
2018,05,24,0,715.44393
2018,05,24,1,715.00445
2018,05,24,2,715.52285
2018,05,24,3,716.02055
2018,05,24,4,715.98729
2018,05,24,5,715.86057
2018,05,24,6,715.79452
2018,05,24,7,715.18488
2018,05,25,0,714.3252
2018,05,25,1,713.62384
2018,05,25,2,713.23307
2018,05,25,3,712.93769
2018,05,25,4,712.20214
2018,05,25,5,711.60721
2018,05,25,6,710.89423
2018,05,25,7,710.5179
2018,05,26,0,710.45246
2018,05,26,1,710.16319
2018,05,26,2,710.39179
2018,05,26,3,711.08508
2018,05,26,4,711.77947
2018,05,26,5,712.7985
2018,05,26,6,713.93761
2018,05,26,7,714.63699
2018,05,27,0,715.87887
2018,05,27,1,716.52564
2018,05,27,2,716.97478
2018,05,27,3,717.53179
2018,05,27,4,717.44259
2018,05,27,5,717.12914
2018,05,27,6,716.81845
2018,05,27,7,716.91722
2018,05,28,0,717.2111
2018,05,28,1,716.73711
2018,05,28,2,716.97987
2018,05,28,3,717.33714
2018,05,28,4,717.72704
2018,05,28,5,717.83054
2018,05,28,6,717.21871
2018,05,28,7,716.23233
2018,05,29,0,715.72243
2018,05,29,1,715.4046
2018,05,29,2,714.96954
2018,05,29,3,716.44837
2018,05,29,4,718.54516
2018,05,29,5,720.02521
2018,05,29,6,721.3619
2018,05,29,7,721.81653
2018,05,30,0,721.3825
2018,05,30,1,720.6881
2018,05,30,2,721.13415
2018,05,30,3,721.50861
2018,05,30,4,721.69407
2018,05,30,5,722.02405
2018,05,30,6,722.43699
2018,05,30,7,722.56952
2018,05,31,0,723.29909
2018,05,31,1,723.94616
2018,05,31,2,724.76022
2018,05,31,3,725.50016
2018,05,31,4,726.45761
2018,05,31,5,727.06584
2018,05,31,6,726.61795
2018,05,31,7,725.90325
2018,05,1,0,726.86025
2018,05,1,1,727.82205
2018,05,1,2,729.06167
2018,05,1,3,729.78399
2018,05,1,4,729.78957
2018,05,1,5,731.40716
2018,05,1,6,732.71648
2018,05,1,7,732.10901
2018,05,2,0,730.44049
2018,05,2,1,729.45175
2018,05,2,2,729.12636
2018,05,2,3,728.73355
2018,05,2,4,727.54886
2018,05,2,5,725.15372
2018,05,2,6,721.43179
2018,05,2,7,715.79259
2018,05,3,0,711.38898
2018,05,3,1,709.49906
2018,05,3,2,708.46851
2018,05,3,3,708.63379
2018,05,3,4,710.0474
2018,05,3,5,710.68276
2018,05,3,6,711.81291
2018,05,3,7,713.1262
2018,05,4,0,713.57375
2018,05,4,1,714.46094
2018,05,4,2,715.71534
2018,05,4,3,716.68027
2018,05,4,4,717.86992
2018,05,4,5,719.44453
2018,05,4,6,720.03878
2018,05,4,7,720.21174
2018,05,5,0,719.55133
2018,05,5,1,718.79605
2018,05,5,2,718.54855
2018,05,5,3,718.20797
2018,05,5,4,717.23321
2018,05,5,5,716.36754
2018,05,5,6,714.61829
2018,05,5,7,713.02693
2018,05,6,0,712.4413
2018,05,6,1,712.47694
2018,05,6,2,713.32418
2018,05,6,3,714.60272
2018,05,6,4,714.83607
2018,05,6,5,714.48184
2018,05,6,6,714.56909
2018,05,6,7,714.2197
2018,05,7,0,714.92696
2018,05,7,1,715.31789
2018,05,7,2,714.13139
2018,05,7,3,713.55475
2018,05,7,4,713.01193
2018,05,7,5,712.52684
2018,05,7,6,712.66083
2018,05,7,7,712.72451
2018,05,8,0,712.79188
2018,05,8,1,713.11698
2018,05,8,2,714.09979
2018,05,8,3,714.92721
2018,05,8,4,715.49302
2018,05,8,5,715.26402
2018,05,8,6,713.86209
2018,05,8,7,712.64626
2018,05,9,0,712.34795
2018,05,9,1,712.76298
2018,05,9,2,713.29945
2018,05,9,3,714.0979
2018,05,9,4,714.61036
2018,05,9,5,715.29235
2018,05,9,6,714.31915
2018,05,9,7,712.91409
2018,05,10,0,712.97573
2018,05,10,1,713.00705
2018,05,10,2,713.28011
2018,05,10,3,713.697
2018,05,10,4,713.50683
2018,05,10,5,713.09595
2018,05,10,6,712.28075
2018,05,10,7,711.84516
2018,05,11,0,711.44668
2018,05,11,1,711.29741
2018,05,11,2,710.78644
2018,05,11,3,710.81096
2018,05,11,4,710.99169
2018,05,11,5,711.12192
2018,05,11,6,711.54732
2018,05,11,7,711.31658
2018,05,12,0,710.49446
2018,05,12,1,710.04078
2018,05,12,2,709.76351
2018,05,12,3,709.56646
2018,05,12,4,709.49767
2018,05,12,5,710.21637
2018,05,12,6,711.36522
2018,05,12,7,712.76236
2018,05,13,0,712.94073
2018,05,13,1,713.16963
2018,05,13,2,716.34765
2018,05,13,3,719.06325
2018,05,13,4,720.50085
2018,05,13,5,720.91888
2018,05,13,6,720.54776
2018,05,13,7,720.33717
2018,05,14,0,720.47771
2018,05,14,1,720.17598
2018,05,14,2,720.00631
2018,05,14,3,720.4397
2018,05,14,4,721.04347
2018,05,14,5,721.00985
2018,05,14,6,720.77934
2018,05,14,7,720.5013
2018,05,15,0,721.85824
2018,05,15,1,723.51817
2018,05,15,2,725.58257
2018,05,15,3,728.51822
2018,05,15,4,731.01969
2018,05,15,5,731.18821
2018,05,15,6,730.31202
2018,05,15,7,730.19321
2018,05,16,0,729.73733
2018,05,16,1,729.60224
2018,05,16,2,729.46758
2018,05,16,3,728.71381
2018,05,16,4,728.22553
2018,05,16,5,727.87947
2018,05,16,6,728.03965
2018,05,16,7,729.08439
2018,05,17,0,730.77809
2018,05,17,1,732.10914
2018,05,17,2,740.83893
2018,05,17,3,741.05396
2018,05,17,4,741.21297
2018,05,17,5,741.35767
2018,05,17,6,740.93531
2018,05,17,7,730.19241
2018,05,18,0,730.57427
2018,05,18,1,740.7549
2018,05,18,2,740.85665
2018,05,18,3,740.65107
2018,05,18,4,740.66694
2018,05,18,5,732.61812
2018,05,18,6,741.27237
2018,05,18,7,741.77217
2018,05,19,0,741.7861
2018,05,19,1,740.92786
2018,05,19,2,741.28818
2018,05,19,3,742.00347
2018,05,19,4,741.6259
2018,05,19,5,741.43675
2018,05,19,6,733.08876
2018,05,19,7,732.24571
2018,05,20,0,730.69854
2018,05,20,1,728.34188
2018,05,20,2,729.07784
2018,05,20,3,729.49653
2018,05,20,4,729.61233
2018,05,20,5,729.86249
2018,05,20,6,728.95594
2018,05,20,7,727.99288
2018,05,21,0,726.81344
2018,05,21,1,725.38679
2018,05,21,2,725.40293
2018,05,21,3,725.77665
2018,05,21,4,725.65761
2018,05,21,5,725.59998
2018,05,21,6,725.39533
2018,05,21,7,725.32889
2018,05,22,0,725.63838
2018,05,22,1,725.62205
2018,05,22,2,726.03853
2018,05,22,3,726.43217
2018,05,22,4,726.41802
2018,05,22,5,726.73566
2018,05,22,6,726.81541
2018,05,22,7,726.77547
2018,05,23,0,726.54451
2018,05,23,1,726.01315
2018,05,23,2,726.33095
2018,05,23,3,726.40668
2018,05,23,4,726.04254
2018,05,23,5,725.82596
2018,05,23,6,725.32408
2018,05,23,7,724.52968
2018,05,24,0,723.2492
2018,05,24,1,721.85603
2018,05,24,2,721.26382
2018,05,24,3,720.07164
2018,05,24,4,718.57013
2018,05,24,5,717.5832
2018,05,24,6,716.6271
2018,05,24,7,716.01719
2018,05,25,0,715.54936
2018,05,25,1,714.83124
2018,05,25,2,714.79799
2018,05,25,3,715.02046
2018,05,25,4,715.05806
2018,05,25,5,715.5734
2018,05,25,6,715.7317
2018,05,25,7,716.37922
2018,05,26,0,717.01873
2018,05,26,1,717.21594
2018,05,26,2,718.28812
2018,05,26,3,719.8864
2018,05,26,4,720.80516
2018,05,26,5,720.64919
2018,05,26,6,719.84472
2018,05,26,7,718.76157
2018,05,27,0,718.48134
2018,05,27,1,718.42816
2018,05,27,2,717.94678
2018,05,27,3,718.31385
2018,05,27,4,719.26719
2018,05,27,5,720.67261
2018,05,27,6,721.13884
2018,05,27,7,721.24115
2018,05,28,0,721.34556
2018,05,28,1,721.38458
2018,05,28,2,721.84862
2018,05,28,3,721.8834
2018,05,28,4,721.47967
2018,05,28,5,720.81215
2018,05,28,6,720.27335
2018,05,28,7,719.75294
2018,05,29,0,719.22019
2018,05,29,1,718.63791
2018,05,29,2,717.97196
2018,05,29,3,717.65812
2018,05,29,4,717.5142
2018,05,29,5,717.49275
2018,05,29,6,717.99499
2018,05,29,7,718.44445
2018,05,30,0,719.03213
2018,05,30,1,718.99245
2018,05,30,2,718.64223
2018,05,30,3,718.17866
2018,05,30,4,717.08074
2018,05,30,5,715.45056
2018,05,30,6,714.58994
2018,05,30,7,714.04368
2018,05,1,0,712.60735
2018,05,1,1,711.10343
2018,05,1,2,710.42284
2018,05,1,3,710.43542
2018,05,1,4,710.99089
2018,05,1,5,711.53916
2018,05,1,6,712.90805
2018,05,1,7,714.78034
2018,05,2,0,715.89803
2018,05,2,1,717.0071
2018,05,2,2,719.19864
2018,05,2,3,721.23052
2018,05,2,4,722.74239
2018,05,2,5,723.65403
2018,05,2,6,723.54207
2018,05,2,7,723.06837
2018,05,3,0,721.92493
2018,05,3,1,720.77539
2018,05,3,2,720.56977
2018,05,3,3,720.90487
2018,05,3,4,720.17062
2018,05,3,5,719.63794
2018,05,3,6,719.49512
2018,05,3,7,719.20047
2018,05,4,0,718.77441
2018,05,4,1,718.0808
2018,05,4,2,717.33801
2018,05,4,3,717.24262
2018,05,4,4,717.01287
2018,05,4,5,716.58115
2018,05,4,6,715.59873
2018,05,4,7,714.26567
2018,05,5,0,713.31497
2018,05,5,1,712.18776
2018,05,5,2,710.91664
2018,05,5,3,709.58305
2018,05,5,4,708.91311
2018,05,5,5,708.23165
2018,05,5,6,706.6358
2018,05,5,7,705.42267
2018,05,6,0,705.06945
2018,05,6,1,704.89886
2018,05,6,2,704.27832
2018,05,6,3,703.67171
2018,05,6,4,703.09145
2018,05,6,5,702.38805
2018,05,6,6,702.15785
2018,05,6,7,702.42632
2018,05,7,0,702.88082
2018,05,7,1,703.19355
2018,05,7,2,703.49348
2018,05,7,3,703.86051
2018,05,7,4,704.17036
2018,05,7,5,704.63786
2018,05,7,6,704.75107
2018,05,7,7,705.0853
2018,05,8,0,705.98065
2018,05,8,1,706.29281
2018,05,8,2,706.18192
2018,05,8,3,706.42543
2018,05,8,4,706.2133
2018,05,8,5,705.767
2018,05,8,6,705.23165
2018,05,8,7,704.57368
2018,05,9,0,704.5676
2018,05,9,1,704.59684
2018,05,9,2,704.76295
2018,05,9,3,704.7616
2018,05,9,4,704.24803
2018,05,9,5,703.93625
2018,05,9,6,703.86443
2018,05,9,7,703.99814
2018,05,10,0,704.47892
2018,05,10,1,704.6689
2018,05,10,2,705.33335
2018,05,10,3,705.74716
2018,05,10,4,705.99289
2018,05,10,5,706.35736
2018,05,10,6,706.14553
2018,05,10,7,705.73328
2018,05,11,0,705.24988
2018,05,11,1,704.69095
2018,05,11,2,704.59682
2018,05,11,3,704.46705
2018,05,11,4,704.15029
2018,05,11,5,704.18994
2018,05,11,6,703.8394
2018,05,11,7,703.6443
2018,05,12,0,704.11848
2018,05,12,1,704.51194
2018,05,12,2,704.95719
2018,05,12,3,705.66855
2018,05,12,4,705.63783
2018,05,12,5,705.55767
2018,05,12,6,705.91868
2018,05,12,7,706.66714
2018,05,13,0,708.23488
2018,05,13,1,709.29735
2018,05,13,2,710.1028
2018,05,13,3,711.22349
2018,05,13,4,711.79849
2018,05,13,5,712.08264
2018,05,13,6,711.90624
2018,05,13,7,711.14877
2018,05,14,0,711.20905
2018,05,14,1,711.10391
2018,05,14,2,711.05536
2018,05,14,3,711.65128
2018,05,14,4,711.96432
2018,05,14,5,712.45828
2018,05,14,6,712.52862
2018,05,14,7,712.80022
2018,05,15,0,713.17837
2018,05,15,1,712.93045
2018,05,15,2,712.77578
2018,05,15,3,712.89451
2018,05,15,4,712.74424
2018,05,15,5,712.81261
2018,05,15,6,711.19447
2018,05,15,7,710.09583
2018,05,16,0,709.60701
2018,05,16,1,709.69535
2018,05,16,2,709.96531
2018,05,16,3,710.20815
2018,05,16,4,710.71277
2018,05,16,5,711.26355
2018,05,16,6,712.40036
2018,05,16,7,713.84775
2018,05,17,0,715.1042
2018,05,17,1,716.0466
2018,05,17,2,715.82486
2018,05,17,3,716.00898
2018,05,17,4,716.85648
2018,05,17,5,716.30471
2018,05,17,6,715.52683
2018,05,17,7,715.42609
2018,05,18,0,715.69166
2018,05,18,1,715.07987
2018,05,18,2,713.75197
2018,05,18,3,712.85306
2018,05,18,4,711.70146
2018,05,18,5,710.1419
2018,05,18,6,709.24112
2018,05,18,7,708.33087
2018,05,19,0,707.81698
2018,05,19,1,707.52777
2018,05,19,2,707.64835
2018,05,19,3,708.54219
2018,05,19,4,709.50022
2018,05,19,5,710.50599
2018,05,19,6,711.69309
2018,05,19,7,712.76452
2018,05,20,0,714.27597
2018,05,20,1,715.56003
2018,05,20,2,715.57215
2018,05,20,3,715.52626
2018,05,20,4,715.92492
2018,05,20,5,716.08596
2018,05,20,6,716.54289
2018,05,20,7,716.67538
2018,05,21,0,716.53089
2018,05,21,1,716.11173
2018,05,21,2,715.43124
2018,05,21,3,714.38514
2018,05,21,4,713.08435
2018,05,21,5,711.50667
2018,05,21,6,709.34858
2018,05,21,7,708.97998
2018,05,22,0,708.92422
2018,05,22,1,709.08509
2018,05,22,2,709.66969
2018,05,22,3,710.43429
2018,05,22,4,711.28933
2018,05,22,5,712.0415
2018,05,22,6,712.86997
2018,05,22,7,713.32323
2018,05,23,0,713.19388
2018,05,23,1,713.28486
2018,05,23,2,714.00407
2018,05,23,3,714.3103
2018,05,23,4,713.72253
2018,05,23,5,713.09442
2018,05,23,6,711.81078
2018,05,23,7,710.76607
2018,05,24,0,711.36025
2018,05,24,1,713.23348
2018,05,24,2,714.56282
2018,05,24,3,716.91157
2018,05,24,4,719.66191
2018,05,24,5,721.56052
2018,05,24,6,722.02987
2018,05,24,7,721.8716
2018,05,25,0,720.84412
2018,05,25,1,720.05262
2018,05,25,2,720.12222
2018,05,25,3,721.07186
2018,05,25,4,721.80009
2018,05,25,5,722.98294
2018,05,25,6,723.90617
2018,05,25,7,724.51394
2018,05,26,0,723.32454
2018,05,26,1,722.59086
2018,05,26,2,724.68518
2018,05,26,3,726.77757
2018,05,26,4,730.11297
2018,05,26,5,731.58526
2018,05,26,6,728.45362
2018,05,26,7,725.00453
2018,05,27,0,722.66896
2018,05,27,1,720.57208
2018,05,27,2,718.29207
2018,05,27,3,718.50872
2018,05,27,4,719.30507
2018,05,27,5,720.55537
2018,05,27,6,720.87038
2018,05,27,7,720.80848
2018,05,28,0,719.24844
2018,05,28,1,719.20325
2018,05,28,2,720.36377
2018,05,28,3,720.84051
2018,05,28,4,722.62091
2018,05,28,5,723.96018
2018,05,28,6,724.27067
2018,05,28,7,724.08194
2018,05,29,0,722.90938
2018,05,29,1,721.77007
2018,05,29,2,721.18494
2018,05,29,3,721.67507
2018,05,29,4,722.45944
2018,05,29,5,723.79069
2018,05,29,6,723.43047
2018,05,29,7,723.01104
2018,05,30,0,721.92526
2018,05,30,1,721.02836
2018,05,30,2,721.7505
2018,05,30,3,722.62243
2018,05,30,4,723.19871
2018,05,30,5,723.50381
2018,05,30,6,723.43643
2018,05,30,7,723.64549
2018,05,31,0,724.16014
2018,05,31,1,724.30961
2018,05,31,2,724.51859
2018,05,31,3,724.7036
2018,05,31,4,724.51351
2018,05,31,5,724.00823
2018,05,31,6,723.59113
2018,05,31,7,722.95722
2018,05,1,0,722.07854
2018,05,1,1,720.99697
2018,05,1,2,720.04896
2018,05,1,3,719.55933
2018,05,1,4,720.06259
2018,05,1,5,722.05189
2018,05,1,6,722.53276
2018,05,1,7,721.94738
2018,05,2,0,721.84501
2018,05,2,1,720.89147
2018,05,2,2,720.46522
2018,05,2,3,719.7367
2018,05,2,4,718.79118
2018,05,2,5,718.17862
2018,05,2,6,718.49865
2018,05,2,7,719.45134
2018,05,3,0,720.04721
2018,05,3,1,720.81542
2018,05,3,2,722.95216
2018,05,3,3,724.95338
2018,05,3,4,726.94697
2018,05,3,5,727.84568
2018,05,3,6,726.44274
2018,05,3,7,724.47476
2018,05,4,0,724.14561
2018,05,4,1,724.38025
2018,05,4,2,724.13293
2018,05,4,3,723.99424
2018,05,4,4,723.84398
2018,05,4,5,723.13612
2018,05,4,6,721.5646
2018,05,4,7,719.29248
2018,05,5,0,716.626
2018,05,5,1,713.78876
2018,05,5,2,712.78182
2018,05,5,3,712.40629
2018,05,5,4,712.86272
2018,05,5,5,714.42118
2018,05,5,6,715.71441
2018,05,5,7,716.1405
2018,05,6,0,715.94107
2018,05,6,1,716.47854
2018,05,6,2,718.78022
2018,05,6,3,721.15866
2018,05,6,4,722.46108
2018,05,6,5,722.9708
2018,05,6,6,722.5186
2018,05,6,7,721.59449
2018,05,7,0,722.50712
2018,05,7,1,723.40603
2018,05,7,2,723.86575
2018,05,7,3,725.15151
2018,05,7,4,726.79852
2018,05,7,5,728.54205
2018,05,7,6,728.53395
2018,05,7,7,728.51341
2018,05,8,0,728.98183
2018,05,8,1,730.77161
2018,05,8,2,732.78432
2018,05,8,3,741.66277
2018,05,8,4,741.61547
2018,05,8,5,741.43452
2018,05,8,6,732.43462
2018,05,8,7,729.36141
2018,05,9,0,730.74291
2018,05,9,1,731.66772
2018,05,9,2,731.83363
2018,05,9,3,740.93501
2018,05,9,4,740.63882
2018,05,9,5,740.20694
2018,05,9,6,731.17224
2018,05,9,7,728.82565
2018,05,10,0,728.93467
2018,05,10,1,729.04759
2018,05,10,2,729.18473
2018,05,10,3,729.76297
2018,05,10,4,729.85091
2018,05,10,5,729.92042
2018,05,10,6,729.59908
2018,05,10,7,729.23461
2018,05,11,0,728.42601
2018,05,11,1,727.33027
2018,05,11,2,726.19437
2018,05,11,3,724.49656
2018,05,11,4,722.62805
2018,05,11,5,721.1717
2018,05,11,6,720.29759
2018,05,11,7,719.6953
2018,05,12,0,719.77023
2018,05,12,1,720.41558
2018,05,12,2,720.55832
2018,05,12,3,720.54391
2018,05,12,4,720.74322
2018,05,12,5,721.38401
2018,05,12,6,722.30371
2018,05,12,7,723.36133
2018,05,13,0,724.1203
2018,05,13,1,724.97606
2018,05,13,2,726.41508
2018,05,13,3,727.77631
2018,05,13,4,728.52761
2018,05,13,5,729.09811
2018,05,13,6,729.48118
2018,05,13,7,729.72794
2018,05,14,0,730.42348
2018,05,14,1,731.48773
2018,05,14,2,730.57582
2018,05,14,3,730.22433
2018,05,14,4,730.95327
2018,05,14,5,731.54255
2018,05,14,6,731.84448
2018,05,14,7,731.99768
2018,05,15,0,731.64578
2018,05,15,1,730.96493
2018,05,15,2,730.88908
2018,05,15,3,729.99486
2018,05,15,4,729.32057
2018,05,15,5,728.6917
2018,05,15,6,727.78356
2018,05,15,7,727.06816
2018,05,16,0,726.73592
2018,05,16,1,726.26817
2018,05,16,2,726.21372
2018,05,16,3,726.6089
2018,05,16,4,726.95727
2018,05,16,5,726.90473
2018,05,16,6,725.51866
2018,05,16,7,724.13478
2018,05,17,0,723.19411
2018,05,17,1,722.67696
2018,05,17,2,722.61257
2018,05,17,3,722.48065
2018,05,17,4,721.90071
2018,05,17,5,721.20461
2018,05,17,6,720.52496
2018,05,17,7,720.07697
2018,05,18,0,720.20705
2018,05,18,1,720.34756
2018,05,18,2,720.43436
2018,05,18,3,720.38232
2018,05,18,4,720.09585
2018,05,18,5,719.7323
2018,05,18,6,718.79095
2018,05,18,7,717.43206
2018,05,19,0,716.43342
2018,05,19,1,715.18211
2018,05,19,2,714.25508
2018,05,19,3,713.43059
2018,05,19,4,713.01629
2018,05,19,5,712.96724
2018,05,19,6,713.00254
2018,05,19,7,713.2808
2018,05,20,0,712.88804
2018,05,20,1,712.45751
2018,05,20,2,712.34165
2018,05,20,3,712.10405
2018,05,20,4,711.61525
2018,05,20,5,711.16365
2018,05,20,6,711.29891
2018,05,20,7,711.57569
2018,05,21,0,711.21963
2018,05,21,1,710.55335
2018,05,21,2,710.84036
2018,05,21,3,711.36043
2018,05,21,4,711.95101
2018,05,21,5,712.66839
2018,05,21,6,713.40824
2018,05,21,7,714.11799
2018,05,22,0,714.58456
2018,05,22,1,715.07988
2018,05,22,2,715.61738
2018,05,22,3,716.02331
2018,05,22,4,716.48347
2018,05,22,5,716.73759
2018,05,22,6,717.18595
2018,05,22,7,717.89484
2018,05,23,0,717.80006
2018,05,23,1,717.44284
2018,05,23,2,717.56223
2018,05,23,3,717.79579
2018,05,23,4,718.04699
2018,05,23,5,718.22415
2018,05,23,6,718.472
2018,05,23,7,719.02235
2018,05,24,0,719.45375
2018,05,24,1,719.91662
2018,05,24,2,719.63662
2018,05,24,3,719.30407
2018,05,24,4,719.5583
2018,05,24,5,719.82145
2018,05,24,6,719.26621
2018,05,24,7,718.66898
2018,05,25,0,718.83806
2018,05,25,1,718.90895
2018,05,25,2,718.8622
2018,05,25,3,719.04581
2018,05,25,4,719.30033
2018,05,25,5,719.33009
2018,05,25,6,719.60511
2018,05,25,7,720.16818
2018,05,26,0,719.81088
2018,05,26,1,719.24916
2018,05,26,2,719.33205
2018,05,26,3,718.98825
2018,05,26,4,718.20931
2018,05,26,5,717.09723
2018,05,26,6,716.38925
2018,05,26,7,715.86639
2018,05,27,0,715.07355
2018,05,27,1,713.88916
2018,05,27,2,712.72989
2018,05,27,3,711.26883
2018,05,27,4,709.44979
2018,05,27,5,707.30422
2018,05,27,6,705.42757
2018,05,27,7,704.04944
2018,05,28,0,702.56263
2018,05,28,1,701.12462
2018,05,28,2,700.35559
2018,05,28,3,700.29621
2018,05,28,4,701.02003
2018,05,28,5,701.8331
2018,05,28,6,702.53668
2018,05,28,7,703.37928
2018,05,29,0,704.0831
2018,05,29,1,704.97619
2018,05,29,2,706.23174
2018,05,29,3,707.2715
2018,05,29,4,708.28143
2018,05,29,5,709.28136
2018,05,29,6,709.91791
2018,05,29,7,710.59649
2018,05,30,0,710.99911
2018,05,30,1,711.10233
2018,05,30,2,711.41663
2018,05,30,3,711.56493
2018,05,30,4,712.11314
2018,05,30,5,712.22646
2018,05,30,6,711.77432
2018,05,30,7,710.9137
2018,05,31,0,709.73605
2018,05,31,1,708.43085
2018,05,31,2,707.61877
2018,05,31,3,706.22354
2018,05,31,4,703.37399
2018,05,31,5,702.39587
2018,05,31,6,701.04286
2018,05,31,7,700.56588
2018,05,1,0,700.83569
2018,05,1,1,700.98611
2018,05,1,2,701.51954
2018,05,1,3,702.56982
2018,05,1,4,703.38537
2018,05,1,5,704.15509
2018,05,1,6,704.80057
2018,05,1,7,705.58594
2018,05,2,0,705.93703
2018,05,2,1,705.48751
2018,05,2,2,705.58346
2018,05,2,3,705.84837
2018,05,2,4,705.59547
2018,05,2,5,705.16696
2018,05,2,6,704.62775
2018,05,2,7,704.26221
2018,05,3,0,703.85294
2018,05,3,1,703.47713
2018,05,3,2,703.66667
2018,05,3,3,704.44696
2018,05,3,4,704.10588
2018,05,3,5,703.47323
2018,05,3,6,703.40009
2018,05,3,7,703.22264
2018,05,4,0,702.56292
2018,05,4,1,701.23673
2018,05,4,2,701.45465
2018,05,4,3,701.60538
2018,05,4,4,700.61471
2018,05,4,5,699.72856
2018,05,4,6,698.80262
2018,05,4,7,698.07055
2018,05,5,0,698.25584
2018,05,5,1,698.37217
2018,05,5,2,699.20449
2018,05,5,3,700.00333
2018,05,5,4,700.37312
2018,05,5,5,701.15458
2018,05,5,6,702.16153
2018,05,5,7,703.21578
2018,05,6,0,703.98212
2018,05,6,1,704.2412
2018,05,6,2,704.73052
2018,05,6,3,705.18753
2018,05,6,4,705.75062
2018,05,6,5,706.41897
2018,05,6,6,706.76868
2018,05,6,7,706.51812
2018,05,7,0,705.90524
2018,05,7,1,705.07506
2018,05,7,2,704.68598
2018,05,7,3,704.52216
2018,05,7,4,704.49014
2018,05,7,5,704.48301
2018,05,7,6,704.34131
2018,05,7,7,704.55212
2018,05,8,0,704.21137
2018,05,8,1,703.94825
2018,05,8,2,705.18856
2018,05,8,3,705.97609
2018,05,8,4,706.50836
2018,05,8,5,707.08499
2018,05,8,6,707.33331
2018,05,8,7,707.53606
2018,05,9,0,707.51949
2018,05,9,1,707.53968
2018,05,9,2,708.03221
2018,05,9,3,708.288
2018,05,9,4,708.76297
2018,05,9,5,709.41981
2018,05,9,6,709.91057
2018,05,9,7,710.25676
2018,05,10,0,710.3784
2018,05,10,1,710.63224
2018,05,10,2,710.8871
2018,05,10,3,710.59486
2018,05,10,4,710.04261
2018,05,10,5,709.74815
2018,05,10,6,709.78852
2018,05,10,7,709.21183
2018,05,11,0,709.03811
2018,05,11,1,709.68086
2018,05,11,2,709.38658
2018,05,11,3,709.37203
2018,05,11,4,709.81694
2018,05,11,5,710.2026
2018,05,11,6,710.24589
2018,05,11,7,709.25391
2018,05,12,0,708.84448
2018,05,12,1,709.02214
2018,05,12,2,708.65001
2018,05,12,3,707.82046
2018,05,12,4,708.66812
2018,05,12,5,709.41776
2018,05,12,6,710.29164
2018,05,12,7,711.23756
2018,05,13,0,711.35386
2018,05,13,1,711.48359
2018,05,13,2,712.37175
2018,05,13,3,712.93204
2018,05,13,4,712.83404
2018,05,13,5,712.41882
2018,05,13,6,711.90514
2018,05,13,7,711.54497
2018,05,14,0,711.31356
2018,05,14,1,710.81961
2018,05,14,2,710.50743
2018,05,14,3,710.29475
2018,05,14,4,710.16709
2018,05,14,5,709.79071
2018,05,14,6,709.65337
2018,05,14,7,709.56344
2018,05,15,0,708.95713
2018,05,15,1,708.57611
2018,05,15,2,708.53645
2018,05,15,3,708.45667
2018,05,15,4,708.71718
2018,05,15,5,708.99308
2018,05,15,6,709.13038
2018,05,15,7,709.40134
2018,05,16,0,709.97664
2018,05,16,1,711.00336
2018,05,16,2,711.94506
2018,05,16,3,712.43879
2018,05,16,4,713.0873
2018,05,16,5,713.28807
2018,05,16,6,713.27768
2018,05,16,7,712.96806
2018,05,17,0,713.63096
2018,05,17,1,713.88987
2018,05,17,2,714.1548
2018,05,17,3,714.05061
2018,05,17,4,713.67374
2018,05,17,5,713.2037
2018,05,17,6,712.55131
2018,05,17,7,712.11302
2018,05,18,0,711.63717
2018,05,18,1,710.82309
2018,05,18,2,710.40991
2018,05,18,3,710.18769
2018,05,18,4,710.00089
2018,05,18,5,709.81487
2018,05,18,6,709.66322
2018,05,18,7,709.37794
2018,05,19,0,709.24402
2018,05,19,1,709.5904
2018,05,19,2,710.23238
2018,05,19,3,710.23905
2018,05,19,4,710.75394
2018,05,19,5,711.24597
2018,05,19,6,711.46055
2018,05,19,7,711.74798
2018,05,20,0,712.50755
2018,05,20,1,713.33195
2018,05,20,2,714.08181
2018,05,20,3,714.77564
2018,05,20,4,715.37921
2018,05,20,5,715.70834
2018,05,20,6,715.62322
2018,05,20,7,715.64324
2018,05,21,0,715.6684
2018,05,21,1,715.44873
2018,05,21,2,715.44058
2018,05,21,3,715.32132
2018,05,21,4,714.60201
2018,05,21,5,713.73761
2018,05,21,6,712.76505
2018,05,21,7,711.74355
2018,05,22,0,711.54023
2018,05,22,1,711.0411
2018,05,22,2,710.39277
2018,05,22,3,710.01697
2018,05,22,4,709.95654
2018,05,22,5,709.89587
2018,05,22,6,709.22151
2018,05,22,7,708.66162
2018,05,23,0,708.53628
2018,05,23,1,708.30811
2018,05,23,2,708.4137
2018,05,23,3,709.01575
2018,05,23,4,709.16995
2018,05,23,5,709.23922
2018,05,23,6,709.41188
2018,05,23,7,709.67752
2018,05,24,0,709.81399
2018,05,24,1,709.37428
2018,05,24,2,709.61916
2018,05,24,3,709.85562
2018,05,24,4,709.54464
2018,05,24,5,709.25209
2018,05,24,6,709.31459
2018,05,24,7,709.33636
2018,05,25,0,709.35662
2018,05,25,1,709.22429
2018,05,25,2,709.34481
2018,05,25,3,709.52295
2018,05,25,4,709.76292
2018,05,25,5,709.72112
2018,05,25,6,709.75141
2018,05,25,7,710.04104
2018,05,26,0,710.71825
2018,05,26,1,710.86252
2018,05,26,2,711.12676
2018,05,26,3,711.75824
2018,05,26,4,712.02066
2018,05,26,5,711.60214
2018,05,26,6,711.8241
2018,05,26,7,712.389
2018,05,27,0,713.07477
2018,05,27,1,713.24495
2018,05,27,2,713.52838
2018,05,27,3,714.099
2018,05,27,4,713.82299
2018,05,27,5,713.42752
2018,05,27,6,713.52515
2018,05,27,7,713.3605
2018,05,28,0,713.41386
2018,05,28,1,712.84794
2018,05,28,2,712.7226
2018,05,28,3,712.82812
2018,05,28,4,712.7594
2018,05,28,5,712.21865
2018,05,28,6,711.88722
2018,05,28,7,711.4206
2018,05,29,0,711.27166
2018,05,29,1,710.7812
2018,05,29,2,710.43563
2018,05,29,3,710.42624
2018,05,29,4,709.97867
2018,05,29,5,709.75059
2018,05,29,6,709.98335
2018,05,29,7,710.15331
2018,05,30,0,710.41413
2018,05,30,1,710.73185
2018,05,30,2,711.15767
2018,05,30,3,711.43814
2018,05,30,4,711.63904
2018,05,30,5,711.59977
2018,05,30,6,711.69304
2018,05,30,7,711.34122
2018,05,1,0,711.36293
2018,05,1,1,711.54195
2018,05,1,2,711.67396
2018,05,1,3,711.33938
2018,05,1,4,710.44396
2018,05,1,5,709.82726
2018,05,1,6,709.21458
2018,05,1,7,708.86166
2018,05,2,0,708.79301
2018,05,2,1,709.16534
2018,05,2,2,709.15025
2018,05,2,3,709.01033
2018,05,2,4,708.72914
2018,05,2,5,708.31639
2018,05,2,6,707.97339
2018,05,2,7,707.47884
2018,05,3,0,707.19497
2018,05,3,1,707.02564
2018,05,3,2,707.32268
2018,05,3,3,707.57285
2018,05,3,4,707.20033
2018,05,3,5,707.50583
2018,05,3,6,707.62148
2018,05,3,7,707.62105
2018,05,4,0,708.28007
2018,05,4,1,709.23855
2018,05,4,2,709.88657
2018,05,4,3,710.80379
2018,05,4,4,711.15777
2018,05,4,5,711.37633
2018,05,4,6,711.891
2018,05,4,7,712.24841
2018,05,5,0,711.82835
2018,05,5,1,711.30706
2018,05,5,2,711.41912
2018,05,5,3,711.74169
2018,05,5,4,711.76432
2018,05,5,5,711.98437
2018,05,5,6,712.73894
2018,05,5,7,713.42571
2018,05,6,0,713.73904
2018,05,6,1,713.82159
2018,05,6,2,714.51923
2018,05,6,3,715.6086
2018,05,6,4,715.9319
2018,05,6,5,715.99834
2018,05,6,6,716.8631
2018,05,6,7,717.97224
2018,05,7,0,718.14482
2018,05,7,1,718.44604
2018,05,7,2,719.66929
2018,05,7,3,720.44058
2018,05,7,4,720.79793
2018,05,7,5,721.10419
2018,05,7,6,721.8467
2018,05,7,7,722.60961
2018,05,8,0,722.7618
2018,05,8,1,722.48776
2018,05,8,2,722.42954
2018,05,8,3,722.59028
2018,05,8,4,722.27255
2018,05,8,5,722.19198
2018,05,8,6,722.20571
2018,05,8,7,721.97087
2018,05,9,0,721.49768
2018,05,9,1,721.089
2018,05,9,2,721.5465
2018,05,9,3,721.96504
2018,05,9,4,721.67795
2018,05,9,5,721.06343
2018,05,9,6,721.38341
2018,05,9,7,721.42271
2018,05,10,0,720.38738
2018,05,10,1,719.29411
2018,05,10,2,719.58796
2018,05,10,3,720.14066
2018,05,10,4,720.07341
2018,05,10,5,719.6773
2018,05,10,6,720.13625
2018,05,10,7,720.64841
2018,05,11,0,719.41874
2018,05,11,1,718.59285
2018,05,11,2,718.65892
2018,05,11,3,719.40984
2018,05,11,4,719.84753
2018,05,11,5,720.40355
2018,05,11,6,721.7396
2018,05,11,7,722.64862
2018,05,12,0,722.11372
2018,05,12,1,721.4243
2018,05,12,2,721.52241
2018,05,12,3,721.24773
2018,05,12,4,720.76044
2018,05,12,5,720.33992
2018,05,12,6,719.46697
2018,05,12,7,719.08465
2018,05,13,0,718.48257
2018,05,13,1,717.91449
2018,05,13,2,717.70006
2018,05,13,3,717.29502
2018,05,13,4,717.63662
2018,05,13,5,718.02972
2018,05,13,6,717.76536
2018,05,13,7,717.47061
2018,05,14,0,717.39912
2018,05,14,1,717.49294
2018,05,14,2,717.3468
2018,05,14,3,716.98375
2018,05,14,4,716.7651
2018,05,14,5,716.46079
2018,05,14,6,716.1823
2018,05,14,7,716.07657
2018,05,15,0,715.59124
2018,05,15,1,714.76813
2018,05,15,2,714.59163
2018,05,15,3,714.53928
2018,05,15,4,713.62631
2018,05,15,5,712.48915
2018,05,15,6,711.71513
2018,05,15,7,711.41606
2018,05,16,0,711.57411
2018,05,16,1,712.06124
2018,05,16,2,712.20784
2018,05,16,3,712.60556
2018,05,16,4,712.4013
2018,05,16,5,712.10704
2018,05,16,6,712.13537
2018,05,16,7,711.97553
2018,05,17,0,712.46982
2018,05,17,1,713.04304
2018,05,17,2,713.48287
2018,05,17,3,714.06733
2018,05,17,4,714.91811
2018,05,17,5,715.35188
2018,05,17,6,715.86643
2018,05,17,7,715.97862
2018,05,18,0,715.64298
2018,05,18,1,715.17843
2018,05,18,2,715.17738
2018,05,18,3,715.27237
2018,05,18,4,716.63084
2018,05,18,5,718.0359
2018,05,18,6,718.23671
2018,05,18,7,718.23317
2018,05,19,0,718.31991
2018,05,19,1,717.19003
2018,05,19,2,715.71184
2018,05,19,3,715.48038
2018,05,19,4,714.78194
2018,05,19,5,713.51364
2018,05,19,6,712.97702
2018,05,19,7,712.54213
2018,05,20,0,712.11579
2018,05,20,1,712.15459
2018,05,20,2,712.58838
2018,05,20,3,713.2145
2018,05,20,4,713.09722
2018,05,20,5,712.15692
2018,05,20,6,712.03818
2018,05,20,7,711.97769
2018,05,21,0,711.62525
2018,05,21,1,711.15323
2018,05,21,2,710.78655
2018,05,21,3,711.20204
2018,05,21,4,711.18512
2018,05,21,5,710.64933
2018,05,21,6,711.29121
2018,05,21,7,712.2325
2018,05,22,0,712.55084
2018,05,22,1,712.27087
2018,05,22,2,711.7806
2018,05,22,3,711.39137
2018,05,22,4,711.52424
2018,05,22,5,711.92095
2018,05,22,6,712.09634
2018,05,22,7,711.48546
2018,05,23,0,710.76241
2018,05,23,1,709.74678
2018,05,23,2,709.34797
2018,05,23,3,709.56019
2018,05,23,4,710.53598
2018,05,23,5,711.50041
2018,05,23,6,711.657
2018,05,23,7,711.67518
2018,05,24,0,712.2838
2018,05,24,1,712.55154
2018,05,24,2,713.89085
2018,05,24,3,714.84041
2018,05,24,4,715.1612
2018,05,24,5,715.54984
2018,05,24,6,716.46048
2018,05,24,7,717.58616
2018,05,25,0,718.19625
2018,05,25,1,718.70183
2018,05,25,2,719.66316
2018,05,25,3,720.43248
2018,05,25,4,721.31675
2018,05,25,5,721.68447
2018,05,25,6,721.88125
2018,05,25,7,722.29268
2018,05,26,0,722.89993
2018,05,26,1,723.13361
2018,05,26,2,722.89501
2018,05,26,3,722.75979
2018,05,26,4,723.1507
2018,05,26,5,722.85163
2018,05,26,6,723.03176
2018,05,26,7,722.74403
2018,05,27,0,722.42192
2018,05,27,1,722.31137
2018,05,27,2,721.48438
2018,05,27,3,720.58743
2018,05,27,4,720.48244
2018,05,27,5,720.75773
2018,05,27,6,720.89928
2018,05,27,7,721.04337
2018,05,28,0,721.18122
2018,05,28,1,721.04505
2018,05,28,2,721.26335
2018,05,28,3,721.00729
2018,05,28,4,721.10566
2018,05,28,5,721.09144
2018,05,28,6,721.01313
2018,05,28,7,720.86038
2018,05,29,0,720.32886
2018,05,29,1,719.65823
2018,05,29,2,719.32063
2018,05,29,3,718.93687
2018,05,29,4,718.60142
2018,05,29,5,717.82485
2018,05,29,6,716.48918
2018,05,29,7,715.05579
2018,05,30,0,713.81216
2018,05,30,1,712.74227
2018,05,30,2,712.05451
2018,05,30,3,711.94303
2018,05,30,4,711.66807
2018,05,30,5,711.10051
2018,05,30,6,710.7147
2018,05,30,7,710.53319
2018,05,31,0,710.40717
2018,05,31,1,710.16902
2018,05,31,2,709.85027
2018,05,31,3,709.64714
2018,05,31,4,709.33787
2018,05,31,5,709.53865
2018,05,31,6,710.41169
2018,05,31,7,710.91061
2018,05,1,0,711.54826
2018,05,1,1,711.83841
2018,05,1,2,711.97034
2018,05,1,3,712.06436
2018,05,1,4,712.17106
2018,05,1,5,712.28271
2018,05,1,6,712.28196
2018,05,1,7,711.79934
2018,05,2,0,711.80542
2018,05,2,1,711.76231
2018,05,2,2,712.03429
2018,05,2,3,712.07912
2018,05,2,4,712.12189
2018,05,2,5,712.25226
2018,05,2,6,712.33524
2018,05,2,7,712.49527
2018,05,3,0,712.41891
2018,05,3,1,712.32204
2018,05,3,2,712.59852
2018,05,3,3,712.63034
2018,05,3,4,712.87814
2018,05,3,5,713.04547
2018,05,3,6,712.83357
2018,05,3,7,712.57192
2018,05,4,0,712.62376
2018,05,4,1,712.62034
2018,05,4,2,712.78902
2018,05,4,3,712.90063
2018,05,4,4,713.30811
2018,05,4,5,713.92982
2018,05,4,6,714.67381
2018,05,4,7,715.42064
2018,05,5,0,716.04833
2018,05,5,1,716.33092
2018,05,5,2,716.94754
2018,05,5,3,717.49652
2018,05,5,4,717.95619
2018,05,5,5,718.24669
2018,05,5,6,718.60218
2018,05,5,7,718.98637
2018,05,6,0,719.24151
2018,05,6,1,718.95533
2018,05,6,2,719.34487
2018,05,6,3,719.69177
2018,05,6,4,719.69294
2018,05,6,5,719.50639
2018,05,6,6,719.94169
2018,05,6,7,720.63449
2018,05,7,0,720.81735
2018,05,7,1,720.48956
2018,05,7,2,720.73713
2018,05,7,3,721.20232
2018,05,7,4,721.15726
2018,05,7,5,720.71925
2018,05,7,6,720.55185
2018,05,7,7,720.5813
2018,05,8,0,720.56559
2018,05,8,1,720.2707
2018,05,8,2,719.91493
2018,05,8,3,719.69672
2018,05,8,4,719.41286
2018,05,8,5,719.11959
2018,05,8,6,718.98431
2018,05,8,7,719.12934
2018,05,9,0,719.10287
2018,05,9,1,718.83374
2018,05,9,2,719.15285
2018,05,9,3,719.63237
2018,05,9,4,719.85026
2018,05,9,5,719.99707
2018,05,9,6,720.43451
2018,05,9,7,720.53835
2018,05,10,0,719.99449
2018,05,10,1,719.42997
2018,05,10,2,719.46385
2018,05,10,3,719.18743
2018,05,10,4,718.28532
2018,05,10,5,718.15858
2018,05,10,6,718.13624
2018,05,10,7,717.54152
2018,05,11,0,716.3645
2018,05,11,1,714.97827
2018,05,11,2,714.75948
2018,05,11,3,714.2634
2018,05,11,4,713.14416
2018,05,11,5,712.32691
2018,05,11,6,712.19946
2018,05,11,7,711.69826
2018,05,12,0,710.40101
2018,05,12,1,709.60344
2018,05,12,2,709.51846
2018,05,12,3,709.19842
2018,05,12,4,708.19077
2018,05,12,5,707.70804
2018,05,12,6,709.02779
2018,05,12,7,710.01265
2018,05,13,0,709.56657
2018,05,13,1,709.50273
2018,05,13,2,710.67651
2018,05,13,3,711.01056
2018,05,13,4,710.25713
2018,05,13,5,710.17928
2018,05,13,6,711.16747
2018,05,13,7,711.77498
2018,05,14,0,711.5462
2018,05,14,1,711.28186
2018,05,14,2,711.76071
2018,05,14,3,711.89662
2018,05,14,4,711.93189
2018,05,14,5,711.79907
2018,05,14,6,712.02922
2018,05,14,7,712.1711
2018,05,15,0,711.83137
2018,05,15,1,711.37165
2018,05,15,2,711.01581
2018,05,15,3,710.82388
2018,05,15,4,711.06186
2018,05,15,5,711.1547
2018,05,15,6,711.75091
2018,05,15,7,712.39798
2018,05,16,0,712.12872
2018,05,16,1,711.99684
2018,05,16,2,712.51781
2018,05,16,3,712.85324
2018,05,16,4,713.42391
2018,05,16,5,714.23179
2018,05,16,6,715.09511
2018,05,16,7,716.06431
2018,05,17,0,716.84376
2018,05,17,1,717.24326
2018,05,17,2,717.98974
2018,05,17,3,718.54745
2018,05,17,4,718.82678
2018,05,17,5,719.02517
2018,05,17,6,719.73411
2018,05,17,7,720.22491
2018,05,18,0,720.11201
2018,05,18,1,719.67239
2018,05,18,2,719.50061
2018,05,18,3,719.11911
2018,05,18,4,718.03479
2018,05,18,5,716.52797
2018,05,18,6,715.11019
2018,05,18,7,713.6032
2018,05,19,0,712.00648
2018,05,19,1,710.87899
2018,05,19,2,710.17348
2018,05,19,3,710.1175
2018,05,19,4,709.36736
2018,05,19,5,708.6501
2018,05,19,6,709.7292
2018,05,19,7,710.93383
2018,05,20,0,710.86152
2018,05,20,1,710.26863
2018,05,20,2,710.39674
2018,05,20,3,711.03372
2018,05,20,4,711.75967
2018,05,20,5,712.0588
2018,05,20,6,713.87545
2018,05,20,7,716.10989
2018,05,21,0,717.61641
2018,05,21,1,717.81879
2018,05,21,2,717.94882
2018,05,21,3,718.73133
2018,05,21,4,719.06223
2018,05,21,5,719.20386
2018,05,21,6,719.65886
2018,05,21,7,720.18568
2018,05,22,0,720.18471
2018,05,22,1,719.95322
2018,05,22,2,721.07251
2018,05,22,3,722.32048
2018,05,22,4,722.80199
2018,05,22,5,722.88657
2018,05,22,6,722.44419
2018,05,22,7,721.83123
2018,05,23,0,721.71176
2018,05,23,1,721.56623
2018,05,23,2,722.76185
2018,05,23,3,724.20806
2018,05,23,4,723.20517
2018,05,23,5,722.02233
2018,05,23,6,722.07132
2018,05,23,7,722.08179
2018,05,24,0,721.77889
2018,05,24,1,721.12691
2018,05,24,2,721.05225
2018,05,24,3,721.03326
2018,05,24,4,720.24668
2018,05,24,5,719.41773
2018,05,24,6,719.54434
2018,05,24,7,719.93577
2018,05,25,0,720.44065
2018,05,25,1,720.39112
2018,05,25,2,720.97116
2018,05,25,3,721.22658
2018,05,25,4,720.97538
2018,05,25,5,720.22541
2018,05,25,6,719.67401
2018,05,25,7,718.80121
2018,05,26,0,717.84522
2018,05,26,1,717.86763
2018,05,26,2,718.1212
2018,05,26,3,718.70261
2018,05,26,4,718.6096
2018,05,26,5,718.58679
2018,05,26,6,719.68864
2018,05,26,7,720.48805
2018,05,27,0,720.46171
2018,05,27,1,719.35971
2018,05,27,2,718.98438
2018,05,27,3,718.28552
2018,05,27,4,717.41162
2018,05,27,5,717.16585
2018,05,27,6,716.87837
2018,05,27,7,716.50802
2018,05,28,0,716.39
2018,05,28,1,716.43961
2018,05,28,2,716.62001
2018,05,28,3,716.93046
2018,05,28,4,717.38164
2018,05,28,5,718.08394
2018,05,28,6,719.01921
2018,05,28,7,719.59835
2018,05,29,0,719.6594
2018,05,29,1,719.84676
2018,05,29,2,720.64529
2018,05,29,3,721.22361
2018,05,29,4,721.54686
2018,05,29,5,721.72363
2018,05,29,6,722.54391
2018,05,29,7,722.94029
2018,05,30,0,722.04236
2018,05,30,1,721.41872
2018,05,30,2,721.59864
2018,05,30,3,721.25914
2018,05,30,4,720.71217
2018,05,30,5,720.26535
2018,05,30,6,720.19918
2018,05,30,7,720.3134
2018,05,1,0,720.10406
2018,05,1,1,719.38794
2018,05,1,2,719.1151
2018,05,1,3,718.07009
2018,05,1,4,717.01799
2018,05,1,5,716.19721
2018,05,1,6,715.89081
2018,05,1,7,715.77578
2018,05,2,0,715.8216
2018,05,2,1,716.4851
2018,05,2,2,717.25606
2018,05,2,3,718.16393
2018,05,2,4,719.36135
2018,05,2,5,720.52117
2018,05,2,6,721.51878
2018,05,2,7,722.2293
2018,05,3,0,723.19797
2018,05,3,1,723.66389
2018,05,3,2,724.11494
2018,05,3,3,724.69195
2018,05,3,4,725.32821
2018,05,3,5,725.52097
2018,05,3,6,725.76339
2018,05,3,7,725.98482
2018,05,4,0,726.32086
2018,05,4,1,726.15585
2018,05,4,2,725.51613
2018,05,4,3,724.92815
2018,05,4,4,723.92312
2018,05,4,5,722.15549
2018,05,4,6,720.62961
2018,05,4,7,718.91487
2018,05,5,0,717.70465
2018,05,5,1,716.62595
2018,05,5,2,715.64017
2018,05,5,3,714.99794
2018,05,5,4,714.18575
2018,05,5,5,713.43091
2018,05,5,6,713.69571
2018,05,5,7,714.35176
2018,05,6,0,714.4167
2018,05,6,1,713.89245
2018,05,6,2,714.19061
2018,05,6,3,715.04384
2018,05,6,4,716.08163
2018,05,6,5,716.69451
2018,05,6,6,717.11845
2018,05,6,7,717.92422
2018,05,7,0,718.35599
2018,05,7,1,717.98336
2018,05,7,2,718.16097
2018,05,7,3,718.30706
2018,05,7,4,718.595
2018,05,7,5,718.5155
2018,05,7,6,718.22891
2018,05,7,7,718.01863
2018,05,8,0,717.59312
2018,05,8,1,717.20487
2018,05,8,2,717.56758
2018,05,8,3,717.92571
2018,05,8,4,717.95969
2018,05,8,5,717.77789
2018,05,8,6,717.64681
2018,05,8,7,717.66294
2018,05,9,0,717.13499
2018,05,9,1,716.63001
2018,05,9,2,716.91531
2018,05,9,3,717.28704
2018,05,9,4,717.73417
2018,05,9,5,717.91294
2018,05,9,6,717.71854
2018,05,9,7,718.01079
2018,05,10,0,719.07828
2018,05,10,1,719.61567
2018,05,10,2,720.80016
2018,05,10,3,722.10109
2018,05,10,4,723.01043
2018,05,10,5,724.01381
2018,05,10,6,724.05437
2018,05,10,7,723.85338
2018,05,11,0,723.32855
2018,05,11,1,722.9226
2018,05,11,2,722.60214
2018,05,11,3,722.01685
2018,05,11,4,721.99751
2018,05,11,5,721.68192
2018,05,11,6,721.48938
2018,05,11,7,722.28879
2018,05,12,0,722.49644
2018,05,12,1,723.10118
2018,05,12,2,723.86567
2018,05,12,3,724.62761
2018,05,12,4,725.77458
2018,05,12,5,725.66912
2018,05,12,6,725.15538
2018,05,12,7,724.99526
2018,05,13,0,724.98902
2018,05,13,1,724.1558
2018,05,13,2,723.89878
2018,05,13,3,723.89725
2018,05,13,4,723.82426
2018,05,13,5,723.35192
2018,05,13,6,721.93109
2018,05,13,7,720.78191
2018,05,14,0,720.64997
2018,05,14,1,719.96902
2018,05,14,2,719.20481
2018,05,14,3,718.66685
2018,05,14,4,718.27516
2018,05,14,5,717.84043
2018,05,14,6,717.99193
2018,05,14,7,718.42122
2018,05,15,0,718.48874
2018,05,15,1,718.18913
2018,05,15,2,718.38278
2018,05,15,3,718.96359
2018,05,15,4,719.29492
2018,05,15,5,719.81861
2018,05,15,6,721.08439
2018,05,15,7,722.79046
2018,05,16,0,723.22456
2018,05,16,1,722.16939
2018,05,16,2,722.35421
2018,05,16,3,722.98525
2018,05,16,4,722.98778
2018,05,16,5,722.4902
2018,05,16,6,722.52443
2018,05,16,7,722.6692
2018,05,17,0,722.40263
2018,05,17,1,722.0035
2018,05,17,2,722.70404
2018,05,17,3,723.35809
2018,05,17,4,723.27282
2018,05,17,5,722.97675
2018,05,17,6,722.71504
2018,05,17,7,722.66444
2018,05,18,0,722.61257
2018,05,18,1,722.08948
2018,05,18,2,722.34815
2018,05,18,3,722.49304
2018,05,18,4,723.2158
2018,05,18,5,723.94567
2018,05,18,6,725.16232
2018,05,18,7,726.53644
2018,05,19,0,728.3354
2018,05,19,1,729.75977
2018,05,19,2,738.05592
2018,05,19,3,739.26461
2018,05,19,4,739.83755
2018,05,19,5,740.10099
2018,05,19,6,742.22143
2018,05,19,7,744.24448
2018,05,20,0,745.25252
2018,05,20,1,746.00182
2018,05,20,2,746.46394
2018,05,20,3,746.18388
2018,05,20,4,745.19816
2018,05,20,5,744.34528
2018,05,20,6,743.87732
2018,05,20,7,743.63043
2018,05,21,0,741.71408
2018,05,21,1,740.1411
2018,05,21,2,739.61908
2018,05,21,3,738.67671
2018,05,21,4,729.94503
2018,05,21,5,730.207
2018,05,21,6,730.15791
2018,05,21,7,730.15638
2018,05,22,0,730.55515
2018,05,22,1,730.87436
2018,05,22,2,730.78935
2018,05,22,3,730.44891
2018,05,22,4,730.37444
2018,05,22,5,730.00614
2018,05,22,6,729.11673
2018,05,22,7,728.05367
2018,05,23,0,728.03282
2018,05,23,1,727.64709
2018,05,23,2,727.0589
2018,05,23,3,726.77141
2018,05,23,4,726.05057
2018,05,23,5,725.41376
2018,05,23,6,724.96309
2018,05,23,7,724.98809
2018,05,24,0,725.05691
2018,05,24,1,724.72609
2018,05,24,2,724.47597
2018,05,24,3,724.59535
2018,05,24,4,724.01209
2018,05,24,5,722.77176
2018,05,24,6,723.23816
2018,05,24,7,723.9698
2018,05,25,0,724.06881
2018,05,25,1,724.10913
2018,05,25,2,724.04144
2018,05,25,3,723.31335
2018,05,25,4,722.73962
2018,05,25,5,722.47253
2018,05,25,6,722.17051
2018,05,25,7,721.98589
2018,05,26,0,721.84151
2018,05,26,1,721.85988
2018,05,26,2,722.02947
2018,05,26,3,722.2065
2018,05,26,4,722.32779
2018,05,26,5,722.35679
2018,05,26,6,722.3747
2018,05,26,7,722.48465
2018,05,27,0,722.65329
2018,05,27,1,722.45686
2018,05,27,2,722.29873
2018,05,27,3,721.71687
2018,05,27,4,721.49628
2018,05,27,5,721.00161
2018,05,27,6,720.08072
2018,05,27,7,719.32867
2018,05,28,0,718.37424
2018,05,28,1,717.76959
2018,05,28,2,717.5335
2018,05,28,3,717.98037
2018,05,28,4,718.31341
2018,05,28,5,718.38062
2018,05,28,6,718.93811
2018,05,28,7,719.60289
2018,05,29,0,720.15198
2018,05,29,1,720.70278
2018,05,29,2,721.04468
2018,05,29,3,721.49145
2018,05,29,4,722.10285
2018,05,29,5,722.35401
2018,05,29,6,722.63704
2018,05,29,7,723.03155
2018,05,30,0,723.38687
2018,05,30,1,723.68763
2018,05,30,2,723.68733
2018,05,30,3,723.7502
2018,05,30,4,724.15662
2018,05,30,5,724.14758
2018,05,30,6,724.20754
2018,05,30,7,724.28672
2018,05,31,0,724.52241
2018,05,31,1,724.51498
2018,05,31,2,724.36402
2018,05,31,3,724.24794
2018,05,31,4,724.30821
2018,05,31,5,723.82548
2018,05,31,6,723.17423
2018,05,31,7,722.40102
2019,05,1,0,721.61776
2019,05,1,1,720.71938
2019,05,1,2,719.6758
2019,05,1,3,718.80648
2019,05,1,4,718.23573
2019,05,1,5,717.59507
2019,05,1,6,717.14009
2019,05,1,7,716.88957
2019,05,2,0,716.62535
2019,05,2,1,715.97085
2019,05,2,2,715.27764
2019,05,2,3,714.5368
2019,05,2,4,714.10349
2019,05,2,5,713.98465
2019,05,2,6,714.08857
2019,05,2,7,714.29785
2019,05,3,0,713.90815
2019,05,3,1,713.59051
2019,05,3,2,713.74157
2019,05,3,3,713.9855
2019,05,3,4,713.85464
2019,05,3,5,713.69306
2019,05,3,6,714.2462
2019,05,3,7,714.89232
2019,05,4,0,715.1995
2019,05,4,1,715.33478
2019,05,4,2,715.44968
2019,05,4,3,715.75332
2019,05,4,4,716.30049
2019,05,4,5,716.60918
2019,05,4,6,717.04874
2019,05,4,7,717.84321
2019,05,5,0,718.3835
2019,05,5,1,718.82293
2019,05,5,2,719.22893
2019,05,5,3,719.63631
2019,05,5,4,719.87865
2019,05,5,5,719.75133
2019,05,5,6,719.88582
2019,05,5,7,720.03826
2019,05,6,0,720.16447
2019,05,6,1,720.21005
2019,05,6,2,719.8586
2019,05,6,3,719.62469
2019,05,6,4,719.359
2019,05,6,5,719.00038
2019,05,6,6,718.71236
2019,05,6,7,718.44048
2019,05,7,0,718.43118
2019,05,7,1,718.18705
2019,05,7,2,718.22037
2019,05,7,3,718.31148
2019,05,7,4,718.64252
2019,05,7,5,718.9974
2019,05,7,6,719.15569
2019,05,7,7,719.44033
2019,05,8,0,719.40941
2019,05,8,1,719.24273
2019,05,8,2,719.66213
2019,05,8,3,720.00299
2019,05,8,4,719.93728
2019,05,8,5,719.71384
2019,05,8,6,720.48885
2019,05,8,7,721.362
2019,05,9,0,721.76452
2019,05,9,1,721.77781
2019,05,9,2,722.08493
2019,05,9,3,722.37241
2019,05,9,4,722.80918
2019,05,9,5,722.88824
2019,05,9,6,723.09916
2019,05,9,7,723.5262
2019,05,10,0,723.83266
2019,05,10,1,723.70382
2019,05,10,2,723.39678
2019,05,10,3,723.24697
2019,05,10,4,723.38883
2019,05,10,5,724.03432
2019,05,10,6,724.49954
2019,05,10,7,725.01709
2019,05,11,0,725.64927
2019,05,11,1,725.81497
2019,05,11,2,725.87501
2019,05,11,3,725.87919
2019,05,11,4,726.44719
2019,05,11,5,726.6521
2019,05,11,6,726.48902
2019,05,11,7,726.15901
2019,05,12,0,726.38764
2019,05,12,1,726.50118
2019,05,12,2,725.81365
2019,05,12,3,725.12428
2019,05,12,4,724.85463
2019,05,12,5,724.25544
2019,05,12,6,724.2916
2019,05,12,7,724.4619
2019,05,13,0,724.37792
2019,05,13,1,724.35729
2019,05,13,2,724.43077
2019,05,13,3,724.54536
2019,05,13,4,724.97831
2019,05,13,5,725.46335
2019,05,13,6,726.03074
2019,05,13,7,726.51315
2019,05,14,0,726.61351
2019,05,14,1,726.29754
2019,05,14,2,726.86858
2019,05,14,3,727.16021
2019,05,14,4,727.16095
2019,05,14,5,726.91831
2019,05,14,6,726.72805
2019,05,14,7,726.59968
2019,05,15,0,726.25303
2019,05,15,1,725.52682
2019,05,15,2,724.00753
2019,05,15,3,722.55855
2019,05,15,4,722.07781
2019,05,15,5,721.61119
2019,05,15,6,721.60946
2019,05,15,7,721.36549
2019,05,16,0,720.49679
2019,05,16,1,719.82668
2019,05,16,2,720.02093
2019,05,16,3,720.3942
2019,05,16,4,720.87056
2019,05,16,5,721.46895
2019,05,16,6,721.85059
2019,05,16,7,721.9925
2019,05,17,0,722.27448
2019,05,17,1,722.58451
2019,05,17,2,722.92268
2019,05,17,3,723.18722
2019,05,17,4,723.59465
2019,05,17,5,723.8371
2019,05,17,6,724.17664
2019,05,17,7,724.69676
2019,05,18,0,724.75052
2019,05,18,1,724.5102
2019,05,18,2,724.01169
2019,05,18,3,723.68909
2019,05,18,4,722.92015
2019,05,18,5,722.08381
2019,05,18,6,721.55694
2019,05,18,7,721.12593
2019,05,19,0,721.18778
2019,05,19,1,721.16748
2019,05,19,2,720.43443
2019,05,19,3,719.77236
2019,05,19,4,719.65965
2019,05,19,5,719.90244
2019,05,19,6,720.55074
2019,05,19,7,721.69932
2019,05,20,0,722.93771
2019,05,20,1,723.33064
2019,05,20,2,723.17488
2019,05,20,3,723.06393
2019,05,20,4,723.19669
2019,05,20,5,722.68114
2019,05,20,6,721.65203
2019,05,20,7,722.12587
2019,05,21,0,722.72819
2019,05,21,1,723.02784
2019,05,21,2,723.97918
2019,05,21,3,724.61678
2019,05,21,4,724.7297
2019,05,21,5,724.17729
2019,05,21,6,724.22431
2019,05,21,7,724.42889
2019,05,22,0,724.4202
2019,05,22,1,723.91637
2019,05,22,2,723.66085
2019,05,22,3,723.71433
2019,05,22,4,723.11867
2019,05,22,5,722.64938
2019,05,22,6,722.33063
2019,05,22,7,722.04617
2019,05,23,0,721.33425
2019,05,23,1,720.32
2019,05,23,2,719.36355
2019,05,23,3,718.35982
2019,05,23,4,718.23294
2019,05,23,5,718.28707
2019,05,23,6,718.10658
2019,05,23,7,717.97175
2019,05,24,0,717.41014
2019,05,24,1,716.33077
2019,05,24,2,715.06466
2019,05,24,3,713.71699
2019,05,24,4,712.53878
2019,05,24,5,711.61192
2019,05,24,6,709.96728
2019,05,24,7,708.83625
2019,05,25,0,708.82756
2019,05,25,1,708.92085
2019,05,25,2,709.6062
2019,05,25,3,710.16076
2019,05,25,4,710.76239
2019,05,25,5,711.75981
2019,05,25,6,713.07572
2019,05,25,7,714.16699
2019,05,26,0,714.89135
2019,05,26,1,715.2544
2019,05,26,2,715.64892
2019,05,26,3,715.71758
2019,05,26,4,716.24046
2019,05,26,5,716.6211
2019,05,26,6,716.31685
2019,05,26,7,715.81343
2019,05,27,0,715.36477
2019,05,27,1,714.98357
2019,05,27,2,714.58972
2019,05,27,3,714.04155
2019,05,27,4,714.07322
2019,05,27,5,714.31825
2019,05,27,6,714.30301
2019,05,27,7,714.60581
2019,05,28,0,715.11576
2019,05,28,1,715.65609
2019,05,28,2,716.18076
2019,05,28,3,716.65078
2019,05,28,4,716.99306
2019,05,28,5,717.09144
2019,05,28,6,717.51661
2019,05,28,7,718.23278
2019,05,29,0,718.5061
2019,05,29,1,718.70053
2019,05,29,2,718.97964
2019,05,29,3,719.46376
2019,05,29,4,720.04393
2019,05,29,5,720.51999
2019,05,29,6,721.08078
2019,05,29,7,721.73375
2019,05,30,0,721.79402
2019,05,30,1,721.26312
2019,05,30,2,721.00714
2019,05,30,3,720.99017
2019,05,30,4,720.7114
2019,05,30,5,720.37884
2019,05,30,6,720.78999
2019,05,30,7,721.58946
2019,05,31,0,721.8975
2019,05,31,1,721.95016
2019,05,31,2,722.43586
2019,05,31,3,722.55462
2019,05,31,4,722.53463
2019,05,31,5,722.21914
2019,05,31,6,721.89061
2019,05,31,7,721.9048
2019,05,1,0,721.74662
2019,05,1,1,721.24378
2019,05,1,2,721.27011
2019,05,1,3,720.93827
2019,05,1,4,720.28203
2019,05,1,5,719.73218
2019,05,1,6,719.41734
2019,05,1,7,719.03075
2019,05,2,0,718.66153
2019,05,2,1,718.00705
2019,05,2,2,718.04463
2019,05,2,3,717.80475
2019,05,2,4,717.63735
2019,05,2,5,717.58677
2019,05,2,6,717.65057
2019,05,2,7,717.76239
2019,05,3,0,718.06453
2019,05,3,1,718.1182
2019,05,3,2,718.11239
2019,05,3,3,718.0386
2019,05,3,4,717.69974
2019,05,3,5,717.12237
2019,05,3,6,716.86798
2019,05,3,7,716.62244
2019,05,4,0,716.29991
2019,05,4,1,715.88355
2019,05,4,2,715.45536
2019,05,4,3,715.09334
2019,05,4,4,714.92482
2019,05,4,5,714.77555
2019,05,4,6,714.71761
2019,05,4,7,714.91489
2019,05,5,0,715.13058
2019,05,5,1,715.25783
2019,05,5,2,715.74396
2019,05,5,3,716.05681
2019,05,5,4,716.40131
2019,05,5,5,716.60992
2019,05,5,6,717.25729
2019,05,5,7,717.74641
2019,05,6,0,717.66681
2019,05,6,1,717.44475
2019,05,6,2,717.41478
2019,05,6,3,717.09239
2019,05,6,4,716.84993
2019,05,6,5,716.47352
2019,05,6,6,715.41605
2019,05,6,7,714.68882
2019,05,7,0,713.83274
2019,05,7,1,712.74915
2019,05,7,2,712.12558
2019,05,7,3,711.55335
2019,05,7,4,711.4145
2019,05,7,5,711.37164
2019,05,7,6,711.16733
2019,05,7,7,711.34235
2019,05,8,0,711.47147
2019,05,8,1,711.46079
2019,05,8,2,711.57596
2019,05,8,3,711.92571
2019,05,8,4,712.57253
2019,05,8,5,713.22926
2019,05,8,6,714.29119
2019,05,8,7,715.73869
2019,05,9,0,716.83819
2019,05,9,1,717.63433
2019,05,9,2,718.64155
2019,05,9,3,719.7006
2019,05,9,4,720.33302
2019,05,9,5,720.60584
2019,05,9,6,720.33336
2019,05,9,7,719.90372
2019,05,10,0,719.54181
2019,05,10,1,718.7477
2019,05,10,2,718.09024
2019,05,10,3,717.00559
2019,05,10,4,716.69841
2019,05,10,5,717.20736
2019,05,10,6,717.28292
2019,05,10,7,717.29409
2019,05,11,0,717.66102
2019,05,11,1,717.99983
2019,05,11,2,718.77685
2019,05,11,3,719.75962
2019,05,11,4,720.91632
2019,05,11,5,721.8302
2019,05,11,6,722.51573
2019,05,11,7,723.28814
2019,05,12,0,724.03018
2019,05,12,1,724.38452
2019,05,12,2,724.33083
2019,05,12,3,724.09482
2019,05,12,4,723.76233
2019,05,12,5,723.43466
2019,05,12,6,723.54637
2019,05,12,7,723.36057
2019,05,13,0,722.90754
2019,05,13,1,721.6767
2019,05,13,2,721.03071
2019,05,13,3,720.96049
2019,05,13,4,721.39163
2019,05,13,5,722.08656
2019,05,13,6,722.37352
2019,05,13,7,722.89594
2019,05,14,0,723.57486
2019,05,14,1,724.20105
2019,05,14,2,725.57154
2019,05,14,3,726.55964
2019,05,14,4,727.13287
2019,05,14,5,727.18212
2019,05,14,6,727.45087
2019,05,14,7,727.44723
2019,05,15,0,727.0951
2019,05,15,1,726.5354
2019,05,15,2,726.46499
2019,05,15,3,726.30724
2019,05,15,4,725.85703
2019,05,15,5,725.57062
2019,05,15,6,725.67071
2019,05,15,7,725.46092
2019,05,16,0,725.54655
2019,05,16,1,725.82211
2019,05,16,2,725.97051
2019,05,16,3,725.98962
2019,05,16,4,726.903
2019,05,16,5,727.44432
2019,05,16,6,727.25933
2019,05,16,7,727.28732
2019,05,17,0,728.45948
2019,05,17,1,729.18687
2019,05,17,2,728.64629
2019,05,17,3,727.93334
2019,05,17,4,727.75304
2019,05,17,5,727.82802
2019,05,17,6,727.86154
2019,05,17,7,727.85648
2019,05,18,0,727.31816
2019,05,18,1,726.7718
2019,05,18,2,727.24281
2019,05,18,3,728.03954
2019,05,18,4,728.44072
2019,05,18,5,728.6194
2019,05,18,6,729.70692
2019,05,18,7,740.22859
2019,05,19,0,740.87342
2019,05,19,1,741.11005
2019,05,19,2,741.14956
2019,05,19,3,740.79461
2019,05,19,4,739.84144
2019,05,19,5,731.14488
2019,05,19,6,730.06152
2019,05,19,7,729.06852
2019,05,20,0,727.78201
2019,05,20,1,726.82117
2019,05,20,2,725.59143
2019,05,20,3,724.29737
2019,05,20,4,723.65221
2019,05,20,5,722.99918
2019,05,20,6,722.46733
2019,05,20,7,722.3565
2019,05,21,0,723.05838
2019,05,21,1,723.10592
2019,05,21,2,722.46913
2019,05,21,3,722.20453
2019,05,21,4,721.36
2019,05,21,5,720.25408
2019,05,21,6,719.03875
2019,05,21,7,718.13712
2019,05,22,0,717.30695
2019,05,22,1,716.43071
2019,05,22,2,716.14208
2019,05,22,3,716.37784
2019,05,22,4,717.31736
2019,05,22,5,718.11805
2019,05,22,6,719.80506
2019,05,22,7,721.7317
2019,05,23,0,722.70177
2019,05,23,1,723.031
2019,05,23,2,722.79911
2019,05,23,3,722.50029
2019,05,23,4,722.22318
2019,05,23,5,722.419
2019,05,23,6,722.78646
2019,05,23,7,723.7076
2019,05,24,0,724.61843
2019,05,24,1,725.1614
2019,05,24,2,726.27063
2019,05,24,3,727.69848
2019,05,24,4,728.51428
2019,05,24,5,728.89353
2019,05,24,6,729.7171
2019,05,24,7,730.2693
2019,05,25,0,729.85719
2019,05,25,1,728.72619
2019,05,25,2,727.83738
2019,05,25,3,726.82673
2019,05,25,4,725.37083
2019,05,25,5,723.92423
2019,05,25,6,723.59846
2019,05,25,7,723.60853
2019,05,26,0,723.39896
2019,05,26,1,722.98564
2019,05,26,2,723.37594
2019,05,26,3,723.85255
2019,05,26,4,724.50666
2019,05,26,5,724.9988
2019,05,26,6,725.2372
2019,05,26,7,725.76997
2019,05,27,0,725.85024
2019,05,27,1,725.91532
2019,05,27,2,726.61697
2019,05,27,3,726.86785
2019,05,27,4,727.38749
2019,05,27,5,727.66621
2019,05,27,6,727.76588
2019,05,27,7,727.55702
2019,05,28,0,726.01905
2019,05,28,1,724.02139
2019,05,28,2,723.0187
2019,05,28,3,722.18676
2019,05,28,4,721.25882
2019,05,28,5,720.27022
2019,05,28,6,719.25062
2019,05,28,7,718.22806
2019,05,1,0,717.45099
2019,05,1,1,716.71929
2019,05,1,2,717.10631
2019,05,1,3,717.28949
2019,05,1,4,717.42441
2019,05,1,5,717.29844
2019,05,1,6,717.19119
2019,05,1,7,717.1761
2019,05,2,0,716.97067
2019,05,2,1,716.71005
2019,05,2,2,716.50238
2019,05,2,3,716.26497
2019,05,2,4,716.43314
2019,05,2,5,716.48175
2019,05,2,6,716.70463
2019,05,2,7,717.28237
2019,05,3,0,717.8319
2019,05,3,1,718.055
2019,05,3,2,718.48629
2019,05,3,3,718.55192
2019,05,3,4,718.50262
2019,05,3,5,718.31721
2019,05,3,6,718.32258
2019,05,3,7,718.70445
2019,05,4,0,718.78181
2019,05,4,1,718.61108
2019,05,4,2,718.81992
2019,05,4,3,718.79251
2019,05,4,4,718.87166
2019,05,4,5,718.40153
2019,05,4,6,718.21912
2019,05,4,7,718.70617
2019,05,5,0,719.4132
2019,05,5,1,719.89151
2019,05,5,2,720.63693
2019,05,5,3,721.03444
2019,05,5,4,721.00091
2019,05,5,5,720.32624
2019,05,5,6,719.42289
2019,05,5,7,718.67369
2019,05,6,0,718.19831
2019,05,6,1,717.73628
2019,05,6,2,717.19904
2019,05,6,3,716.57947
2019,05,6,4,716.52046
2019,05,6,5,716.57823
2019,05,6,6,717.50901
2019,05,6,7,718.57736
2019,05,7,0,719.41024
2019,05,7,1,719.79751
2019,05,7,2,720.76835
2019,05,7,3,721.06628
2019,05,7,4,720.57208
2019,05,7,5,720.03268
2019,05,7,6,720.57172
2019,05,7,7,721.47959
2019,05,8,0,722.30488
2019,05,8,1,722.27856
2019,05,8,2,721.62459
2019,05,8,3,720.95894
2019,05,8,4,720.40116
2019,05,8,5,719.67021
2019,05,8,6,719.2591
2019,05,8,7,719.32154
2019,05,9,0,719.30342
2019,05,9,1,718.76702
2019,05,9,2,719.47786
2019,05,9,3,720.10453
2019,05,9,4,720.47904
2019,05,9,5,720.73838
2019,05,9,6,720.89797
2019,05,9,7,720.65772
2019,05,10,0,720.39739
2019,05,10,1,719.68346
2019,05,10,2,720.07086
2019,05,10,3,720.0412
2019,05,10,4,719.86792
2019,05,10,5,719.47604
2019,05,10,6,719.36496
2019,05,10,7,719.23375
2019,05,11,0,718.96981
2019,05,11,1,718.75966
2019,05,11,2,719.36175
2019,05,11,3,719.76862
2019,05,11,4,719.67041
2019,05,11,5,719.47138
2019,05,11,6,719.40343
2019,05,11,7,718.93419
2019,05,12,0,718.40347
2019,05,12,1,717.50067
2019,05,12,2,716.64677
2019,05,12,3,715.74631
2019,05,12,4,715.15777
2019,05,12,5,714.5892
2019,05,12,6,714.26492
2019,05,12,7,713.69907
2019,05,13,0,713.77378
2019,05,13,1,713.71444
2019,05,13,2,713.38094
2019,05,13,3,712.58624
2019,05,13,4,712.39808
2019,05,13,5,712.44978
2019,05,13,6,712.37784
2019,05,13,7,712.00611
2019,05,14,0,712.21729
2019,05,14,1,712.25167
2019,05,14,2,712.5526
2019,05,14,3,712.37594
2019,05,14,4,712.87133
2019,05,14,5,712.93561
2019,05,14,6,712.79118
2019,05,14,7,712.6672
2019,05,15,0,712.73067
2019,05,15,1,712.20476
2019,05,15,2,711.96994
2019,05,15,3,711.56903
2019,05,15,4,711.10488
2019,05,15,5,710.49839
2019,05,15,6,710.30436
2019,05,15,7,709.99702
2019,05,16,0,709.44106
2019,05,16,1,708.77033
2019,05,16,2,708.42188
2019,05,16,3,708.06304
2019,05,16,4,708.12641
2019,05,16,5,707.96803
2019,05,16,6,708.0101
2019,05,16,7,708.07449
2019,05,17,0,708.58069
2019,05,17,1,708.86688
2019,05,17,2,709.32975
2019,05,17,3,709.69306
2019,05,17,4,710.19423
2019,05,17,5,710.75049
2019,05,17,6,711.45684
2019,05,17,7,712.22284
2019,05,18,0,712.78429
2019,05,18,1,713.1811
2019,05,18,2,714.13408
2019,05,18,3,714.65634
2019,05,18,4,715.0784
2019,05,18,5,715.39731
2019,05,18,6,715.90503
2019,05,18,7,716.45898
2019,05,19,0,717.14678
2019,05,19,1,717.37482
2019,05,19,2,718.05258
2019,05,19,3,718.6372
2019,05,19,4,719.22043
2019,05,19,5,719.6851
2019,05,19,6,720.24207
2019,05,19,7,720.81095
2019,05,20,0,721.7792
2019,05,20,1,722.16964
2019,05,20,2,722.62154
2019,05,20,3,723.07386
2019,05,20,4,723.9455
2019,05,20,5,724.47022
2019,05,20,6,724.87656
2019,05,20,7,725.16662
2019,05,21,0,725.255
2019,05,21,1,725.1549
2019,05,21,2,724.9399
2019,05,21,3,724.2405
2019,05,21,4,723.8489
2019,05,21,5,723.10949
2019,05,21,6,722.3424
2019,05,21,7,721.46803
2019,05,22,0,720.72936
2019,05,22,1,719.96078
2019,05,22,2,719.72789
2019,05,22,3,719.59572
2019,05,22,4,719.75266
2019,05,22,5,719.95244
2019,05,22,6,719.89883
2019,05,22,7,719.82162
2019,05,23,0,720.17631
2019,05,23,1,720.44618
2019,05,23,2,720.96431
2019,05,23,3,721.25044
2019,05,23,4,721.86834
2019,05,23,5,722.49445
2019,05,23,6,722.84781
2019,05,23,7,723.1602
2019,05,24,0,723.47568
2019,05,24,1,724.05296
2019,05,24,2,724.0888
2019,05,24,3,723.88619
2019,05,24,4,724.4295
2019,05,24,5,724.74551
2019,05,24,6,724.49587
2019,05,24,7,724.03816
2019,05,25,0,723.66769
2019,05,25,1,722.72728
2019,05,25,2,721.69409
2019,05,25,3,720.59153
2019,05,25,4,719.90563
2019,05,25,5,719.16885
2019,05,25,6,718.68539
2019,05,25,7,718.14973
2019,05,26,0,717.33871
2019,05,26,1,716.63911
2019,05,26,2,716.39942
2019,05,26,3,716.09002
2019,05,26,4,715.68948
2019,05,26,5,715.21315
2019,05,26,6,715.00946
2019,05,26,7,714.84528
2019,05,27,0,714.38762
2019,05,27,1,713.71242
2019,05,27,2,713.40946
2019,05,27,3,713.22096
2019,05,27,4,713.19439
2019,05,27,5,712.96365
2019,05,27,6,712.7898
2019,05,27,7,713.10527
2019,05,28,0,713.29714
2019,05,28,1,713.19635
2019,05,28,2,713.24459
2019,05,28,3,713.7003
2019,05,28,4,714.10658
2019,05,28,5,714.34933
2019,05,28,6,714.55027
2019,05,28,7,715.01586
2019,05,29,0,715.03827
2019,05,29,1,714.40382
2019,05,29,2,714.55911
2019,05,29,3,714.82111
2019,05,29,4,715.08546
2019,05,29,5,714.79519
2019,05,29,6,714.60351
2019,05,29,7,714.62324
2019,05,30,0,714.20158
2019,05,30,1,713.35944
2019,05,30,2,713.5537
2019,05,30,3,713.63651
2019,05,30,4,713.64254
2019,05,30,5,713.67469
2019,05,30,6,713.67887
2019,05,30,7,713.87891
2019,05,31,0,713.88085
2019,05,31,1,713.45374
2019,05,31,2,713.52364
2019,05,31,3,713.41487
2019,05,31,4,713.14882
2019,05,31,5,712.66894
2019,05,31,6,712.09195
2019,05,31,7,711.55136
2019,05,1,0,711.07595
2019,05,1,1,710.39378
2019,05,1,2,709.85166
2019,05,1,3,709.36275
2019,05,1,4,709.09787
2019,05,1,5,708.84165
2019,05,1,6,708.52656
2019,05,1,7,708.4265
2019,05,2,0,708.10598
2019,05,2,1,707.8416
2019,05,2,2,708.28354
2019,05,2,3,708.62194
2019,05,2,4,709.05727
2019,05,2,5,709.2298
2019,05,2,6,708.60513
2019,05,2,7,708.0136
2019,05,3,0,707.39793
2019,05,3,1,707.22128
2019,05,3,2,707.57474
2019,05,3,3,707.95503
2019,05,3,4,707.93153
2019,05,3,5,707.76068
2019,05,3,6,707.49958
2019,05,3,7,707.67844
2019,05,4,0,707.78577
2019,05,4,1,707.46289
2019,05,4,2,707.55473
2019,05,4,3,707.65617
2019,05,4,4,707.79052
2019,05,4,5,707.94603
2019,05,4,6,708.16637
2019,05,4,7,708.34498
2019,05,5,0,708.66359
2019,05,5,1,708.9616
2019,05,5,2,709.24265
2019,05,5,3,709.97742
2019,05,5,4,711.23635
2019,05,5,5,712.66396
2019,05,5,6,713.70751
2019,05,5,7,714.91117
2019,05,6,0,715.59495
2019,05,6,1,715.91267
2019,05,6,2,717.43485
2019,05,6,3,718.44075
2019,05,6,4,718.8354
2019,05,6,5,719.29629
2019,05,6,6,719.43554
2019,05,6,7,718.98716
2019,05,7,0,718.11324
2019,05,7,1,717.11732
2019,05,7,2,716.45924
2019,05,7,3,715.26096
2019,05,7,4,714.78466
2019,05,7,5,713.63165
2019,05,7,6,712.73919
2019,05,7,7,712.18873
2019,05,8,0,711.92647
2019,05,8,1,712.20862
2019,05,8,2,712.16115
2019,05,8,3,712.16357
2019,05,8,4,712.34156
2019,05,8,5,712.77767
2019,05,8,6,713.7601
2019,05,8,7,714.4955
2019,05,9,0,714.97629
2019,05,9,1,714.82704
2019,05,9,2,715.05851
2019,05,9,3,715.24656
2019,05,9,4,715.15119
2019,05,9,5,715.17027
2019,05,9,6,715.10137
2019,05,9,7,714.99409
2019,05,10,0,714.99964
2019,05,10,1,714.83019
2019,05,10,2,714.8509
2019,05,10,3,714.57778
2019,05,10,4,714.4339
2019,05,10,5,713.91659
2019,05,10,6,713.71805
2019,05,10,7,713.73304
2019,05,11,0,713.54208
2019,05,11,1,713.40129
2019,05,11,2,713.69627
2019,05,11,3,713.96898
2019,05,11,4,713.8923
2019,05,11,5,713.7782
2019,05,11,6,713.97581
2019,05,11,7,714.1531
2019,05,12,0,714.34153
2019,05,12,1,713.90449
2019,05,12,2,713.96501
2019,05,12,3,713.824
2019,05,12,4,713.16983
2019,05,12,5,712.61777
2019,05,12,6,711.55135
2019,05,12,7,710.56269
2019,05,13,0,709.79632
2019,05,13,1,708.69256
2019,05,13,2,708.02864
2019,05,13,3,707.78467
2019,05,13,4,707.73211
2019,05,13,5,707.49555
2019,05,13,6,707.81551
2019,05,13,7,708.6157
2019,05,14,0,710.00648
2019,05,14,1,711.41317
2019,05,14,2,712.62048
2019,05,14,3,714.31203
2019,05,14,4,715.49061
2019,05,14,5,717.05174
2019,05,14,6,719.00236
2019,05,14,7,720.71464
2019,05,15,0,722.14037
2019,05,15,1,722.84272
2019,05,15,2,723.68474
2019,05,15,3,724.38244
2019,05,15,4,724.30454
2019,05,15,5,724.23473
2019,05,15,6,724.38709
2019,05,15,7,724.12534
2019,05,16,0,724.06193
2019,05,16,1,724.41284
2019,05,16,2,725.34278
2019,05,16,3,726.30515
2019,05,16,4,727.37017
2019,05,16,5,728.1983
2019,05,16,6,728.55183
2019,05,16,7,728.95565
2019,05,17,0,728.68575
2019,05,17,1,728.45923
2019,05,17,2,729.11395
2019,05,17,3,729.76899
2019,05,17,4,729.76353
2019,05,17,5,729.51932
2019,05,17,6,729.06126
2019,05,17,7,728.44709
2019,05,18,0,727.73441
2019,05,18,1,726.60785
2019,05,18,2,725.774
2019,05,18,3,725.20944
2019,05,18,4,723.66533
2019,05,18,5,721.99635
2019,05,18,6,720.64323
2019,05,18,7,719.26463
2019,05,19,0,718.21207
2019,05,19,1,717.36108
2019,05,19,2,717.17885
2019,05,19,3,717.43662
2019,05,19,4,717.94845
2019,05,19,5,718.68206
2019,05,19,6,719.82011
2019,05,19,7,721.10874
2019,05,20,0,722.2396
2019,05,20,1,722.67234
2019,05,20,2,723.19088
2019,05,20,3,723.46713
2019,05,20,4,723.7141
2019,05,20,5,723.62441
2019,05,20,6,723.65309
2019,05,20,7,723.56647
2019,05,21,0,723.01544
2019,05,21,1,722.02018
2019,05,21,2,721.19324
2019,05,21,3,720.63656
2019,05,21,4,720.37989
2019,05,21,5,719.87487
2019,05,21,6,719.18946
2019,05,21,7,718.97741
2019,05,22,0,718.86903
2019,05,22,1,718.47697
2019,05,22,2,718.52062
2019,05,22,3,718.87656
2019,05,22,4,719.16355
2019,05,22,5,719.26683
2019,05,22,6,719.54842
2019,05,22,7,719.91604
2019,05,23,0,719.90028
2019,05,23,1,719.8111
2019,05,23,2,719.92898
2019,05,23,3,719.71639
2019,05,23,4,720.01113
2019,05,23,5,720.34274
2019,05,23,6,719.72868
2019,05,23,7,719.49154
2019,05,24,0,719.36181
2019,05,24,1,718.76653
2019,05,24,2,718.67657
2019,05,24,3,718.61634
2019,05,24,4,718.53015
2019,05,24,5,718.24694
2019,05,24,6,717.36886
2019,05,24,7,716.54151
2019,05,25,0,716.34093
2019,05,25,1,715.53294
2019,05,25,2,714.77748
2019,05,25,3,714.67333
2019,05,25,4,714.64939
2019,05,25,5,714.29106
2019,05,25,6,714.23984
2019,05,25,7,714.81706
2019,05,26,0,715.65571
2019,05,26,1,716.00125
2019,05,26,2,716.32999
2019,05,26,3,716.60618
2019,05,26,4,716.72111
2019,05,26,5,716.92644
2019,05,26,6,717.22152
2019,05,26,7,717.8781
2019,05,27,0,718.10264
2019,05,27,1,718.24878
2019,05,27,2,718.65254
2019,05,27,3,718.91774
2019,05,27,4,719.61418
2019,05,27,5,720.13804
2019,05,27,6,720.11434
2019,05,27,7,720.04658
2019,05,28,0,720.07584
2019,05,28,1,719.66391
2019,05,28,2,719.31854
2019,05,28,3,719.19875
2019,05,28,4,719.09136
2019,05,28,5,718.93275
2019,05,28,6,718.89747
2019,05,28,7,719.02254
2019,05,29,0,718.93652
2019,05,29,1,718.49252
2019,05,29,2,718.55086
2019,05,29,3,718.7302
2019,05,29,4,718.66281
2019,05,29,5,718.36633
2019,05,29,6,717.77635
2019,05,29,7,717.32208
2019,05,30,0,716.41079
2019,05,30,1,715.56911
2019,05,30,2,715.30051
2019,05,30,3,714.99496
2019,05,30,4,714.99426
2019,05,30,5,714.94563
2019,05,30,6,714.73334
2019,05,30,7,714.87567
2019,05,1,0,714.58614
2019,05,1,1,714.29366
2019,05,1,2,714.51223
2019,05,1,3,714.78316
2019,05,1,4,715.04663
2019,05,1,5,715.25685
2019,05,1,6,715.44874
2019,05,1,7,715.16426
2019,05,2,0,714.74198
2019,05,2,1,714.27435
2019,05,2,2,714.16029
2019,05,2,3,713.78913
2019,05,2,4,713.05083
2019,05,2,5,712.33939
2019,05,2,6,712.20008
2019,05,2,7,712.5644
2019,05,3,0,712.84706
2019,05,3,1,713.9827
2019,05,3,2,715.04705
2019,05,3,3,716.22987
2019,05,3,4,718.02848
2019,05,3,5,720.14092
2019,05,3,6,721.74505
2019,05,3,7,723.22448
2019,05,4,0,723.87148
2019,05,4,1,723.62952
2019,05,4,2,724.33155
2019,05,4,3,724.65485
2019,05,4,4,724.125
2019,05,4,5,723.98069
2019,05,4,6,723.9979
2019,05,4,7,724.14273
2019,05,5,0,723.62704
2019,05,5,1,722.80458
2019,05,5,2,722.73378
2019,05,5,3,722.54695
2019,05,5,4,722.86033
2019,05,5,5,722.81431
2019,05,5,6,722.69422
2019,05,5,7,722.45895
2019,05,6,0,721.73839
2019,05,6,1,721.26918
2019,05,6,2,720.99046
2019,05,6,3,720.97366
2019,05,6,4,721.0134
2019,05,6,5,721.07187
2019,05,6,6,720.8308
2019,05,6,7,720.52849
2019,05,7,0,719.82346
2019,05,7,1,719.23331
2019,05,7,2,718.85378
2019,05,7,3,718.41392
2019,05,7,4,718.03497
2019,05,7,5,717.65719
2019,05,7,6,717.91414
2019,05,7,7,718.33788
2019,05,8,0,718.13219
2019,05,8,1,717.70638
2019,05,8,2,718.17
2019,05,8,3,718.59838
2019,05,8,4,718.6311
2019,05,8,5,718.82853
2019,05,8,6,718.62719
2019,05,8,7,718.59235
2019,05,9,0,718.5225
2019,05,9,1,717.61709
2019,05,9,2,717.94653
2019,05,9,3,718.08362
2019,05,9,4,718.52854
2019,05,9,5,718.80392
2019,05,9,6,718.24232
2019,05,9,7,718.16441
2019,05,10,0,718.08235
2019,05,10,1,717.51099
2019,05,10,2,717.06377
2019,05,10,3,716.50123
2019,05,10,4,715.2437
2019,05,10,5,714.19478
2019,05,10,6,712.96384
2019,05,10,7,711.79359
2019,05,11,0,711.122
2019,05,11,1,710.13642
2019,05,11,2,709.88133
2019,05,11,3,709.69726
2019,05,11,4,709.43662
2019,05,11,5,709.41534
2019,05,11,6,709.69994
2019,05,11,7,710.29962
2019,05,12,0,710.08544
2019,05,12,1,710.1471
2019,05,12,2,710.75632
2019,05,12,3,710.81868
2019,05,12,4,711.17036
2019,05,12,5,711.44424
2019,05,12,6,711.69741
2019,05,12,7,711.86005
2019,05,13,0,711.96093
2019,05,13,1,711.8717
2019,05,13,2,712.09386
2019,05,13,3,712.60341
2019,05,13,4,712.75579
2019,05,13,5,712.92309
2019,05,13,6,712.869
2019,05,13,7,712.88262
2019,05,14,0,713.2735
2019,05,14,1,713.45262
2019,05,14,2,714.30339
2019,05,14,3,714.93352
2019,05,14,4,715.44088
2019,05,14,5,716.26023
2019,05,14,6,716.64598
2019,05,14,7,717.23967
2019,05,15,0,717.07586
2019,05,15,1,716.49067
2019,05,15,2,716.68737
2019,05,15,3,716.88972
2019,05,15,4,717.64391
2019,05,15,5,718.39634
2019,05,15,6,718.96554
2019,05,15,7,719.85446
2019,05,16,0,720.94505
2019,05,16,1,721.29662
2019,05,16,2,722.08438
2019,05,16,3,722.60543
2019,05,16,4,722.55252
2019,05,16,5,722.78703
2019,05,16,6,722.79869
2019,05,16,7,722.4435
2019,05,17,0,721.43678
2019,05,17,1,720.5843
2019,05,17,2,720.68332
2019,05,17,3,720.51775
2019,05,17,4,720.184
2019,05,17,5,719.88868
2019,05,17,6,719.60946
2019,05,17,7,719.22114
2019,05,18,0,718.75103
2019,05,18,1,718.49689
2019,05,18,2,718.19164
2019,05,18,3,718.0462
2019,05,18,4,717.97278
2019,05,18,5,718.20753
2019,05,18,6,718.11438
2019,05,18,7,717.76332
2019,05,19,0,718.31963
2019,05,19,1,718.75948
2019,05,19,2,718.92516
2019,05,19,3,719.14831
2019,05,19,4,719.5652
2019,05,19,5,720.19532
2019,05,19,6,720.48299
2019,05,19,7,721.11555
2019,05,20,0,721.93975
2019,05,20,1,722.13513
2019,05,20,2,722.64426
2019,05,20,3,723.03117
2019,05,20,4,723.2005
2019,05,20,5,723.4648
2019,05,20,6,723.68571
2019,05,20,7,723.52883
2019,05,21,0,723.65423
2019,05,21,1,723.45305
2019,05,21,2,722.84819
2019,05,21,3,723.04433
2019,05,21,4,722.16197
2019,05,21,5,720.98356
2019,05,21,6,720.78647
2019,05,21,7,719.86439
2019,05,22,0,719.16066
2019,05,22,1,718.00319
2019,05,22,2,716.76941
2019,05,22,3,716.18259
2019,05,22,4,716.28107
2019,05,22,5,716.63772
2019,05,22,6,717.78384
2019,05,22,7,718.56136
2019,05,23,0,718.35905
2019,05,23,1,718.07387
2019,05,23,2,718.50077
2019,05,23,3,718.13941
2019,05,23,4,717.99186
2019,05,23,5,717.65593
2019,05,23,6,717.78238
2019,05,23,7,718.33578
2019,05,24,0,718.55492
2019,05,24,1,718.46713
2019,05,24,2,718.87613
2019,05,24,3,719.44225
2019,05,24,4,719.76234
2019,05,24,5,720.2019
2019,05,24,6,720.77184
2019,05,24,7,721.45906
2019,05,25,0,722.39078
2019,05,25,1,722.99757
2019,05,25,2,723.61372
2019,05,25,3,724.27177
2019,05,25,4,725.13359
2019,05,25,5,725.94646
2019,05,25,6,726.38562
2019,05,25,7,726.99391
2019,05,26,0,727.24071
2019,05,26,1,727.49368
2019,05,26,2,728.35028
2019,05,26,3,729.26568
2019,05,26,4,730.02159
2019,05,26,5,731.11345
2019,05,26,6,732.12015
2019,05,26,7,733.14978
2019,05,27,0,733.75754
2019,05,27,1,734.17115
2019,05,27,2,734.2338
2019,05,27,3,734.40482
2019,05,27,4,734.57016
2019,05,27,5,734.07707
2019,05,27,6,733.79407
2019,05,27,7,733.69535
2019,05,28,0,732.90724
2019,05,28,1,731.97086
2019,05,28,2,732.08939
2019,05,28,3,731.88103
2019,05,28,4,731.91619
2019,05,28,5,732.18153
2019,05,28,6,732.32824
2019,05,28,7,732.4258
2019,05,29,0,732.832
2019,05,29,1,733.15946
2019,05,29,2,733.71156
2019,05,29,3,734.38663
2019,05,29,4,734.46578
2019,05,29,5,734.18873
2019,05,29,6,733.99108
2019,05,29,7,733.50861
2019,05,30,0,733.05697
2019,05,30,1,732.58259
2019,05,30,2,731.34246
2019,05,30,3,730.40287
2019,05,30,4,730.32587
2019,05,30,5,729.72445
2019,05,30,6,728.43561
2019,05,30,7,727.73155
2019,05,31,0,726.60057
2019,05,31,1,724.9986
2019,05,31,2,724.80238
2019,05,31,3,724.45901
2019,05,31,4,724.38625
2019,05,31,5,724.48383
2019,05,31,6,724.03204
2019,05,31,7,723.42621
2019,05,1,0,722.33118
2019,05,1,1,720.82808
2019,05,1,2,720.21664
2019,05,1,3,719.74535
2019,05,1,4,718.86793
2019,05,1,5,717.47205
2019,05,1,6,716.47161
2019,05,1,7,716.0191
2019,05,2,0,715.46897
2019,05,2,1,714.74988
2019,05,2,2,714.68029
2019,05,2,3,714.88752
2019,05,2,4,714.77012
2019,05,2,5,714.12914
2019,05,2,6,713.52147
2019,05,2,7,713.00677
2019,05,3,0,712.50065
2019,05,3,1,711.5507
2019,05,3,2,710.54997
2019,05,3,3,709.94411
2019,05,3,4,708.87705
2019,05,3,5,707.38172
2019,05,3,6,706.39906
2019,05,3,7,705.43998
2019,05,4,0,704.71779
2019,05,4,1,704.71961
2019,05,4,2,704.79971
2019,05,4,3,705.01995
2019,05,4,4,705.40379
2019,05,4,5,705.83293
2019,05,4,6,706.19767
2019,05,4,7,706.41102
2019,05,5,0,706.72208
2019,05,5,1,706.49502
2019,05,5,2,706.20865
2019,05,5,3,706.04178
2019,05,5,4,706.18538
2019,05,5,5,706.67396
2019,05,5,6,707.16204
2019,05,5,7,707.93792
2019,05,6,0,708.13458
2019,05,6,1,707.90256
2019,05,6,2,708.0294
2019,05,6,3,708.11909
2019,05,6,4,708.87388
2019,05,6,5,709.68151
2019,05,6,6,709.95125
2019,05,6,7,710.32113
2019,05,7,0,710.67304
2019,05,7,1,710.58075
2019,05,7,2,710.98523
2019,05,7,3,711.57365
2019,05,7,4,711.75899
2019,05,7,5,711.89869
2019,05,7,6,711.70905
2019,05,7,7,711.65433
2019,05,8,0,711.73395
2019,05,8,1,711.68075
2019,05,8,2,711.82846
2019,05,8,3,712.06651
2019,05,8,4,712.78802
2019,05,8,5,713.36682
2019,05,8,6,713.51619
2019,05,8,7,713.92422
2019,05,9,0,714.52819
2019,05,9,1,714.70907
2019,05,9,2,715.16839
2019,05,9,3,715.44525
2019,05,9,4,715.19969
2019,05,9,5,714.74983
2019,05,9,6,713.43351
2019,05,9,7,712.64419
2019,05,10,0,711.79194
2019,05,10,1,710.30832
2019,05,10,2,708.90197
2019,05,10,3,707.46365
2019,05,10,4,705.96795
2019,05,10,5,705.01288
2019,05,10,6,703.63059
2019,05,10,7,703.67045
2019,05,11,0,703.54899
2019,05,11,1,703.65901
2019,05,11,2,704.3882
2019,05,11,3,704.70709
2019,05,11,4,704.85556
2019,05,11,5,704.48742
2019,05,11,6,704.75351
2019,05,11,7,704.34126
2019,05,12,0,703.22114
2019,05,12,1,702.20805
2019,05,12,2,702.07085
2019,05,12,3,702.28932
2019,05,12,4,702.10076
2019,05,12,5,702.20858
2019,05,12,6,702.35171
2019,05,12,7,702.78005
2019,05,13,0,702.76436
2019,05,13,1,702.54173
2019,05,13,2,702.83178
2019,05,13,3,703.21137
2019,05,13,4,703.06983
2019,05,13,5,703.07887
2019,05,13,6,702.87964
2019,05,13,7,702.78029
2019,05,14,0,702.51482
2019,05,14,1,702.0388
2019,05,14,2,701.99804
2019,05,14,3,702.31156
2019,05,14,4,702.20752
2019,05,14,5,702.18504
2019,05,14,6,702.61215
2019,05,14,7,703.17414
2019,05,15,0,703.78751
2019,05,15,1,704.13335
2019,05,15,2,704.59887
2019,05,15,3,704.90162
2019,05,15,4,705.07609
2019,05,15,5,705.10707
2019,05,15,6,705.48461
2019,05,15,7,705.95654
2019,05,16,0,705.84248
2019,05,16,1,705.60029
2019,05,16,2,705.50972
2019,05,16,3,705.1999
2019,05,16,4,704.60001
2019,05,16,5,704.22857
2019,05,16,6,703.85283
2019,05,16,7,703.76622
2019,05,17,0,703.89033
2019,05,17,1,703.92061
2019,05,17,2,704.18551
2019,05,17,3,704.91823
2019,05,17,4,705.68841
2019,05,17,5,706.79483
2019,05,17,6,707.6556
2019,05,17,7,708.47717
2019,05,18,0,709.69568
2019,05,18,1,710.31109
2019,05,18,2,710.35026
2019,05,18,3,710.33728
2019,05,18,4,710.32608
2019,05,18,5,710.64207
2019,05,18,6,710.59864
2019,05,18,7,710.53261
2019,05,19,0,710.30803
2019,05,19,1,709.65686
2019,05,19,2,708.9167
2019,05,19,3,708.3711
2019,05,19,4,708.39594
2019,05,19,5,708.20925
2019,05,19,6,707.51524
2019,05,19,7,706.6622
2019,05,20,0,705.81382
2019,05,20,1,704.23934
2019,05,20,2,702.96417
2019,05,20,3,701.91382
2019,05,20,4,701.68993
2019,05,20,5,701.86957
2019,05,20,6,701.79079
2019,05,20,7,701.76946
2019,05,21,0,702.13162
2019,05,21,1,702.1018
2019,05,21,2,702.46546
2019,05,21,3,702.5376
2019,05,21,4,702.13284
2019,05,21,5,702.02578
2019,05,21,6,702.27779
2019,05,21,7,702.84107
2019,05,22,0,703.3122
2019,05,22,1,703.34071
2019,05,22,2,703.35494
2019,05,22,3,704.29645
2019,05,22,4,705.71911
2019,05,22,5,706.80572
2019,05,22,6,707.59757
2019,05,22,7,708.78672
2019,05,23,0,709.51213
2019,05,23,1,709.76781
2019,05,23,2,710.86187
2019,05,23,3,712.02266
2019,05,23,4,712.88941
2019,05,23,5,714.15223
2019,05,23,6,714.80201
2019,05,23,7,715.54042
2019,05,24,0,715.6457
2019,05,24,1,715.12086
2019,05,24,2,714.36848
2019,05,24,3,713.85198
2019,05,24,4,714.26436
2019,05,24,5,714.90581
2019,05,24,6,715.29701
2019,05,24,7,716.02838
2019,05,25,0,716.1086
2019,05,25,1,716.23759
2019,05,25,2,716.82459
2019,05,25,3,717.14221
2019,05,25,4,716.51608
2019,05,25,5,716.10426
2019,05,25,6,715.68196
2019,05,25,7,715.49225
2019,05,26,0,715.16627
2019,05,26,1,714.71162
2019,05,26,2,713.66771
2019,05,26,3,713.12526
2019,05,26,4,712.52904
2019,05,26,5,712.64203
2019,05,26,6,713.39479
2019,05,26,7,714.15213
2019,05,27,0,713.69975
2019,05,27,1,712.91538
2019,05,27,2,712.70419
2019,05,27,3,712.50735
2019,05,27,4,712.27908
2019,05,27,5,712.43201
2019,05,27,6,713.02173
2019,05,27,7,713.93937
2019,05,28,0,714.34007
2019,05,28,1,714.28571
2019,05,28,2,714.70913
2019,05,28,3,715.27296
2019,05,28,4,715.45045
2019,05,28,5,715.55923
2019,05,28,6,714.84429
2019,05,28,7,714.20121
2019,05,29,0,713.63108
2019,05,29,1,712.33372
2019,05,29,2,711.30351
2019,05,29,3,710.31159
2019,05,29,4,709.22389
2019,05,29,5,708.57701
2019,05,29,6,709.10339
2019,05,29,7,710.10026
2019,05,30,0,710.77456
2019,05,30,1,711.71466
2019,05,30,2,712.04301
2019,05,30,3,712.99001
2019,05,30,4,713.30985
2019,05,30,5,713.58152
2019,05,30,6,713.31753
2019,05,30,7,712.57733
2019,05,1,0,712.24101
2019,05,1,1,711.32063
2019,05,1,2,710.86669
2019,05,1,3,710.92881
2019,05,1,4,710.44948
2019,05,1,5,709.97298
2019,05,1,6,709.96763
2019,05,1,7,709.84509
2019,05,2,0,709.15893
2019,05,2,1,709.12709
2019,05,2,2,710.22064
2019,05,2,3,711.01547
2019,05,2,4,711.01338
2019,05,2,5,710.69573
2019,05,2,6,711.32934
2019,05,2,7,711.79702
2019,05,3,0,711.53564
2019,05,3,1,711.15007
2019,05,3,2,711.09266
2019,05,3,3,710.50825
2019,05,3,4,710.09369
2019,05,3,5,709.99176
2019,05,3,6,709.29818
2019,05,3,7,708.96322
2019,05,4,0,708.86368
2019,05,4,1,708.33637
2019,05,4,2,707.5496
2019,05,4,3,707.03255
2019,05,4,4,707.49245
2019,05,4,5,708.61743
2019,05,4,6,709.79418
2019,05,4,7,711.66978
2019,05,5,0,713.54576
2019,05,5,1,715.38998
2019,05,5,2,716.04226
2019,05,5,3,716.4653
2019,05,5,4,716.88194
2019,05,5,5,717.71731
2019,05,5,6,719.45984
2019,05,5,7,721.60724
2019,05,6,0,722.70782
2019,05,6,1,723.78917
2019,05,6,2,724.60834
2019,05,6,3,725.12856
2019,05,6,4,726.75522
2019,05,6,5,728.17745
2019,05,6,6,728.80187
2019,05,6,7,729.04836
2019,05,7,0,728.51204
2019,05,7,1,728.52643
2019,05,7,2,729.01447
2019,05,7,3,729.50151
2019,05,7,4,729.44514
2019,05,7,5,728.83508
2019,05,7,6,729.18013
2019,05,7,7,729.39653
2019,05,8,0,728.50952
2019,05,8,1,727.99201
2019,05,8,2,727.91493
2019,05,8,3,729.0356
2019,05,8,4,728.47409
2019,05,8,5,728.13598
2019,05,8,6,729.31608
2019,05,8,7,729.84685
2019,05,9,0,728.30477
2019,05,9,1,726.51529
2019,05,9,2,726.85307
2019,05,9,3,726.95828
2019,05,9,4,727.34106
2019,05,9,5,728.33035
2019,05,9,6,729.84201
2019,05,9,7,731.02751
2019,05,10,0,730.72864
2019,05,10,1,730.04236
2019,05,10,2,729.99474
2019,05,10,3,729.75437
2019,05,10,4,729.94528
2019,05,10,5,731.12317
2019,05,10,6,730.59855
2019,05,10,7,729.54847
2019,05,11,0,729.74502
2019,05,11,1,728.77431
2019,05,11,2,727.75966
2019,05,11,3,726.91235
2019,05,11,4,726.86461
2019,05,11,5,726.88024
2019,05,11,6,727.11964
2019,05,11,7,727.14966
2019,05,12,0,727.3214
2019,05,12,1,727.50999
2019,05,12,2,727.37246
2019,05,12,3,727.17699
2019,05,12,4,727.41647
2019,05,12,5,727.6324
2019,05,12,6,728.79504
2019,05,12,7,729.27218
2019,05,13,0,728.26664
2019,05,13,1,728.41874
2019,05,13,2,728.21322
2019,05,13,3,727.54699
2019,05,13,4,727.22611
2019,05,13,5,727.07271
2019,05,13,6,727.13346
2019,05,13,7,726.86372
2019,05,14,0,726.05053
2019,05,14,1,725.16434
2019,05,14,2,725.13329
2019,05,14,3,724.83418
2019,05,14,4,724.38912
2019,05,14,5,724.10091
2019,05,14,6,723.69087
2019,05,14,7,722.94321
2019,05,15,0,722.65132
2019,05,15,1,722.27157
2019,05,15,2,721.72123
2019,05,15,3,721.27234
2019,05,15,4,720.95119
2019,05,15,5,720.28716
2019,05,15,6,719.51182
2019,05,15,7,718.56926
2019,05,16,0,717.26163
2019,05,16,1,715.96809
2019,05,16,2,714.24342
2019,05,16,3,712.16065
2019,05,16,4,710.90942
2019,05,16,5,710.61392
2019,05,16,6,709.6411
2019,05,16,7,709.68988
2019,05,17,0,709.97517
2019,05,17,1,709.82693
2019,05,17,2,709.95923
2019,05,17,3,710.41782
2019,05,17,4,710.40674
2019,05,17,5,710.7907
2019,05,17,6,710.66439
2019,05,17,7,710.78191
2019,05,18,0,710.57785
2019,05,18,1,709.85173
2019,05,18,2,709.63347
2019,05,18,3,709.6888
2019,05,18,4,709.3561
2019,05,18,5,708.72314
2019,05,18,6,708.08851
2019,05,18,7,707.03657
2019,05,19,0,705.99906
2019,05,19,1,705.13687
2019,05,19,2,704.33824
2019,05,19,3,703.67473
2019,05,19,4,703.59447
2019,05,19,5,703.75226
2019,05,19,6,703.32212
2019,05,19,7,703.10337
2019,05,20,0,703.6369
2019,05,20,1,703.73049
2019,05,20,2,704.24639
2019,05,20,3,704.88798
2019,05,20,4,705.45508
2019,05,20,5,705.6966
2019,05,20,6,705.12243
2019,05,20,7,704.69246
2019,05,21,0,704.3497
2019,05,21,1,704.77353
2019,05,21,2,705.1208
2019,05,21,3,705.80807
2019,05,21,4,706.91142
2019,05,21,5,707.48916
2019,05,21,6,707.98294
2019,05,21,7,708.93454
2019,05,22,0,711.27918
2019,05,22,1,713.66656
2019,05,22,2,715.53219
2019,05,22,3,716.8987
2019,05,22,4,717.41287
2019,05,22,5,717.97274
2019,05,22,6,718.59834
2019,05,22,7,718.6067
2019,05,23,0,719.4316
2019,05,23,1,720.33238
2019,05,23,2,721.41456
2019,05,23,3,722.97562
2019,05,23,4,723.49819
2019,05,23,5,723.80743
2019,05,23,6,724.26093
2019,05,23,7,724.407
2019,05,24,0,724.64983
2019,05,24,1,724.97706
2019,05,24,2,725.34429
2019,05,24,3,725.66335
2019,05,24,4,726.09215
2019,05,24,5,726.36414
2019,05,24,6,726.45464
2019,05,24,7,726.24291
2019,05,25,0,725.54445
2019,05,25,1,725.76963
2019,05,25,2,725.11011
2019,05,25,3,725.24882
2019,05,25,4,724.66092
2019,05,25,5,723.42287
2019,05,25,6,722.70355
2019,05,25,7,721.908
2019,05,26,0,720.74066
2019,05,26,1,720.015
2019,05,26,2,720.39834
2019,05,26,3,720.34433
2019,05,26,4,720.60209
2019,05,26,5,720.92022
2019,05,26,6,721.00638
2019,05,26,7,721.02504
2019,05,27,0,721.95515
2019,05,27,1,722.68191
2019,05,27,2,722.33209
2019,05,27,3,721.4549
2019,05,27,4,720.64364
2019,05,27,5,720.48656
2019,05,27,6,719.25097
2019,05,27,7,718.13199
2019,05,28,0,716.60959
2019,05,28,1,715.56556
2019,05,28,2,715.77806
2019,05,28,3,715.72223
2019,05,28,4,714.42706
2019,05,28,5,713.2445
2019,05,28,6,713.07261
2019,05,28,7,712.8006
2019,05,29,0,712.31781
2019,05,29,1,712.33634
2019,05,29,2,712.44676
2019,05,29,3,712.66732
2019,05,29,4,712.57974
2019,05,29,5,712.57102
2019,05,29,6,712.03962
2019,05,29,7,711.59284
2019,05,30,0,711.11948
2019,05,30,1,710.52457
2019,05,30,2,710.24498
2019,05,30,3,710.19504
2019,05,30,4,709.88351
2019,05,30,5,709.63385
2019,05,30,6,709.32442
2019,05,30,7,709.03378
2019,05,31,0,708.42733
2019,05,31,1,707.74461
2019,05,31,2,707.28008
2019,05,31,3,706.375
2019,05,31,4,705.97061
2019,05,31,5,705.74294
2019,05,31,6,704.98437
2019,05,31,7,704.14919
2019,05,1,0,703.67173
2019,05,1,1,703.60965
2019,05,1,2,703.48079
2019,05,1,3,703.08569
2019,05,1,4,703.53581
2019,05,1,5,704.06291
2019,05,1,6,704.06452
2019,05,1,7,704.35742
2019,05,2,0,705.09654
2019,05,2,1,705.82552
2019,05,2,2,706.44326
2019,05,2,3,706.94358
2019,05,2,4,707.59872
2019,05,2,5,708.21582
2019,05,2,6,708.31859
2019,05,2,7,708.63997
2019,05,3,0,708.57752
2019,05,3,1,708.20866
2019,05,3,2,708.63779
2019,05,3,3,708.98831
2019,05,3,4,709.58247
2019,05,3,5,710.61424
2019,05,3,6,711.47187
2019,05,3,7,712.77542
2019,05,4,0,713.84037
2019,05,4,1,714.68042
2019,05,4,2,716.39009
2019,05,4,3,717.86222
2019,05,4,4,718.71961
2019,05,4,5,719.22579
2019,05,4,6,719.14058
2019,05,4,7,718.91614
2019,05,5,0,718.81973
2019,05,5,1,718.75798
2019,05,5,2,719.72375
2019,05,5,3,720.1743
2019,05,5,4,720.0728
2019,05,5,5,718.87094
2019,05,5,6,717.61116
2019,05,5,7,716.85708
2019,05,6,0,715.80347
2019,05,6,1,714.90077
2019,05,6,2,714.74301
2019,05,6,3,715.2111
2019,05,6,4,715.44641
2019,05,6,5,715.5778
2019,05,6,6,715.78801
2019,05,6,7,715.49879
2019,05,7,0,715.53171
2019,05,7,1,715.65495
2019,05,7,2,715.5219
2019,05,7,3,715.1932
2019,05,7,4,715.12802
2019,05,7,5,715.5467
2019,05,7,6,716.1456
2019,05,7,7,716.84528
2019,05,8,0,718.01761
2019,05,8,1,719.08156
2019,05,8,2,720.65984
2019,05,8,3,721.83767
2019,05,8,4,722.39345
2019,05,8,5,723.06728
2019,05,8,6,723.22205
2019,05,8,7,723.16138
2019,05,9,0,722.69445
2019,05,9,1,721.52763
2019,05,9,2,721.63138
2019,05,9,3,722.38173
2019,05,9,4,721.99206
2019,05,9,5,720.58764
2019,05,9,6,718.96617
2019,05,9,7,716.80542
2019,05,10,0,715.28705
2019,05,10,1,714.16786
2019,05,10,2,714.06098
2019,05,10,3,714.05896
2019,05,10,4,714.05358
2019,05,10,5,714.40136
2019,05,10,6,714.47403
2019,05,10,7,714.61455
2019,05,11,0,714.58606
2019,05,11,1,714.40802
2019,05,11,2,715.04613
2019,05,11,3,715.74932
2019,05,11,4,716.0933
2019,05,11,5,715.94378
2019,05,11,6,715.98139
2019,05,11,7,715.54124
2019,05,12,0,714.68886
2019,05,12,1,714.15311
2019,05,12,2,712.86221
2019,05,12,3,711.30474
2019,05,12,4,710.2502
2019,05,12,5,708.06633
2019,05,12,6,706.60863
2019,05,12,7,705.17866
2019,05,13,0,704.57419
2019,05,13,1,703.88867
2019,05,13,2,704.18214
2019,05,13,3,704.6661
2019,05,13,4,704.64325
2019,05,13,5,704.50913
2019,05,13,6,704.75547
2019,05,13,7,704.7335
2019,05,14,0,704.37834
2019,05,14,1,703.6178
2019,05,14,2,703.17603
2019,05,14,3,703.38941
2019,05,14,4,704.67842
2019,05,14,5,705.97269
2019,05,14,6,706.444
2019,05,14,7,706.94517
2019,05,15,0,707.87
2019,05,15,1,709.3189
2019,05,15,2,710.25295
2019,05,15,3,710.76328
2019,05,15,4,711.89415
2019,05,15,5,713.08744
2019,05,15,6,713.73697
2019,05,15,7,714.246
2019,05,16,0,714.83898
2019,05,16,1,715.45179
2019,05,16,2,716.14267
2019,05,16,3,716.44
2019,05,16,4,716.33129
2019,05,16,5,716.09138
2019,05,16,6,715.69402
2019,05,16,7,714.93967
2019,05,17,0,714.52702
2019,05,17,1,713.89914
2019,05,17,2,713.61681
2019,05,17,3,713.82401
2019,05,17,4,713.49338
2019,05,17,5,713.26329
2019,05,17,6,712.87356
2019,05,17,7,712.75023
2019,05,18,0,712.43664
2019,05,18,1,712.89355
2019,05,18,2,713.27296
2019,05,18,3,713.64384
2019,05,18,4,715.05903
2019,05,18,5,716.00059
2019,05,18,6,716.10767
2019,05,18,7,716.49327
2019,05,19,0,716.45333
2019,05,19,1,715.89204
2019,05,19,2,716.09911
2019,05,19,3,716.71112
2019,05,19,4,717.29516
2019,05,19,5,717.91466
2019,05,19,6,718.7324
2019,05,19,7,719.45362
2019,05,20,0,719.76771
2019,05,20,1,719.76539
2019,05,20,2,719.93817
2019,05,20,3,720.38689
2019,05,20,4,720.6834
2019,05,20,5,720.70324
2019,05,20,6,720.92491
2019,05,20,7,721.29455
2019,05,21,0,721.69764
2019,05,21,1,721.86041
2019,05,21,2,721.70944
2019,05,21,3,722.30126
2019,05,21,4,722.30549
2019,05,21,5,721.87735
2019,05,21,6,721.76901
2019,05,21,7,721.17483
2019,05,22,0,720.48692
2019,05,22,1,719.96511
2019,05,22,2,719.54928
2019,05,22,3,719.46598
2019,05,22,4,719.33737
2019,05,22,5,719.04558
2019,05,22,6,718.89652
2019,05,22,7,718.69217
2019,05,23,0,718.40929
2019,05,23,1,717.82019
2019,05,23,2,717.45756
2019,05,23,3,717.12334
2019,05,23,4,716.99226
2019,05,23,5,716.4811
2019,05,23,6,716.86488
2019,05,23,7,717.63716
2019,05,24,0,717.48692
2019,05,24,1,716.84035
2019,05,24,2,716.76277
2019,05,24,3,716.88863
2019,05,24,4,716.20981
2019,05,24,5,715.22828
2019,05,24,6,714.12048
2019,05,24,7,713.30451
2019,05,25,0,712.74735
2019,05,25,1,711.233
2019,05,25,2,710.69954
2019,05,25,3,710.60777
2019,05,25,4,710.61957
2019,05,25,5,710.59913
2019,05,25,6,710.22973
2019,05,25,7,710.08095
2019,05,26,0,711.04967
2019,05,26,1,712.17008
2019,05,26,2,712.54354
2019,05,26,3,713.21322
2019,05,26,4,713.82551
2019,05,26,5,713.85338
2019,05,26,6,714.22635
2019,05,26,7,714.60862
2019,05,27,0,714.8529
2019,05,27,1,714.72421
2019,05,27,2,714.85548
2019,05,27,3,714.69356
2019,05,27,4,714.36465
2019,05,27,5,714.30508
2019,05,27,6,713.88836
2019,05,27,7,713.65223
2019,05,28,0,713.64934
2019,05,28,1,713.44844
2019,05,28,2,713.30813
2019,05,28,3,713.56358
2019,05,28,4,713.54072
2019,05,28,5,713.66483
2019,05,28,6,713.68468
2019,05,28,7,713.87192
2019,05,29,0,713.73397
2019,05,29,1,713.32265
2019,05,29,2,713.60207
2019,05,29,3,713.81418
2019,05,29,4,713.50645
2019,05,29,5,713.24621
2019,05,29,6,713.60121
2019,05,29,7,714.01367
2019,05,30,0,713.72373
2019,05,30,1,713.54456
2019,05,30,2,714.41636
2019,05,30,3,714.96832
2019,05,30,4,715.30873
2019,05,30,5,715.67406
2019,05,30,6,716.35161
2019,05,30,7,716.8905
2019,05,31,0,717.30068
2019,05,31,1,717.94162
2019,05,31,2,718.35419
2019,05,31,3,718.71318
2019,05,31,4,719.13936
2019,05,31,5,719.04939
2019,05,31,6,718.47319
2019,05,31,7,717.87454
2019,05,1,0,717.83523
2019,05,1,1,717.67279
2019,05,1,2,716.67213
2019,05,1,3,716.72647
2019,05,1,4,717.33432
2019,05,1,5,717.53343
2019,05,1,6,717.5477
2019,05,1,7,718.35574
2019,05,2,0,719.77281
2019,05,2,1,720.63636
2019,05,2,2,720.71936
2019,05,2,3,720.8193
2019,05,2,4,719.7501
2019,05,2,5,718.82854
2019,05,2,6,717.89708
2019,05,2,7,716.81399
2019,05,3,0,718.15231
2019,05,3,1,719.09918
2019,05,3,2,719.71084
2019,05,3,3,720.04031
2019,05,3,4,719.75781
2019,05,3,5,718.55853
2019,05,3,6,718.83477
2019,05,3,7,719.07855
2019,05,4,0,717.81244
2019,05,4,1,715.92436
2019,05,4,2,715.46606
2019,05,4,3,715.34868
2019,05,4,4,714.17143
2019,05,4,5,712.81345
2019,05,4,6,712.08312
2019,05,4,7,711.93046
2019,05,5,0,712.05905
2019,05,5,1,711.99731
2019,05,5,2,712.38178
2019,05,5,3,712.21561
2019,05,5,4,712.94278
2019,05,5,5,713.14807
2019,05,5,6,713.42512
2019,05,5,7,713.71465
2019,05,6,0,714.40798
2019,05,6,1,715.10852
2019,05,6,2,715.80928
2019,05,6,3,716.51241
2019,05,6,4,715.85397
2019,05,6,5,715.72013
2019,05,6,6,716.13914
2019,05,6,7,715.36687
2019,05,7,0,713.44923
2019,05,7,1,711.84541
2019,05,7,2,711.30515
2019,05,7,3,710.38462
2019,05,7,4,708.64991
2019,05,7,5,707.66066
2019,05,7,6,707.27931
2019,05,7,7,706.71686
2019,05,8,0,705.85232
2019,05,8,1,705.10108
2019,05,8,2,705.87006
2019,05,8,3,706.22495
2019,05,8,4,705.66655
2019,05,8,5,705.23068
2019,05,8,6,704.346
2019,05,8,7,703.38552
2019,05,9,0,701.72774
2019,05,9,1,701.459
2019,05,9,2,702.44081
2019,05,9,3,703.00687
2019,05,9,4,703.77218
2019,05,9,5,704.15
2019,05,9,6,704.69951
2019,05,9,7,705.82989
2019,05,10,0,705.65422
2019,05,10,1,705.33627
2019,05,10,2,706.23686
2019,05,10,3,707.34564
2019,05,10,4,707.22664
2019,05,10,5,706.84281
2019,05,10,6,706.63781
2019,05,10,7,706.51041
2019,05,11,0,706.53555
2019,05,11,1,706.27643
2019,05,11,2,706.84839
2019,05,11,3,707.36919
2019,05,11,4,707.7016
2019,05,11,5,708.08112
2019,05,11,6,708.41865
2019,05,11,7,708.74398
2019,05,12,0,708.99363
2019,05,12,1,709.16269
2019,05,12,2,709.94272
2019,05,12,3,710.76791
2019,05,12,4,710.52421
2019,05,12,5,709.98894
2019,05,12,6,709.94595
2019,05,12,7,709.6068
2019,05,13,0,708.24382
2019,05,13,1,707.31515
2019,05,13,2,706.82361
2019,05,13,3,706.95722
2019,05,13,4,706.09716
2019,05,13,5,705.10911
2019,05,13,6,704.31038
2019,05,13,7,703.62367
2019,05,14,0,703.50445
2019,05,14,1,702.84601
2019,05,14,2,702.43007
2019,05,14,3,702.37039
2019,05,14,4,701.97132
2019,05,14,5,701.80924
2019,05,14,6,702.017
2019,05,14,7,702.37976
2019,05,15,0,702.32629
2019,05,15,1,702.46931
2019,05,15,2,702.93806
2019,05,15,3,703.06433
2019,05,15,4,703.3221
2019,05,15,5,703.56677
2019,05,15,6,704.47247
2019,05,15,7,705.51795
2019,05,16,0,706.01983
2019,05,16,1,705.87009
2019,05,16,2,705.91884
2019,05,16,3,705.90697
2019,05,16,4,705.7244
2019,05,16,5,705.38172
2019,05,16,6,704.72287
2019,05,16,7,704.83647
2019,05,17,0,704.60222
2019,05,17,1,704.42672
2019,05,17,2,704.53932
2019,05,17,3,704.82313
2019,05,17,4,705.5135
2019,05,17,5,706.0809
2019,05,17,6,707.19939
2019,05,17,7,707.94225
2019,05,18,0,708.44382
2019,05,18,1,708.60348
2019,05,18,2,708.97711
2019,05,18,3,709.66193
2019,05,18,4,709.81956
2019,05,18,5,709.69981
2019,05,18,6,709.54152
2019,05,18,7,709.65238
2019,05,19,0,709.80747
2019,05,19,1,709.62963
2019,05,19,2,709.79918
2019,05,19,3,709.93883
2019,05,19,4,709.82152
2019,05,19,5,709.60297
2019,05,19,6,709.84307
2019,05,19,7,710.22449
2019,05,20,0,709.84132
2019,05,20,1,709.61577
2019,05,20,2,709.94838
2019,05,20,3,710.08805
2019,05,20,4,710.64984
2019,05,20,5,711.29221
2019,05,20,6,712.00629
2019,05,20,7,712.63442
2019,05,21,0,713.29237
2019,05,21,1,713.91899
2019,05,21,2,714.51822
2019,05,21,3,715.31381
2019,05,21,4,716.54541
2019,05,21,5,717.5457
2019,05,21,6,718.01973
2019,05,21,7,718.46609
2019,05,22,0,718.80957
2019,05,22,1,718.81068
2019,05,22,2,718.70508
2019,05,22,3,718.25148
2019,05,22,4,718.66122
2019,05,22,5,718.66455
2019,05,22,6,717.9692
2019,05,22,7,717.55818
2019,05,23,0,716.72488
2019,05,23,1,715.89984
2019,05,23,2,716.01383
2019,05,23,3,716.26869
2019,05,23,4,715.86847
2019,05,23,5,715.82722
2019,05,23,6,716.07433
2019,05,23,7,716.32967
2019,05,24,0,716.53609
2019,05,24,1,716.79783
2019,05,24,2,717.25363
2019,05,24,3,717.69032
2019,05,24,4,718.42618
2019,05,24,5,718.97958
2019,05,24,6,718.70366
2019,05,24,7,718.3429
2019,05,25,0,717.13495
2019,05,25,1,715.38241
2019,05,25,2,714.72537
2019,05,25,3,713.689
2019,05,25,4,712.51489
2019,05,25,5,711.78676
2019,05,25,6,711.02453
2019,05,25,7,710.46511
2019,05,26,0,709.97324
2019,05,26,1,709.24351
2019,05,26,2,708.95402
2019,05,26,3,708.82782
2019,05,26,4,708.83687
2019,05,26,5,708.98305
2019,05,26,6,708.6602
2019,05,26,7,708.2915
2019,05,27,0,708.15918
2019,05,27,1,708.16669
2019,05,27,2,708.12729
2019,05,27,3,707.95891
2019,05,27,4,707.6261
2019,05,27,5,707.29092
2019,05,27,6,706.84097
2019,05,27,7,706.53851
2019,05,28,0,706.39618
2019,05,28,1,706.41704
2019,05,28,2,706.62534
2019,05,28,3,707.07141
2019,05,28,4,707.67379
2019,05,28,5,707.87921
2019,05,28,6,708.26878
2019,05,28,7,708.73619
2019,05,29,0,709.15453
2019,05,29,1,709.34971
2019,05,29,2,710.23643
2019,05,29,3,711.28236
2019,05,29,4,711.1561
2019,05,29,5,711.01158
2019,05,29,6,711.01363
2019,05,29,7,711.13579
2019,05,30,0,712.13655
2019,05,30,1,713.2818
2019,05,30,2,713.93831
2019,05,30,3,714.84884
2019,05,30,4,715.21803
2019,05,30,5,715.79207
2019,05,30,6,716.33155
2019,05,30,7,716.88042
2019,05,1,0,716.74933
2019,05,1,1,716.58786
2019,05,1,2,717.18697
2019,05,1,3,717.48444
2019,05,1,4,716.96844
2019,05,1,5,715.85026
2019,05,1,6,715.48718
2019,05,1,7,715.01378
2019,05,2,0,713.09423
2019,05,2,1,711.20814
2019,05,2,2,710.48001
2019,05,2,3,709.93614
2019,05,2,4,709.14499
2019,05,2,5,708.29902
2019,05,2,6,707.83099
2019,05,2,7,707.82005
2019,05,3,0,707.94022
2019,05,3,1,708.02786
2019,05,3,2,708.85225
2019,05,3,3,709.5486
2019,05,3,4,709.7955
2019,05,3,5,709.76762
2019,05,3,6,710.79037
2019,05,3,7,711.48764
2019,05,4,0,711.46942
2019,05,4,1,711.16225
2019,05,4,2,711.86059
2019,05,4,3,712.89155
2019,05,4,4,712.30876
2019,05,4,5,710.32717
2019,05,4,6,709.70094
2019,05,4,7,710.72273
2019,05,5,0,711.90901
2019,05,5,1,712.15413
2019,05,5,2,712.21175
2019,05,5,3,712.75859
2019,05,5,4,712.69347
2019,05,5,5,710.98957
2019,05,5,6,709.33415
2019,05,5,7,708.21915
2019,05,6,0,708.20702
2019,05,6,1,707.42468
2019,05,6,2,706.11474
2019,05,6,3,705.02794
2019,05,6,4,703.88976
2019,05,6,5,704.21821
2019,05,6,6,705.65374
2019,05,6,7,706.54925
2019,05,7,0,706.58201
2019,05,7,1,706.53199
2019,05,7,2,706.40437
2019,05,7,3,706.54801
2019,05,7,4,706.33835
2019,05,7,5,705.96003
2019,05,7,6,705.99874
2019,05,7,7,706.2407
2019,05,8,0,706.66453
2019,05,8,1,706.72695
2019,05,8,2,707.9385
2019,05,8,3,709.31537
2019,05,8,4,709.55017
2019,05,8,5,709.86989
2019,05,8,6,711.46062
2019,05,8,7,713.47868
2019,05,9,0,714.36783
2019,05,9,1,714.5836
2019,05,9,2,715.87622
2019,05,9,3,717.04417
2019,05,9,4,716.97396
2019,05,9,5,716.6329
2019,05,9,6,717.01605
2019,05,9,7,717.23093
2019,05,10,0,716.64798
2019,05,10,1,715.94941
2019,05,10,2,716.25848
2019,05,10,3,716.5919
2019,05,10,4,716.09291
2019,05,10,5,715.92715
2019,05,10,6,716.34544
2019,05,10,7,717.02532
2019,05,11,0,718.24197
2019,05,11,1,718.86609
2019,05,11,2,719.2908
2019,05,11,3,719.57193
2019,05,11,4,719.53592
2019,05,11,5,719.74192
2019,05,11,6,719.89661
2019,05,11,7,719.96144
2019,05,12,0,719.94148
2019,05,12,1,720.02649
2019,05,12,2,719.97465
2019,05,12,3,719.36222
2019,05,12,4,718.3806
2019,05,12,5,717.35912
2019,05,12,6,716.83409
2019,05,12,7,716.08088
2019,05,13,0,715.25999
2019,05,13,1,714.55083
2019,05,13,2,714.59212
2019,05,13,3,714.28417
2019,05,13,4,713.32608
2019,05,13,5,712.48653
2019,05,13,6,712.94939
2019,05,13,7,713.43684
2019,05,14,0,713.3053
2019,05,14,1,713.25382
2019,05,14,2,713.35553
2019,05,14,3,713.27383
2019,05,14,4,713.03485
2019,05,14,5,712.57321
2019,05,14,6,712.38452
2019,05,14,7,712.26594
2019,05,15,0,711.40081
2019,05,15,1,710.22358
2019,05,15,2,709.83984
2019,05,15,3,709.36605
2019,05,15,4,708.52575
2019,05,15,5,707.97443
2019,05,15,6,707.36319
2019,05,15,7,706.89285
2019,05,16,0,706.98528
2019,05,16,1,706.8091
2019,05,16,2,706.54063
2019,05,16,3,706.52111
2019,05,16,4,706.8592
2019,05,16,5,707.67933
2019,05,16,6,707.75073
2019,05,16,7,707.60251
2019,05,17,0,708.25887
2019,05,17,1,709.35437
2019,05,17,2,710.59965
2019,05,17,3,711.50837
2019,05,17,4,711.54508
2019,05,17,5,711.35098
2019,05,17,6,712.5794
2019,05,17,7,713.94559
2019,05,18,0,715.18177
2019,05,18,1,716.605
2019,05,18,2,718.29672
2019,05,18,3,720.03345
2019,05,18,4,720.89079
2019,05,18,5,721.3111
2019,05,18,6,723.11488
2019,05,18,7,724.64018
2019,05,19,0,725.27361
2019,05,19,1,725.6781
2019,05,19,2,726.30044
2019,05,19,3,726.44272
2019,05,19,4,726.54699
2019,05,19,5,726.37538
2019,05,19,6,724.54697
2019,05,19,7,722.05725
2019,05,20,0,720.46482
2019,05,20,1,719.21442
2019,05,20,2,717.80836
2019,05,20,3,716.16816
2019,05,20,4,715.12165
2019,05,20,5,714.33561
2019,05,20,6,714.42707
2019,05,20,7,714.65547
2019,05,21,0,714.85311
2019,05,21,1,715.60632
2019,05,21,2,716.95418
2019,05,21,3,717.96807
2019,05,21,4,718.99399
2019,05,21,5,719.72255
2019,05,21,6,719.86851
2019,05,21,7,719.76802
2019,05,22,0,720.35744
2019,05,22,1,720.50652
2019,05,22,2,720.57359
2019,05,22,3,720.5109
2019,05,22,4,720.91039
2019,05,22,5,721.05426
2019,05,22,6,721.25441
2019,05,22,7,721.74345
2019,05,23,0,722.17287
2019,05,23,1,722.22969
2019,05,23,2,722.43174
2019,05,23,3,722.57186
2019,05,23,4,722.54526
2019,05,23,5,722.47385
2019,05,23,6,722.12867
2019,05,23,7,721.97952
2019,05,24,0,722.21229
2019,05,24,1,722.43656
2019,05,24,2,722.73737
2019,05,24,3,723.02255
2019,05,24,4,722.67686
2019,05,24,5,722.15583
2019,05,24,6,722.58144
2019,05,24,7,723.08602
2019,05,25,0,723.27836
2019,05,25,1,723.69324
2019,05,25,2,724.59491
2019,05,25,3,725.4477
2019,05,25,4,725.78912
2019,05,25,5,725.60047
2019,05,25,6,725.80047
2019,05,25,7,725.76371
2019,05,26,0,725.43128
2019,05,26,1,724.60528
2019,05,26,2,724.30355
2019,05,26,3,723.95162
2019,05,26,4,723.2495
2019,05,26,5,722.5252
2019,05,26,6,721.96782
2019,05,26,7,721.54238
2019,05,27,0,720.98771
2019,05,27,1,720.41767
2019,05,27,2,720.50894
2019,05,27,3,720.68243
2019,05,27,4,720.71628
2019,05,27,5,720.75632
2019,05,27,6,721.23295
2019,05,27,7,721.47011
2019,05,28,0,721.43203
2019,05,28,1,721.58068
2019,05,28,2,722.04894
2019,05,28,3,722.38982
2019,05,28,4,722.44968
2019,05,28,5,722.67527
2019,05,28,6,723.07151
2019,05,28,7,723.29307
2019,05,29,0,723.45192
2019,05,29,1,723.78515
2019,05,29,2,723.99602
2019,05,29,3,723.8785
2019,05,29,4,723.49992
2019,05,29,5,723.22686
2019,05,29,6,723.4484
2019,05,29,7,723.19755
2019,05,30,0,722.78451
2019,05,30,1,722.77083
2019,05,30,2,722.78078
2019,05,30,3,722.75291
2019,05,30,4,722.92666
2019,05,30,5,723.20875
2019,05,30,6,723.32103
2019,05,30,7,723.73792
2019,05,31,0,724.23086
2019,05,31,1,724.63756
2019,05,31,2,725.11498
2019,05,31,3,725.64574
2019,05,31,4,725.70955
2019,05,31,5,725.16937
2019,05,31,6,724.96069
2019,05,31,7,724.5194
2019,05,1,0,723.95413
2019,05,1,1,723.50923
2019,05,1,2,723.44127
2019,05,1,3,723.48148
2019,05,1,4,723.06103
2019,05,1,5,722.62936
2019,05,1,6,723.33041
2019,05,1,7,724.37608
2019,05,2,0,724.00279
2019,05,2,1,723.60848
2019,05,2,2,724.9011
2019,05,2,3,725.76338
2019,05,2,4,726.09787
2019,05,2,5,726.62856
2019,05,2,6,727.62333
2019,05,2,7,728.27005
2019,05,3,0,728.68573
2019,05,3,1,728.85678
2019,05,3,2,729.28966
2019,05,3,3,729.59902
2019,05,3,4,729.35146
2019,05,3,5,728.82337
2019,05,3,6,728.70492
2019,05,3,7,728.67409
2019,05,4,0,728.54149
2019,05,4,1,728.11175
2019,05,4,2,727.49613
2019,05,4,3,727.19872
2019,05,4,4,726.9611
2019,05,4,5,726.78083
2019,05,4,6,726.93876
2019,05,4,7,727.28247
2019,05,5,0,727.11759
2019,05,5,1,726.95705
2019,05,5,2,726.79265
2019,05,5,3,726.42551
2019,05,5,4,726.12108
2019,05,5,5,725.55918
2019,05,5,6,725.22162
2019,05,5,7,725.12898
2019,05,6,0,724.48287
2019,05,6,1,723.86901
2019,05,6,2,723.44172
2019,05,6,3,723.0588
2019,05,6,4,723.07691
2019,05,6,5,723.2109
2019,05,6,6,723.32806
2019,05,6,7,723.75026
2019,05,7,0,723.9683
2019,05,7,1,724.0807
2019,05,7,2,725.23735
2019,05,7,3,726.02111
2019,05,7,4,725.98655
2019,05,7,5,725.68213
2019,05,7,6,725.04696
2019,05,7,7,724.69454
2019,05,8,0,724.48946
2019,05,8,1,723.97063
2019,05,8,2,724.21451
2019,05,8,3,724.23301
2019,05,8,4,723.89057
2019,05,8,5,723.40356
2019,05,8,6,723.29055
2019,05,8,7,723.38626
2019,05,9,0,723.02817
2019,05,9,1,722.81338
2019,05,9,2,722.73451
2019,05,9,3,722.6134
2019,05,9,4,722.58326
2019,05,9,5,722.52702
2019,05,9,6,722.56771
2019,05,9,7,722.42107
2019,05,10,0,722.22788
2019,05,10,1,721.97315
2019,05,10,2,721.61348
2019,05,10,3,720.92563
2019,05,10,4,720.34145
2019,05,10,5,720.0212
2019,05,10,6,719.63359
2019,05,10,7,718.9709
2019,05,11,0,717.99055
2019,05,11,1,717.05713
2019,05,11,2,717.03036
2019,05,11,3,717.1103
2019,05,11,4,717.41106
2019,05,11,5,717.58995
2019,05,11,6,717.59109
2019,05,11,7,717.514
2019,05,12,0,717.35395
2019,05,12,1,716.90255
2019,05,12,2,716.59921
2019,05,12,3,715.93658
2019,05,12,4,715.3464
2019,05,12,5,715.03195
2019,05,12,6,715.02394
2019,05,12,7,714.83727
2019,05,13,0,715.17776
2019,05,13,1,715.62323
2019,05,13,2,716.54735
2019,05,13,3,717.53696
2019,05,13,4,717.90569
2019,05,13,5,718.33735
2019,05,13,6,719.92583
2019,05,13,7,721.71568
2019,05,14,0,722.93164
2019,05,14,1,723.38948
2019,05,14,2,724.21742
2019,05,14,3,724.64102
2019,05,14,4,724.59106
2019,05,14,5,724.60799
2019,05,14,6,724.74823
2019,05,14,7,724.11203
2019,05,15,0,723.28621
2019,05,15,1,722.66827
2019,05,15,2,722.89839
2019,05,15,3,722.94345
2019,05,15,4,722.65211
2019,05,15,5,722.26673
2019,05,15,6,722.52786
2019,05,15,7,723.51796
2019,05,16,0,723.25828
2019,05,16,1,722.65951
2019,05,16,2,723.81231
2019,05,16,3,725.17358
2019,05,16,4,725.30083
2019,05,16,5,724.78596
2019,05,16,6,724.36089
2019,05,16,7,724.26583
2019,05,17,0,724.35664
2019,05,17,1,724.40957
2019,05,17,2,724.74072
2019,05,17,3,725.35991
2019,05,17,4,725.62646
2019,05,17,5,725.14651
2019,05,17,6,725.9283
2019,05,17,7,726.84067
2019,05,18,0,726.98359
2019,05,18,1,727.07043
2019,05,18,2,727.54051
2019,05,18,3,727.93804
2019,05,18,4,727.86455
2019,05,18,5,727.72048
2019,05,18,6,728.61597
2019,05,18,7,729.24397
2019,05,19,0,728.78738
2019,05,19,1,727.56516
2019,05,19,2,728.40184
2019,05,19,3,729.34696
2019,05,19,4,729.51746
2019,05,19,5,729.48178
2019,05,19,6,729.53201
2019,05,19,7,729.75455
2019,05,20,0,729.64683
2019,05,20,1,729.42577
2019,05,20,2,730.09288
2019,05,20,3,730.5963
2019,05,20,4,730.27954
2019,05,20,5,729.15061
2019,05,20,6,729.46477
2019,05,20,7,730.10132
2019,05,21,0,730.64339
2019,05,21,1,731.40935
2019,05,21,2,731.3526
2019,05,21,3,731.05508
2019,05,21,4,731.57081
2019,05,21,5,732.12161
2019,05,21,6,732.44705
2019,05,21,7,732.61378
2019,05,22,0,732.83349
2019,05,22,1,733.13627
2019,05,22,2,733.4273
2019,05,22,3,733.43522
2019,05,22,4,733.40703
2019,05,22,5,733.16083
2019,05,22,6,733.24167
2019,05,22,7,733.38699
2019,05,23,0,733.16919
2019,05,23,1,733.00849
2019,05,23,2,732.8029
2019,05,23,3,732.46717
2019,05,23,4,732.18314
2019,05,23,5,731.90476
2019,05,23,6,732.61031
2019,05,23,7,732.91879
2019,05,24,0,732.18886
2019,05,24,1,731.49226
2019,05,24,2,731.26461
2019,05,24,3,730.97302
2019,05,24,4,731.05754
2019,05,24,5,730.69413
2019,05,24,6,730.87287
2019,05,24,7,731.43838
2019,05,25,0,731.89618
2019,05,25,1,731.87909
2019,05,25,2,731.82217
2019,05,25,3,732.03428
2019,05,25,4,731.86864
2019,05,25,5,731.42008
2019,05,25,6,731.47863
2019,05,25,7,731.5954
2019,05,26,0,730.50397
2019,05,26,1,729.17672
2019,05,26,2,728.88629
2019,05,26,3,728.26549
2019,05,26,4,727.71982
2019,05,26,5,726.94956
2019,05,26,6,726.32825
2019,05,26,7,725.90637
2019,05,27,0,725.71448
2019,05,27,1,725.05805
2019,05,27,2,724.00739
2019,05,27,3,723.23936
2019,05,27,4,722.45753
2019,05,27,5,721.88788
2019,05,27,6,722.23128
2019,05,27,7,722.83492
2019,05,28,0,723.37114
2019,05,28,1,724.03813
2019,05,28,2,724.31931
2019,05,28,3,724.49601
2019,05,28,4,724.55511
2019,05,28,5,724.52684
2019,05,28,6,724.95919
2019,05,28,7,725.23881
2019,05,29,0,724.86284
2019,05,29,1,724.08272
2019,05,29,2,723.10958
2019,05,29,3,722.04565
2019,05,29,4,721.73333
2019,05,29,5,721.51114
2019,05,29,6,721.44176
2019,05,29,7,721.51882
2019,05,30,0,721.76414
2019,05,30,1,721.83362
2019,05,30,2,722.39956
2019,05,30,3,722.97855
2019,05,30,4,722.97524
2019,05,30,5,723.29921
2019,05,30,6,722.95902
2019,05,30,7,722.89135
2019,05,1,0,723.10747
2019,05,1,1,723.36658
2019,05,1,2,724.21177
2019,05,1,3,725.48293
2019,05,1,4,726.64592
2019,05,1,5,727.25736
2019,05,1,6,728.27593
2019,05,1,7,729.84573
2019,05,2,0,731.21901
2019,05,2,1,731.88015
2019,05,2,2,732.56366
2019,05,2,3,733.21226
2019,05,2,4,733.42246
2019,05,2,5,733.09572
2019,05,2,6,733.63796
2019,05,2,7,734.41059
2019,05,3,0,734.39044
2019,05,3,1,733.97369
2019,05,3,2,733.83804
2019,05,3,3,733.7638
2019,05,3,4,733.04157
2019,05,3,5,732.2936
2019,05,3,6,732.34069
2019,05,3,7,732.47552
2019,05,4,0,732.89542
2019,05,4,1,733.02105
2019,05,4,2,732.98845
2019,05,4,3,733.41078
2019,05,4,4,733.65428
2019,05,4,5,733.66157
2019,05,4,6,733.83648
2019,05,4,7,734.20503
2019,05,5,0,734.40959
2019,05,5,1,734.33351
2019,05,5,2,734.79677
2019,05,5,3,735.16406
2019,05,5,4,735.30609
2019,05,5,5,734.66577
2019,05,5,6,734.68218
2019,05,5,7,735.12472
2019,05,6,0,734.98393
2019,05,6,1,734.86643
2019,05,6,2,734.71022
2019,05,6,3,734.53806
2019,05,6,4,734.66507
2019,05,6,5,734.70115
2019,05,6,6,734.88606
2019,05,6,7,735.12482
2019,05,7,0,735.29774
2019,05,7,1,735.08008
2019,05,7,2,735.00664
2019,05,7,3,734.83937
2019,05,7,4,734.76883
2019,05,7,5,735.03936
2019,05,7,6,735.00369
2019,05,7,7,735.16816
2019,05,8,0,735.11497
2019,05,8,1,734.75769
2019,05,8,2,734.8945
2019,05,8,3,734.44073
2019,05,8,4,734.41237
2019,05,8,5,734.50148
2019,05,8,6,734.1686
2019,05,8,7,733.8437
2019,05,9,0,733.16517
2019,05,9,1,732.82384
2019,05,9,2,732.41614
2019,05,9,3,731.66044
2019,05,9,4,731.5255
2019,05,9,5,731.22782
2019,05,9,6,731.2049
2019,05,9,7,731.4193
2019,05,10,0,731.3347
2019,05,10,1,731.14949
2019,05,10,2,730.83966
2019,05,10,3,730.5784
2019,05,10,4,730.75961
2019,05,10,5,730.55375
2019,05,10,6,730.40838
2019,05,10,7,730.36049
2019,05,11,0,730.18904
2019,05,11,1,730.09278
2019,05,11,2,730.22822
2019,05,11,3,730.25984
2019,05,11,4,730.65356
2019,05,11,5,730.67218
2019,05,11,6,730.77379
2019,05,11,7,731.1609
2019,05,12,0,731.03095
2019,05,12,1,730.55712
2019,05,12,2,730.30094
2019,05,12,3,730.03883
2019,05,12,4,729.65898
2019,05,12,5,729.11496
2019,05,12,6,728.45837
2019,05,12,7,728.11297
2019,05,13,0,728.03259
2019,05,13,1,727.85503
2019,05,13,2,727.31036
2019,05,13,3,726.85929
2019,05,13,4,726.69383
2019,05,13,5,726.38514
2019,05,13,6,725.98446
2019,05,13,7,725.86641
2019,05,14,0,725.32016
2019,05,14,1,724.5397
2019,05,14,2,724.54507
2019,05,14,3,724.76241
2019,05,14,4,725.09415
2019,05,14,5,725.40668
2019,05,14,6,725.75778
2019,05,14,7,726.35842
2019,05,15,0,727.19909
2019,05,15,1,727.47003
2019,05,15,2,727.37289
2019,05,15,3,727.39407
2019,05,15,4,727.45634
2019,05,15,5,727.34886
2019,05,15,6,727.24849
2019,05,15,7,727.32475
2019,05,16,0,726.82929
2019,05,16,1,726.1272
2019,05,16,2,725.59023
2019,05,16,3,724.83786
2019,05,16,4,724.32547
2019,05,16,5,723.83792
2019,05,16,6,723.16461
2019,05,16,7,722.64679
2019,05,17,0,721.71644
2019,05,17,1,720.87423
2019,05,17,2,720.32421
2019,05,17,3,719.83793
2019,05,17,4,719.86491
2019,05,17,5,719.8736
2019,05,17,6,720.26974
2019,05,17,7,721.03684
2019,05,18,0,721.59612
2019,05,18,1,722.21594
2019,05,18,2,723.2831
2019,05,18,3,724.21108
2019,05,18,4,725.45955
2019,05,18,5,726.41894
2019,05,18,6,727.43659
2019,05,18,7,728.57634
2019,05,19,0,729.63438
2019,05,19,1,730.33224
2019,05,19,2,731.25655
2019,05,19,3,732.30115
2019,05,19,4,733.05034
2019,05,19,5,733.38746
2019,05,19,6,733.97919
2019,05,19,7,734.42819
2019,05,20,0,734.39708
2019,05,20,1,734.23695
2019,05,20,2,733.86632
2019,05,20,3,733.12
2019,05,20,4,732.34996
2019,05,20,5,731.74282
2019,05,20,6,731.42956
2019,05,20,7,731.09893
2019,05,21,0,730.86728
2019,05,21,1,730.36508
2019,05,21,2,729.74682
2019,05,21,3,729.2235
2019,05,21,4,728.747
2019,05,21,5,728.21251
2019,05,21,6,727.54378
2019,05,21,7,727.15779
2019,05,22,0,726.85464
2019,05,22,1,726.38948
2019,05,22,2,726.40518
2019,05,22,3,726.50353
2019,05,22,4,726.48264
2019,05,22,5,726.05222
2019,05,22,6,726.00745
2019,05,22,7,726.15558
2019,05,23,0,725.3477
2019,05,23,1,724.3467
2019,05,23,2,725.004
2019,05,23,3,725.61969
2019,05,23,4,725.79114
2019,05,23,5,725.94497
2019,05,23,6,726.2425
2019,05,23,7,726.46338
2019,05,24,0,726.70815
2019,05,24,1,726.69721
2019,05,24,2,726.68726
2019,05,24,3,726.33649
2019,05,24,4,726.22139
2019,05,24,5,725.86025
2019,05,24,6,725.67474
2019,05,24,7,725.54737
2019,05,25,0,725.23055
2019,05,25,1,724.51784
2019,05,25,2,724.16201
2019,05,25,3,723.27969
2019,05,25,4,722.52789
2019,05,25,5,721.46145
2019,05,25,6,721.26416
2019,05,25,7,721.16477
2019,05,26,0,720.42783
2019,05,26,1,719.78391
2019,05,26,2,719.92014
2019,05,26,3,719.92182
2019,05,26,4,719.72724
2019,05,26,5,719.63512
2019,05,26,6,720.11093
2019,05,26,7,720.67119
2019,05,27,0,721.16186
2019,05,27,1,721.59758
2019,05,27,2,721.99744
2019,05,27,3,722.78852
2019,05,27,4,723.71224
2019,05,27,5,724.01727
2019,05,27,6,724.60218
2019,05,27,7,725.33603
2019,05,28,0,726.23501
2019,05,28,1,726.72511
2019,05,28,2,726.8518
2019,05,28,3,726.73684
2019,05,28,4,726.80731
2019,05,28,5,726.58442
2019,05,28,6,726.38226
2019,05,28,7,726.11224
2019,05,29,0,725.78129
2019,05,29,1,724.97259
2019,05,29,2,724.53733
2019,05,29,3,724.10451
2019,05,29,4,723.89437
2019,05,29,5,723.70655
2019,05,29,6,723.24814
2019,05,29,7,722.8221
2019,05,30,0,722.33751
2019,05,30,1,721.61693
2019,05,30,2,721.76343
2019,05,30,3,722.10277
2019,05,30,4,722.15906
2019,05,30,5,722.07431
2019,05,30,6,722.50261
2019,05,30,7,723.12351
2019,05,31,0,723.38527
2019,05,31,1,723.3548
2019,05,31,2,723.74041
2019,05,31,3,723.91416
2019,05,31,4,723.7947
2019,05,31,5,723.46335
2019,05,31,6,723.38966
2019,05,31,7,723.15127
2020,05,1,0,722.73586
2020,05,1,1,721.75442
2020,05,1,2,720.41009
2020,05,1,3,719.44079
2020,05,1,4,719.19447
2020,05,1,5,719.50421
2020,05,1,6,719.99977
2020,05,1,7,720.55093
