####################################################################################################
# Month: 01Jan                                                                                     #
# Station: CAS                                                                                     #
# Frequency: 345 GHz                                                                               #
# Columns are: year    month   day     segment         tau     Tb (K)                              #
####################################################################################################
year,month,day,segment,tau,Tb
2009,01,1,0,2.452278,244.5935
2009,01,1,1,3.051917,255.1717
2009,01,1,2,2.997017,254.9045
2009,01,1,3,3.842249,263.5039
2009,01,1,4,3.816322,263.0827
2009,01,1,5,4.235789,265.5276
2009,01,1,6,3.931166,264.8538
2009,01,1,7,3.863997,264.8945
2009,01,2,0,3.320194,260.5601
2009,01,2,1,4.009719,266.713
2009,01,2,2,3.545292,264.5046
2009,01,2,3,3.825253,267.0267
2009,01,2,4,3.262595,262.4778
2009,01,2,5,2.599271,250.8934
2009,01,2,6,2.406291,245.1775
2009,01,2,7,2.095775,235.3868
2009,01,3,0,2.489351,245.7708
2009,01,3,1,3.517694,260.4367
2009,01,3,2,2.920174,252.7
2009,01,3,3,2.142554,235.9964
2009,01,3,4,2.787811,252.5506
2009,01,3,5,3.13703,259.861
2009,01,3,6,3.069616,259.9556
2009,01,3,7,2.555346,251.2656
2009,01,4,0,2.57268,250.8898
2009,01,4,1,2.953975,257.0207
2009,01,4,2,2.745376,252.915
2009,01,4,3,2.988961,255.4257
2009,01,4,4,2.442918,244.3239
2009,01,4,5,2.292937,240.5829
2009,01,4,6,2.124009,236.5215
2009,01,4,7,2.139178,237.2522
2009,01,5,0,2.256431,239.2465
2009,01,5,1,2.420702,242.7708
2009,01,5,2,2.699397,248.3219
2009,01,5,3,2.633261,247.1423
2009,01,5,4,2.632284,246.7665
2009,01,5,5,2.215653,237.141
2009,01,5,6,2.118122,233.633
2009,01,5,7,2.231888,236.4388
2009,01,6,0,2.149183,233.4913
2009,01,6,1,1.979257,227.2926
2009,01,6,2,1.858458,222.1566
2009,01,6,3,2.264277,236.5455
2009,01,6,4,2.21987,235.8998
2009,01,6,5,2.505413,243.3153
2009,01,6,6,2.731561,248.0413
2009,01,6,7,2.634549,246.6732
2009,01,7,0,2.498344,243.7043
2009,01,7,1,2.238494,237.0233
2009,01,7,2,2.121721,233.583
2009,01,7,3,1.720551,217.866
2009,01,7,4,2.177914,235.2662
2009,01,7,5,2.16876,235.2336
2009,01,7,6,2.280458,239.5671
2009,01,7,7,2.473642,244.8488
2009,01,8,0,2.728047,250.2048
2009,01,8,1,2.987176,254.5059
2009,01,8,2,2.996068,255.5511
2009,01,8,3,2.780323,253.8933
2009,01,8,4,3.006605,258.8281
2009,01,8,5,3.468712,264.4713
2009,01,8,6,3.081444,260.446
2009,01,8,7,2.758772,255.0849
2009,01,9,0,2.345992,245.1211
2009,01,9,1,2.603706,250.0174
2009,01,9,2,2.922047,255.7561
2009,01,9,3,3.214466,259.5494
2009,01,9,4,2.819057,254.3417
2009,01,9,5,4.121692,268.7304
2009,01,9,6,4.48692,271.5977
2009,01,9,7,3.791908,267.5508
2009,01,10,0,3.657553,266.3472
2009,01,10,1,4.283667,269.674
2009,01,10,2,3.676343,265.732
2009,01,10,3,3.809345,265.0269
2009,01,10,4,2.643857,248.5999
2009,01,10,5,2.30494,240.3587
2009,01,10,6,2.191775,237.4901
2009,01,10,7,2.624547,248.0959
2009,01,11,0,2.760557,250.9346
2009,01,11,1,3.51671,261.3585
2009,01,11,2,3.775683,263.3954
2009,01,11,3,3.293647,259.926
2009,01,11,4,2.818039,253.8796
2009,01,11,5,3.118629,258.933
2009,01,11,6,3.419087,262.0914
2009,01,11,7,3.580432,263.2384
2009,01,12,0,3.212024,259.4997
2009,01,12,1,3.15452,259.5313
2009,01,12,2,2.90153,256.507
2009,01,12,3,2.881466,256.2409
2009,01,12,4,2.977148,257.3686
2009,01,12,5,3.578497,263.8428
2009,01,12,6,3.613956,264.209
2009,01,12,7,3.490023,263.7367
2009,01,13,0,3.39911,263.3835
2009,01,13,1,3.071406,259.8016
2009,01,13,2,3.018447,259.9276
2009,01,13,3,2.777016,256.5757
2009,01,13,4,2.869554,258.3961
2009,01,13,5,3.292037,264.5732
2009,01,13,6,4.037416,270.1911
2009,01,13,7,4.561898,271.2976
2009,01,14,0,2.66682,252.744
2009,01,14,1,2.534878,248.4431
2009,01,14,2,2.129224,238.1568
2009,01,14,3,2.044332,232.8702
2009,01,14,4,2.651088,249.1192
2009,01,14,5,2.647774,248.6103
2009,01,14,6,2.361604,242.131
2009,01,14,7,2.09405,234.7778
2009,01,15,0,2.137056,235.7245
2009,01,15,1,2.121761,234.9154
2009,01,15,2,2.746257,250.2535
2009,01,15,3,2.812917,251.7951
2009,01,15,4,2.762434,250.7264
2009,01,15,5,2.807706,251.6142
2009,01,15,6,3.132922,257.1527
2009,01,15,7,3.575912,262.9507
2009,01,16,0,4.042531,267.8825
2009,01,16,1,2.993571,258.448
2009,01,16,2,4.282121,268.2163
2009,01,16,3,4.081891,265.8355
2009,01,16,4,3.340979,258.0544
2009,01,16,5,2.571397,245.6611
2009,01,16,6,2.222228,237.0132
2009,01,16,7,2.505147,243.9178
2009,01,17,0,2.492197,243.5125
2009,01,17,1,2.019764,229.5837
2009,01,17,2,2.402112,241.1824
2009,01,17,3,2.251036,236.4931
2009,01,17,4,2.273415,237.4914
2009,01,17,5,2.044801,230.7907
2009,01,17,6,2.234552,237.9868
2009,01,17,7,2.747761,249.3589
2009,01,18,0,3.045732,254.9006
2009,01,18,1,2.895963,253.0966
2009,01,18,2,3.30037,258.8958
2009,01,18,3,3.684813,262.4019
2009,01,18,4,4.066101,264.7489
2009,01,18,5,3.647531,262.6682
2009,01,18,6,3.655471,262.999
2009,01,18,7,3.601308,262.8673
2009,01,19,0,3.279529,261.319
2009,01,19,1,4.027417,268.9705
2009,01,19,2,4.866201,271.8825
2009,01,19,3,4.519264,270.7955
2009,01,19,4,4.642281,271.9413
2009,01,19,5,4.384112,270.2861
2009,01,19,6,3.161393,262.528
2009,01,19,7,3.042724,261.5973
2009,01,20,0,4.090874,271.7101
2009,01,20,1,3.793478,269.3713
2009,01,20,2,3.992035,268.5148
2009,01,20,3,2.319022,243.5459
2009,01,20,4,2.944725,255.1463
2009,01,20,5,2.552901,247.5437
2009,01,20,6,2.195064,237.9593
2009,01,20,7,2.063446,233.6033
2009,01,21,0,1.973622,229.866
2009,01,21,1,1.856068,224.9606
2009,01,21,2,1.837695,223.9421
2009,01,21,3,2.471348,244.6691
2009,01,21,4,2.979297,253.8678
2009,01,21,5,2.947657,253.0295
2009,01,21,6,2.469906,245.8715
2009,01,21,7,2.411599,245.5464
2009,01,22,0,2.246957,241.897
2009,01,22,1,2.64871,252.7624
2009,01,22,2,2.392905,247.5181
2009,01,22,3,3.333619,262.086
2009,01,22,4,3.34034,265.9821
2009,01,22,5,2.305845,243.6634
2009,01,22,6,2.164077,236.1849
2009,01,22,7,1.980549,229.4559
2009,01,23,0,2.156594,234.5681
2009,01,23,1,2.234671,237.105
2009,01,23,2,2.238143,237.4419
2009,01,23,3,2.422921,242.2902
2009,01,23,4,2.104291,232.8472
2009,01,23,5,2.063168,231.6238
2009,01,23,6,1.982357,229.6871
2009,01,23,7,1.926601,227.8652
2009,01,24,0,2.01469,231.0067
2009,01,24,1,2.112219,234.2949
2009,01,24,2,1.934964,228.3131
2009,01,24,3,1.166679,184.4624
2009,01,24,4,1.529604,209.4913
2009,01,24,5,1.821931,224.6672
2009,01,24,6,1.985974,231.7285
2009,01,24,7,2.423801,245.2351
2009,01,25,0,2.693432,250.8969
2009,01,25,1,2.698296,251.0976
2009,01,25,2,2.789008,253.7738
2009,01,25,3,3.1546,259.5942
2009,01,25,4,3.49762,263.8687
2009,01,25,5,3.21845,261.1695
2009,01,25,6,3.871186,266.6779
2009,01,25,7,3.889517,267.3833
2009,01,26,0,4.004506,268.7629
2009,01,26,1,4.014657,268.9013
2009,01,26,2,4.00517,268.5391
2009,01,26,3,3.450421,263.2976
2009,01,26,4,3.702271,263.7357
2009,01,26,5,2.699179,251.3755
2009,01,26,6,2.379597,245.4133
2009,01,26,7,2.644075,250.092
2009,01,27,0,2.907006,253.3824
2009,01,27,1,3.012552,255.6323
2009,01,27,2,2.763975,252.5816
2009,01,27,3,3.148636,258.8524
2009,01,27,4,3.091657,258.0225
2009,01,27,5,3.449584,262.5061
2009,01,27,6,3.24882,261.7822
2009,01,27,7,4.24059,269.7615
2009,01,28,0,3.89825,268.1214
2009,01,28,1,3.665587,266.8434
2009,01,28,2,3.912155,268.8441
2009,01,28,3,3.884194,269.8427
2009,01,28,4,3.627926,267.3559
2009,01,28,5,4.022379,269.8188
2009,01,28,6,3.476408,266.6078
2009,01,28,7,3.074279,261.9352
2009,01,29,0,2.875545,257.3288
2009,01,29,1,3.079197,259.4641
2009,01,29,2,3.122458,260.9964
2009,01,29,3,3.570005,265.6884
2009,01,29,4,3.305464,262.9202
2009,01,29,5,3.90969,267.6502
2009,01,29,6,3.072489,259.9998
2009,01,29,7,2.968466,257.8703
2009,01,30,0,2.637374,250.3782
2009,01,30,1,3.224041,258.284
2009,01,30,2,4.005049,263.9382
2009,01,30,3,3.45517,259.1782
2009,01,30,4,2.59076,247.1762
2009,01,30,5,2.382959,241.8748
2009,01,30,6,2.568122,247.4003
2009,01,30,7,2.706049,250.0966
2009,01,31,0,2.680606,248.9984
2009,01,31,1,3.138859,256.0764
2009,01,31,2,2.702861,249.2273
2009,01,31,3,2.975441,254.1806
2009,01,31,4,3.081243,255.6327
2009,01,31,5,3.201144,256.9474
2009,01,31,6,3.20107,257.1337
2009,01,31,7,3.113829,256.3127
2010,01,1,0,2.852813,253.6602
2010,01,1,1,2.810008,253.1312
2010,01,1,2,2.851324,253.6769
2010,01,1,3,3.084987,256.866
2010,01,1,4,3.623041,262.4736
2010,01,1,5,3.887229,264.1574
2010,01,1,6,3.659179,262.645
2010,01,1,7,3.44367,261.5645
2010,01,2,0,3.562728,263.2696
2010,01,2,1,4.090107,266.8123
2010,01,2,2,3.982669,266.188
2010,01,2,3,4.021668,267.3503
2010,01,2,4,2.991664,258.7292
2010,01,2,5,3.084294,259.0008
2010,01,2,6,3.212217,260.2124
2010,01,2,7,2.737012,253.577
2010,01,3,0,2.724261,252.449
2010,01,3,1,2.82813,253.6135
2010,01,3,2,2.87208,254.4318
2010,01,3,3,2.872333,253.8673
2010,01,3,4,2.34973,243.2449
2010,01,3,5,2.302025,243.8008
2010,01,3,6,2.637961,252.7133
2010,01,3,7,3.257241,261.9763
2010,01,4,0,3.412359,263.2769
2010,01,4,1,2.458628,247.1675
2010,01,4,2,2.589266,248.994
2010,01,4,3,2.544534,247.2945
2010,01,4,4,2.641124,249.2503
2010,01,4,5,2.68626,251.074
2010,01,4,6,3.091785,257.0649
2010,01,4,7,2.655482,250.1691
2010,01,5,0,2.423292,243.7176
2010,01,5,1,2.212736,237.0256
2010,01,5,2,2.692275,248.0442
2010,01,5,3,2.48118,243.6727
2010,01,5,4,2.17933,236.611
2010,01,5,5,2.255037,240.1916
2010,01,5,6,2.076681,235.5267
2010,01,5,7,2.152635,237.8073
2010,01,6,0,2.090187,235.0361
2010,01,6,1,1.834648,224.5558
2010,01,6,2,2.016089,230.7114
2010,01,6,3,1.840736,222.9042
2010,01,6,4,2.005768,229.1354
2010,01,6,5,2.111892,233.2637
2010,01,6,6,2.332404,240.7026
2010,01,6,7,2.905246,252.8476
2010,01,7,0,3.247389,258.4548
2010,01,7,1,3.530639,262.5612
2010,01,7,2,3.574222,263.7115
2010,01,7,3,3.343275,261.1792
2010,01,7,4,3.260115,260.4456
2010,01,7,5,2.787357,254.3961
2010,01,7,6,3.381687,261.8349
2010,01,7,7,3.83854,265.5785
2010,01,8,0,3.717464,264.7993
2010,01,8,1,3.323905,262.7064
2010,01,8,2,3.050787,259.8318
2010,01,8,3,3.360255,263.2366
2010,01,8,4,3.834563,265.7149
2010,01,8,5,3.485942,262.8264
2010,01,8,6,3.420669,262.1871
2010,01,8,7,3.78031,264.977
2010,01,9,0,3.65796,264.0983
2010,01,9,1,3.286191,260.7126
2010,01,9,2,3.18122,258.5113
2010,01,9,3,3.290327,259.2005
2010,01,9,4,3.561757,261.9733
2010,01,9,5,3.554737,261.8823
2010,01,9,6,3.222098,258.4967
2010,01,9,7,3.628002,262.5737
2010,01,10,0,3.791774,263.9214
2010,01,10,1,4.016308,264.7684
2010,01,10,2,3.467557,260.6172
2010,01,10,3,3.163523,257.3281
2010,01,10,4,3.345324,259.3858
2010,01,10,5,2.91069,253.9679
2010,01,10,6,2.567901,248.3914
2010,01,10,7,2.662273,250.8054
2010,01,11,0,2.757476,252.3348
2010,01,11,1,2.724693,251.3108
2010,01,11,2,2.955085,255.2915
2010,01,11,3,2.885955,254.1561
2010,01,11,4,3.503522,263.071
2010,01,11,5,3.999954,268.2987
2010,01,11,6,4.313371,270.3424
2010,01,11,7,4.678796,271.1579
2010,01,12,0,4.833018,270.3612
2010,01,12,1,3.40836,260.7014
2010,01,12,2,3.469941,260.5029
2010,01,12,3,3.321592,258.3856
2010,01,12,4,3.396913,258.7866
2010,01,12,5,3.021854,254.4706
2010,01,12,6,2.884653,252.1741
2010,01,12,7,2.844265,251.1842
2010,01,13,0,2.635606,247.1539
2010,01,13,1,2.868536,251.4778
2010,01,13,2,3.047569,254.1594
2010,01,13,3,3.334114,257.6142
2010,01,13,4,2.406087,243.2125
2010,01,13,5,2.379464,243.2952
2010,01,13,6,2.474452,246.3362
2010,01,13,7,2.584231,249.6388
2010,01,14,0,2.465315,249.2086
2010,01,14,1,3.074159,261.8522
2010,01,14,2,4.886399,273.4466
2010,01,14,3,4.605487,271.5561
2010,01,14,4,4.861118,272.0529
2010,01,14,5,4.289599,269.5984
2010,01,14,6,2.784166,254.5667
2010,01,14,7,2.170237,238.0884
2010,01,15,0,2.232952,238.6217
2010,01,15,1,2.10055,234.3717
2010,01,15,2,2.041196,232.3015
2010,01,15,3,2.084485,233.247
2010,01,15,4,2.456643,242.5988
2010,01,15,5,2.212961,235.8017
2010,01,15,6,2.161284,235.1178
2010,01,15,7,1.954978,229.0281
2010,01,16,0,2.166647,236.2043
2010,01,16,1,1.981881,230.0144
2010,01,16,2,1.727523,219.2525
2010,01,16,3,2.205498,236.9477
2010,01,16,4,2.192917,237.3828
2010,01,16,5,2.472,245.509
2010,01,16,6,2.473686,245.9134
2010,01,16,7,2.204159,239.5684
2010,01,17,0,2.464284,245.9692
2010,01,17,1,2.940113,254.5216
2010,01,17,2,3.286359,259.4853
2010,01,17,3,2.72161,250.336
2010,01,17,4,2.369953,243.4173
2010,01,17,5,3.109863,257.0362
2010,01,17,6,3.076215,257.5584
2010,01,17,7,2.789687,252.6856
2010,01,18,0,2.787395,252.097
2010,01,18,1,2.735476,251.3425
2010,01,18,2,2.820398,252.6918
2010,01,18,3,3.439802,260.7034
2010,01,18,4,3.30747,259.4721
2010,01,18,5,3.056689,256.1904
2010,01,18,6,2.825543,252.4641
2010,01,18,7,2.963414,253.984
2010,01,19,0,2.75804,250.3821
2010,01,19,1,2.698182,249.16
2010,01,19,2,2.573786,246.7768
2010,01,19,3,3.117505,256.0668
2010,01,19,4,3.061475,256.1306
2010,01,19,5,3.201242,257.8263
2010,01,19,6,3.391426,260.6801
2010,01,19,7,2.794519,253.6206
2010,01,20,0,2.883978,254.116
2010,01,20,1,3.146395,257.4668
2010,01,20,2,2.794189,252.0741
2010,01,20,3,2.649166,249.3263
2010,01,20,4,2.829197,253.9524
2010,01,20,5,3.831122,266.2062
2010,01,20,6,3.399494,264.2033
2010,01,20,7,2.253066,242.182
2010,01,21,0,2.51694,247.1133
2010,01,21,1,2.73537,250.9317
2010,01,21,2,2.722296,250.4069
2010,01,21,3,2.906557,253.4263
2010,01,21,4,2.631884,249.3424
2010,01,21,5,2.980375,256.1531
2010,01,21,6,3.477718,262.8089
2010,01,21,7,3.822245,266.3797
2010,01,22,0,3.333551,262.8199
2010,01,22,1,3.570802,264.5047
2010,01,22,2,3.41395,263.8786
2010,01,22,3,2.84682,255.987
2010,01,22,4,2.309745,241.7623
2010,01,22,5,2.330568,241.9442
2010,01,22,6,2.586387,247.893
2010,01,22,7,2.287787,241.4535
2010,01,23,0,2.076115,234.3487
2010,01,23,1,2.144173,236.4929
2010,01,23,2,2.305312,241.1737
2010,01,23,3,2.37374,242.729
2010,01,23,4,2.613033,248.4389
2010,01,23,5,2.308488,241.3342
2010,01,23,6,2.605566,248.7335
2010,01,23,7,3.10794,257.9166
2010,01,24,0,3.79932,265.1962
2010,01,24,1,5.129575,272.2678
2010,01,24,2,3.275718,261.6616
2010,01,24,3,4.574833,268.8348
2010,01,24,4,4.697751,268.8216
2010,01,24,5,4.325441,266.4337
2010,01,24,6,3.153738,256.7587
2010,01,24,7,2.840519,252.8219
2010,01,25,0,2.947846,254.953
2010,01,25,1,2.691041,250.9395
2010,01,25,2,3.054212,257.3205
2010,01,25,3,2.834902,255.742
2010,01,25,4,2.702273,252.3416
2010,01,25,5,2.600696,250.1659
2010,01,25,6,2.896831,254.1697
2010,01,25,7,2.957931,253.9179
2010,01,26,0,2.754828,250.9206
2010,01,26,1,2.753442,251.6401
2010,01,26,2,2.625531,248.2568
2010,01,26,3,1.836017,224.2033
2010,01,26,4,1.800187,222.6686
2010,01,26,5,2.228638,237.1848
2010,01,26,6,2.243096,238.8476
2010,01,26,7,2.28519,239.5186
2010,01,27,0,2.299619,240.4698
2010,01,27,1,2.761441,250.4139
2010,01,27,2,2.82319,251.3386
2010,01,27,3,2.841681,252.6383
2010,01,27,4,2.948578,256.0748
2010,01,27,5,3.050513,257.881
2010,01,27,6,2.856091,256.6264
2010,01,27,7,2.931846,258.1072
2010,01,28,0,3.120078,261.0673
2010,01,28,1,3.827049,267.1654
2010,01,28,2,4.195539,268.8329
2010,01,28,3,4.813697,270.6682
2010,01,28,4,4.847518,269.7717
2010,01,28,5,5.044358,270.0585
2010,01,28,6,4.251777,267.2207
2010,01,28,7,3.885069,264.5644
2010,01,29,0,3.342407,258.9856
2010,01,29,1,2.821608,250.1485
2010,01,29,2,2.572935,244.0199
2010,01,29,3,2.320648,237.6006
2010,01,29,4,2.339742,237.6208
2010,01,29,5,2.070704,229.4244
2010,01,29,6,1.996862,227.09
2010,01,29,7,2.153937,232.9528
2010,01,30,0,1.897827,223.9382
2010,01,30,1,1.821839,220.4145
2010,01,30,2,1.706404,214.6585
2010,01,30,3,1.786288,218.5448
2010,01,30,4,1.838509,221.9397
2010,01,30,5,1.855352,223.0218
2010,01,30,6,2.32695,238.6756
2010,01,30,7,2.587504,246.1868
2010,01,31,0,2.866035,252.9454
2010,01,31,1,2.818112,252.3783
2010,01,31,2,2.893656,253.8671
2010,01,31,3,2.863077,255.1481
2010,01,31,4,2.737023,253.1349
2010,01,31,5,2.580858,249.548
2010,01,31,6,1.891411,229.0588
2010,01,31,7,2.210709,239.0324
2011,01,1,0,2.732186,251.4082
2011,01,1,1,2.805926,252.9834
2011,01,1,2,3.406117,260.5287
2011,01,1,3,3.176714,258.3807
2011,01,1,4,2.923747,260.3498
2011,01,1,5,2.703172,252.6921
2011,01,1,6,2.469547,248.2513
2011,01,1,7,2.589285,250.2362
2011,01,2,0,2.222593,240.5405
2011,01,2,1,1.929967,229.4626
2011,01,2,2,1.814653,224.8901
2011,01,2,3,2.380426,246.6448
2011,01,2,4,3.283371,263.9423
2011,01,2,5,2.373508,249.2023
2011,01,2,6,2.264585,246.9928
2011,01,2,7,2.318357,250.0217
2011,01,3,0,3.095423,266.1821
2011,01,3,1,3.349239,268.6753
2011,01,3,2,3.288571,267.0133
2011,01,3,3,2.806079,259.9678
2011,01,3,4,2.552505,255.2272
2011,01,3,5,3.264043,265.5674
2011,01,3,6,4.652484,272.7708
2011,01,3,7,4.691578,272.7525
2011,01,4,0,4.576265,271.7395
2011,01,4,1,3.858433,269.0823
2011,01,4,2,3.400361,264.8755
2011,01,4,3,3.52528,264.5683
2011,01,4,4,3.539106,264.1466
2011,01,4,5,3.417819,262.1363
2011,01,4,6,2.721366,252.7199
2011,01,4,7,3.086315,258.5432
2011,01,5,0,2.372334,245.2514
2011,01,5,1,2.048006,234.1604
2011,01,5,2,2.160292,236.8371
2011,01,5,3,1.977792,230.1041
2011,01,5,4,2.333113,241.2012
2011,01,5,5,2.879781,254.1694
2011,01,5,6,2.922993,256.572
2011,01,5,7,3.273198,262.3884
2011,01,6,0,2.994498,258.5911
2011,01,6,1,3.634802,265.1955
2011,01,6,2,2.9581,256.3808
2011,01,6,3,1.422209,203.7219
2011,01,6,4,1.736144,220.5736
2011,01,6,5,2.643861,249.5872
2011,01,6,6,3.235245,259.5128
2011,01,6,7,3.975617,266.4753
2011,01,7,0,4.455697,269.5972
2011,01,7,1,4.62324,269.7868
2011,01,7,2,4.351622,268.104
2011,01,7,3,2.703402,251.2017
2011,01,7,4,2.760859,250.7256
2011,01,7,5,2.758939,250.0707
2011,01,7,6,2.216281,237.7099
2011,01,7,7,2.048537,231.6302
2011,01,8,0,1.600942,211.6939
2011,01,8,1,2.16152,234.6922
2011,01,8,2,2.396439,241.0391
2011,01,8,3,2.831782,249.7517
2011,01,8,4,2.954669,252.0562
2011,01,8,5,2.890212,250.7604
2011,01,8,6,2.565265,247.167
2011,01,8,7,2.697238,251.6255
2011,01,9,0,3.150269,258.8439
2011,01,9,1,3.656964,263.3159
2011,01,9,2,2.276411,241.4331
2011,01,9,3,2.508749,246.772
2011,01,9,4,2.87388,253.1535
2011,01,9,5,2.71144,251.0426
2011,01,9,6,2.865018,254.6513
2011,01,9,7,3.215811,259.7548
2011,01,10,0,3.505078,262.8602
2011,01,10,1,3.739775,266.7734
2011,01,10,2,4.740695,275.5849
2011,01,10,3,4.408803,272.121
2011,01,10,4,3.707333,266.2883
2011,01,10,5,2.845044,255.8618
2011,01,10,6,2.620315,250.7536
2011,01,10,7,2.441647,245.6376
2011,01,11,0,2.926233,253.8551
2011,01,11,1,2.709042,248.5335
2011,01,11,2,2.612538,247.0192
2011,01,11,3,2.570939,247.3491
2011,01,11,4,2.994786,256.198
2011,01,11,5,3.547251,262.6639
2011,01,11,6,3.597617,263.8641
2011,01,11,7,3.396832,263.6029
2011,01,12,0,2.661334,253.0866
2011,01,12,1,2.378368,246.2851
2011,01,12,2,2.678836,250.7074
2011,01,12,3,2.326169,241.1331
2011,01,12,4,2.87491,253.089
2011,01,12,5,2.459294,245.5165
2011,01,12,6,2.412126,243.7992
2011,01,12,7,2.780561,252.0003
2011,01,13,0,2.994724,256.4271
2011,01,13,1,3.210287,259.6303
2011,01,13,2,3.536026,263.6196
2011,01,13,3,3.471613,262.215
2011,01,13,4,2.857244,251.3948
2011,01,13,5,2.357272,239.9351
2011,01,13,6,1.458803,204.2636
2011,01,13,7,1.51853,206.4234
2011,01,14,0,1.755325,217.209
2011,01,14,1,1.585861,208.8795
2011,01,14,2,1.664938,213.6266
2011,01,14,3,1.611803,211.9131
2011,01,14,4,1.676718,215.7256
2011,01,14,5,1.513717,208.2612
2011,01,14,6,1.809983,224.1585
2011,01,14,7,2.671303,250.0577
2011,01,15,0,3.322151,260.1354
2011,01,15,1,3.434947,263.2366
2011,01,15,2,3.16191,260.3403
2011,01,15,3,2.850118,254.7932
2011,01,15,4,3.029336,257.0342
2011,01,15,5,2.730572,252.7669
2011,01,15,6,2.620736,251.3522
2011,01,15,7,2.910599,256.3789
2011,01,16,0,2.985592,257.598
2011,01,16,1,2.923704,256.6725
2011,01,16,2,2.944008,256.7991
2011,01,16,3,3.747342,264.6004
2011,01,16,4,4.519016,267.7818
2011,01,16,5,4.1234,265.3655
2011,01,16,6,3.455297,260.2694
2011,01,16,7,3.068926,255.053
2011,01,17,0,2.810869,250.3517
2011,01,17,1,2.520422,244.4883
2011,01,17,2,2.136132,234.3477
2011,01,17,3,2.190745,235.8388
2011,01,17,4,2.322684,239.6536
2011,01,17,5,2.127509,234.5089
2011,01,17,6,1.990176,231.0178
2011,01,17,7,1.966579,231.4565
2011,01,18,0,2.033263,234.2016
2011,01,18,1,2.193885,239.4743
2011,01,18,2,2.24682,241.1009
2011,01,18,3,2.384277,244.678
2011,01,18,4,2.653078,250.1357
2011,01,18,5,3.078818,256.7955
2011,01,18,6,3.509216,261.6578
2011,01,18,7,3.588816,262.2738
2011,01,19,0,3.418425,259.969
2011,01,19,1,3.30234,258.3415
2011,01,19,2,2.957595,253.6879
2011,01,19,3,2.862056,251.8117
2011,01,19,4,2.999497,253.6245
2011,01,19,5,3.203618,255.768
2011,01,19,6,2.955963,252.6645
2011,01,19,7,2.901994,252.2068
2011,01,20,0,2.939156,252.9711
2011,01,20,1,2.766346,250.4686
2011,01,20,2,2.749878,249.9911
2011,01,20,3,2.59391,246.3545
2011,01,20,4,2.79208,249.9697
2011,01,20,5,3.107524,255.1457
2011,01,20,6,3.203775,256.8223
2011,01,20,7,2.832316,251.9899
2011,01,21,0,2.285255,239.6134
2011,01,21,1,2.182369,236.1913
2011,01,21,2,2.413102,243.0287
2011,01,21,3,2.540363,246.4044
2011,01,21,4,3.228919,258.332
2011,01,21,5,4.590465,268.3659
2011,01,21,6,3.332711,262.2185
2011,01,21,7,3.526883,265.0016
2011,01,22,0,3.882098,267.3274
2011,01,22,1,5.497639,275.0434
2011,01,22,2,3.935941,268.5412
2011,01,22,3,3.456876,263.7696
2011,01,22,4,3.265884,261.2729
2011,01,22,5,2.745718,255.3005
2011,01,22,6,3.714079,266.1194
2011,01,22,7,4.226568,269.8161
2011,01,23,0,2.901079,255.5002
2011,01,23,1,2.436833,244.504
2011,01,23,2,2.363138,242.5404
2011,01,23,3,2.266749,240.0507
2011,01,23,4,2.056864,232.7571
2011,01,23,5,2.467685,244.684
2011,01,23,6,2.288929,241.164
2011,01,23,7,2.034325,234.1578
2011,01,24,0,2.238591,239.7002
2011,01,24,1,2.151621,236.6544
2011,01,24,2,2.54176,246.3518
2011,01,24,3,2.066762,233.4278
2011,01,24,4,2.164993,236.9212
2011,01,24,5,1.951773,229.1487
2011,01,24,6,2.146076,235.084
2011,01,24,7,2.155866,235.3889
2011,01,25,0,1.924796,227.5298
2011,01,25,1,2.157544,235.4566
2011,01,25,2,2.580389,245.9446
2011,01,25,3,2.215428,236.5625
2011,01,25,4,2.282328,237.8849
2011,01,25,5,2.025521,229.7709
2011,01,25,6,1.846579,223.3246
2011,01,25,7,1.88087,224.7149
2011,01,26,0,1.860477,223.4991
2011,01,26,1,2.52435,243.8263
2011,01,26,2,2.614211,245.5321
2011,01,26,3,2.320726,238.3169
2011,01,26,4,2.398455,240.445
2011,01,26,5,2.092084,232.1709
2011,01,26,6,1.873967,225.4668
2011,01,26,7,1.83508,224.6131
2011,01,27,0,1.9228,227.7269
2011,01,27,1,1.925671,227.3361
2011,01,27,2,1.939217,227.9361
2011,01,27,3,1.831837,224.0258
2011,01,27,4,1.929994,228.2071
2011,01,27,5,2.58723,246.8029
2011,01,27,6,2.8018,250.9753
2011,01,27,7,2.644958,248.0765
2011,01,28,0,2.498016,244.8811
2011,01,28,1,2.764836,250.8704
2011,01,28,2,2.827035,252.3011
2011,01,28,3,3.233886,257.6105
2011,01,28,4,3.071845,255.7283
2011,01,28,5,2.655389,249.6403
2011,01,28,6,2.653047,251.724
2011,01,28,7,3.589577,263.8126
2011,01,29,0,3.414957,263.1289
2011,01,29,1,3.343042,262.7056
2011,01,29,2,3.35942,262.831
2011,01,29,3,2.959168,257.7779
2011,01,29,4,2.202229,240.9293
2011,01,29,5,2.135203,238.4053
2011,01,29,6,1.962067,232.7546
2011,01,29,7,2.151828,238.973
2011,01,30,0,2.38301,244.4178
2011,01,30,1,2.265134,240.5
2011,01,30,2,2.750224,251.2601
2011,01,30,3,2.741602,251.2095
2011,01,30,4,2.871284,252.8766
2011,01,30,5,2.457393,244.4295
2011,01,30,6,2.624934,248.2548
2011,01,30,7,2.891631,253.1978
2011,01,31,0,2.50562,246.0428
2011,01,31,1,2.423997,243.7532
2011,01,31,2,3.030068,254.8121
2011,01,31,3,2.305637,240.4445
2011,01,31,4,2.472145,244.3608
2011,01,31,5,2.082197,233.1079
2011,01,31,6,1.935682,228.0459
2011,01,31,7,2.061339,232.8003
2012,01,1,0,2.337041,240.7686
2012,01,1,1,2.258084,239.4557
2012,01,1,2,1.847246,225.5516
2012,01,1,3,3.034516,255.8846
2012,01,1,4,3.276467,257.9488
2012,01,1,5,2.559096,248.5588
2012,01,1,6,2.678889,252.8827
2012,01,1,7,3.485553,262.4861
2012,01,2,0,3.317502,260.4381
2012,01,2,1,3.245142,259.9846
2012,01,2,2,3.350829,260.6082
2012,01,2,3,3.216218,258.8825
2012,01,2,4,3.507952,262.097
2012,01,2,5,3.643394,264.0326
2012,01,2,6,3.704639,264.31
2012,01,2,7,3.664694,264.0511
2012,01,3,0,3.804229,265.4495
2012,01,3,1,4.473463,268.7997
2012,01,3,2,4.807485,269.6222
2012,01,3,3,4.69277,268.8009
2012,01,3,4,3.622048,262.6365
2012,01,3,5,3.807405,264.2694
2012,01,3,6,4.03846,266.7017
2012,01,3,7,4.161294,268.9262
2012,01,4,0,4.57161,271.1756
2012,01,4,1,4.577995,272.1242
2012,01,4,2,4.479796,273.0007
2012,01,4,3,4.639121,273.3336
2012,01,4,4,4.525762,273.2291
2012,01,4,5,3.822364,268.9338
2012,01,4,6,3.939672,267.3023
2012,01,4,7,3.601152,261.812
2012,01,5,0,3.021931,254.8939
2012,01,5,1,3.08445,255.4884
2012,01,5,2,2.746932,249.1969
2012,01,5,3,3.175697,253.7596
2012,01,5,4,2.324195,237.0778
2012,01,5,5,2.12229,230.1468
2012,01,5,6,1.925733,223.8683
2012,01,5,7,2.25328,236.1347
2012,01,6,0,2.450113,243.6763
2012,01,6,1,1.199013,192.5963
2012,01,6,2,0.469567,103.9322
2012,01,6,3,0.5648398,116.3278
2012,01,6,4,1.026131,170.8926
2012,01,6,5,1.745185,221.156
2012,01,6,6,2.062532,235.2497
2012,01,6,7,2.327649,243.7469
2012,01,7,0,2.081484,236.5726
2012,01,7,1,1.851221,227.9413
2012,01,7,2,2.380942,245.1253
2012,01,7,3,2.917935,254.9301
2012,01,7,4,3.235421,258.7406
2012,01,7,5,3.497679,261.5034
2012,01,7,6,3.305137,259.8421
2012,01,7,7,3.566896,262.7289
2012,01,8,0,3.637014,262.9444
2012,01,8,1,3.826664,264.741
2012,01,8,2,2.382592,245.3832
2012,01,8,3,2.087267,237.0028
2012,01,8,4,2.942271,257.652
2012,01,8,5,2.973759,259.2585
2012,01,8,6,4.075139,269.1961
2012,01,8,7,4.120213,270.2847
2012,01,9,0,4.534362,273.6378
2012,01,9,1,4.660552,274.392
2012,01,9,2,4.456611,272.9439
2012,01,9,3,3.478511,265.436
2012,01,9,4,3.142922,262.3188
2012,01,9,5,3.686964,268.0583
2012,01,9,6,3.813927,270.6098
2012,01,9,7,4.333459,272.8005
2012,01,10,0,4.551192,272.7164
2012,01,10,1,4.273906,271.278
2012,01,10,2,4.333497,271.4793
2012,01,10,3,3.607642,264.3341
2012,01,10,4,3.266413,258.3728
2012,01,10,5,2.70226,248.1284
2012,01,10,6,2.578727,245.5558
2012,01,10,7,2.26677,237.9768
2012,01,11,0,2.313056,239.0209
2012,01,11,1,2.621102,246.4335
2012,01,11,2,2.674943,247.106
2012,01,11,3,2.628681,245.8264
2012,01,11,4,2.250187,236.9105
2012,01,11,5,1.931139,226.7284
2012,01,11,6,2.372296,240.0628
2012,01,11,7,2.560508,245.7789
2012,01,12,0,2.457945,246.2822
2012,01,12,1,2.817963,255.9744
2012,01,12,2,5.102181,270.9948
2012,01,12,3,2.233056,242.7763
2012,01,12,4,1.302372,198.9517
2012,01,12,5,2.00877,235.6677
2012,01,12,6,2.613922,253.3867
2012,01,12,7,3.924875,269.7817
2012,01,13,0,4.093293,268.9999
2012,01,13,1,2.061867,237.782
2012,01,13,2,3.445173,263.1929
2012,01,13,3,3.380529,261.1782
2012,01,13,4,2.288344,241.655
2012,01,13,5,2.030757,233.8335
2012,01,13,6,2.072824,235.1194
2012,01,13,7,2.113043,236.1081
2012,01,14,0,2.051149,233.4833
2012,01,14,1,1.854417,225.8776
2012,01,14,2,2.414713,244.0498
2012,01,14,3,3.11905,255.9515
2012,01,14,4,3.474065,260.6056
2012,01,14,5,3.210578,258.1277
2012,01,14,6,2.363097,244.1706
2012,01,14,7,2.477321,246.8181
2012,01,15,0,2.599531,248.1931
2012,01,15,1,2.846623,252.1931
2012,01,15,2,2.495986,244.9799
2012,01,15,3,2.111676,233.6771
2012,01,15,4,1.939033,226.8794
2012,01,15,5,2.007252,229.6422
2012,01,15,6,2.179835,235.9948
2012,01,15,7,2.433065,243.4191
2012,01,16,0,2.660062,247.6756
2012,01,16,1,3.002961,253.9248
2012,01,16,2,3.368489,259.26
2012,01,16,3,3.259119,258.2825
2012,01,16,4,2.468508,246.131
2012,01,16,5,2.820245,253.8123
2012,01,16,6,2.975018,258.0034
2012,01,16,7,2.904831,257.7089
2012,01,17,0,2.846839,255.8407
2012,01,17,1,2.403046,245.8988
2012,01,17,2,1.449472,205.2838
2012,01,17,3,1.629956,215.0713
2012,01,17,4,2.532193,248.5819
2012,01,17,5,3.353823,261.8429
2012,01,17,6,2.833708,256.4077
2012,01,17,7,2.99226,259.0908
2012,01,18,0,3.163624,260.885
2012,01,18,1,3.656287,264.7818
2012,01,18,2,4.132077,267.7757
2012,01,18,3,3.562231,263.2038
2012,01,18,4,3.521608,262.6307
2012,01,18,5,3.823509,265.5274
2012,01,18,6,3.492114,263.1241
2012,01,18,7,3.337863,260.8712
2012,01,19,0,2.806984,253.2671
2012,01,19,1,3.049475,255.8323
2012,01,19,2,3.236106,257.6568
2012,01,19,3,3.108036,255.5579
2012,01,19,4,2.988733,253.6764
2012,01,19,5,2.717379,250.175
2012,01,19,6,2.590127,247.9676
2012,01,19,7,2.516187,245.8089
2012,01,20,0,2.807872,251.7945
2012,01,20,1,2.942044,254.6027
2012,01,20,2,2.647937,251.345
2012,01,20,3,3.510029,262.0413
2012,01,20,4,3.969149,264.0376
2012,01,20,5,3.430338,260.7829
2012,01,20,6,2.846414,253.997
2012,01,20,7,2.904291,256.019
2012,01,21,0,2.417416,248.0932
2012,01,21,1,2.598567,252.7446
2012,01,21,2,2.413819,248.9843
2012,01,21,3,1.937919,230.6225
2012,01,21,4,3.235087,260.2192
2012,01,21,5,3.254084,260.7491
2012,01,21,6,3.631252,264.3958
2012,01,21,7,3.946052,267.1307
2012,01,22,0,3.724639,266.6583
2012,01,22,1,4.188584,269.3389
2012,01,22,2,3.473184,264.2574
2012,01,22,3,3.068565,261.0861
2012,01,22,4,3.785714,267.4014
2012,01,22,5,3.418037,263.0165
2012,01,22,6,3.877057,265.9953
2012,01,22,7,3.983389,266.0533
2012,01,23,0,2.459274,245.5717
2012,01,23,1,3.465562,260.1105
2012,01,23,2,3.326654,259.8137
2012,01,23,3,4.046289,264.7148
2012,01,23,4,2.723519,250.2204
2012,01,23,5,2.354097,240.9786
2012,01,23,6,2.505281,243.2759
2012,01,23,7,2.312369,239.0311
2012,01,24,0,2.404079,241.662
2012,01,24,1,3.558961,258.9258
2012,01,24,2,2.795678,251.2797
2012,01,24,3,2.942241,254.9642
2012,01,24,4,3.033261,256.7856
2012,01,24,5,3.271417,260.6154
2012,01,24,6,3.183,261.2777
2012,01,24,7,2.721841,253.875
2012,01,25,0,3.116251,260.1418
2012,01,25,1,2.867515,256.9589
2012,01,25,2,2.907462,258.1058
2012,01,25,3,4.046031,268.9623
2012,01,25,4,3.7983,269.0796
2012,01,25,5,4.304877,273.1554
2012,01,25,6,4.547311,273.6844
2012,01,25,7,4.596773,274.2752
2012,01,26,0,4.335281,272.3668
2012,01,26,1,4.260125,270.7293
2012,01,26,2,4.495735,271.6292
2012,01,26,3,3.935681,268.682
2012,01,26,4,3.884322,268.5679
2012,01,26,5,4.238702,270.2295
2012,01,26,6,3.821979,266.2377
2012,01,26,7,3.014128,256.8465
2012,01,27,0,2.74348,252.9857
2012,01,27,1,2.562734,249.0491
2012,01,27,2,2.712605,250.7897
2012,01,27,3,3.098335,256.5515
2012,01,27,4,3.3989,260.3849
2012,01,27,5,3.15445,258.2246
2012,01,27,6,3.006931,256.7985
2012,01,27,7,3.020864,257.7878
2012,01,28,0,3.016094,258.7272
2012,01,28,1,3.167406,260.0767
2012,01,28,2,2.590623,250.8293
2012,01,28,3,2.38307,245.9105
2012,01,28,4,3.115393,259.3833
2012,01,28,5,3.357065,262.0479
2012,01,28,6,3.183547,260.191
2012,01,28,7,3.114004,259.053
2012,01,29,0,2.665484,252.7392
2012,01,29,1,2.211558,240.8468
2012,01,29,2,3.124701,258.8961
2012,01,29,3,3.069215,258.4051
2012,01,29,4,2.51964,246.8116
2012,01,29,5,2.661659,249.5812
2012,01,29,6,2.339798,243.2906
2012,01,29,7,2.424382,245.3105
2012,01,30,0,2.454074,245.1983
2012,01,30,1,2.447918,244.3417
2012,01,30,2,3.10481,256.6527
2012,01,30,3,2.838653,252.7407
2012,01,30,4,2.84443,251.2691
2012,01,30,5,2.987236,254.2135
2012,01,30,6,2.461471,243.7079
2012,01,30,7,2.059463,230.774
2012,01,31,0,1.788213,221.3637
2012,01,31,1,1.755859,219.3424
2012,01,31,2,1.796028,220.2829
2012,01,31,3,1.915935,223.52
2012,01,31,4,2.073941,228.8769
2012,01,31,5,2.220603,233.6503
2012,01,31,6,2.249639,234.876
2012,01,31,7,2.026257,227.6304
2013,01,1,0,2.550927,248.634
2013,01,1,1,2.333298,242.9328
2013,01,1,2,2.46961,246.7856
2013,01,1,3,3.199044,259.1701
2013,01,1,4,3.397923,261.6326
2013,01,1,5,4.250899,267.2032
2013,01,1,6,3.735876,263.865
2013,01,1,7,3.131493,257.4112
2013,01,2,0,2.916564,253.9347
2013,01,2,1,2.515687,246.2061
2013,01,2,2,2.560805,247.2302
2013,01,2,3,2.580785,247.7972
2013,01,2,4,2.960328,254.9188
2013,01,2,5,2.997296,257.0127
2013,01,2,6,3.081439,259.0833
2013,01,2,7,4.137387,267.4457
2013,01,3,0,4.396462,268.8878
2013,01,3,1,3.743918,265.1386
2013,01,3,2,3.368914,260.7053
2013,01,3,3,2.669049,249.532
2013,01,3,4,2.315783,241.2208
2013,01,3,5,2.686465,249.9032
2013,01,3,6,2.869835,254.5948
2013,01,3,7,2.892474,255.2533
2013,01,4,0,2.946501,254.8975
2013,01,4,1,2.847448,253.571
2013,01,4,2,2.895569,254.2476
2013,01,4,3,3.44209,260.9172
2013,01,4,4,2.991728,255.7271
2013,01,4,5,2.8301,252.9647
2013,01,4,6,2.805311,253.1482
2013,01,4,7,2.7967,254.5894
2013,01,5,0,3.07013,259.0972
2013,01,5,1,3.299225,261.6993
2013,01,5,2,4.079213,267.7325
2013,01,5,3,3.299538,261.0093
2013,01,5,4,3.241718,260.8954
2013,01,5,5,3.408915,263.2435
2013,01,5,6,3.219804,260.7882
2013,01,5,7,2.483866,247.4682
2013,01,6,0,2.019021,234.2858
2013,01,6,1,2.297309,242.5089
2013,01,6,2,2.690011,250.794
2013,01,6,3,2.798763,251.9296
2013,01,6,4,3.0725,255.8903
2013,01,6,5,3.096207,255.0908
2013,01,6,6,2.996421,254.0673
2013,01,6,7,2.64699,249.2222
2013,01,7,0,2.246937,240.091
2013,01,7,1,2.423954,244.3828
2013,01,7,2,2.558804,247.059
2013,01,7,3,2.710788,249.9565
2013,01,7,4,2.714034,250.1899
2013,01,7,5,3.055477,256.4001
2013,01,7,6,2.601245,249.5007
2013,01,7,7,2.688147,251.1991
2013,01,8,0,3.447548,260.001
2013,01,8,1,2.941803,252.9629
2013,01,8,2,2.555481,245.8451
2013,01,8,3,3.152179,255.875
2013,01,8,4,2.773311,250.3877
2013,01,8,5,2.458087,244.8774
2013,01,8,6,2.278189,241.2698
2013,01,8,7,2.348912,243.8611
2013,01,9,0,2.683406,250.8629
2013,01,9,1,3.121043,257.2007
2013,01,9,2,3.349063,260.4879
2013,01,9,3,3.424738,261.835
2013,01,9,4,3.65634,264.3604
2013,01,9,5,3.992794,266.7204
2013,01,9,6,3.929501,267.6487
2013,01,9,7,4.003858,268.014
2013,01,10,0,3.611286,265.137
2013,01,10,1,3.423305,263.9395
2013,01,10,2,3.791825,266.8094
2013,01,10,3,4.055059,268.1008
2013,01,10,4,3.522932,263.5607
2013,01,10,5,3.716282,265.2678
2013,01,10,6,4.156335,268.9318
2013,01,10,7,5.161718,275.1335
2013,01,11,0,5.071021,277.0062
2013,01,11,1,4.573626,274.7114
2013,01,11,2,3.958892,269.5331
2013,01,11,3,3.351566,261.6656
2013,01,11,4,3.086234,257.2182
2013,01,11,5,2.937027,254.9148
2013,01,11,6,2.793688,252.688
2013,01,11,7,2.830269,253.0798
2013,01,12,0,2.853632,252.6785
2013,01,12,1,2.08306,233.3636
2013,01,12,2,1.740491,219.3432
2013,01,12,3,1.5987,212.2451
2013,01,12,4,2.044506,231.2571
2013,01,12,5,2.257623,237.5294
2013,01,12,6,2.618784,246.4944
2013,01,12,7,2.978605,253.5471
2013,01,13,0,3.227588,257.5797
2013,01,13,1,3.4291,260.1026
2013,01,13,2,3.183994,257.3227
2013,01,13,3,2.500541,246.2338
2013,01,13,4,2.822895,252.5698
2013,01,13,5,3.493149,261.1639
2013,01,13,6,3.789637,264.5913
2013,01,13,7,4.460597,269.1844
2013,01,14,0,4.573044,270.9996
2013,01,14,1,4.945335,272.9954
2013,01,14,2,3.941341,269.6734
2013,01,14,3,2.851303,257.725
2013,01,14,4,3.724967,268.5669
2013,01,14,5,4.080773,270.8874
2013,01,14,6,3.92912,269.9377
2013,01,14,7,3.961725,270.1245
2013,01,15,0,4.365982,272.2878
2013,01,15,1,4.195987,272.3995
2013,01,15,2,4.428372,273.6865
2013,01,15,3,4.621583,273.8633
2013,01,15,4,4.033448,270.9298
2013,01,15,5,4.864851,274.518
2013,01,15,6,4.075736,270.1269
2013,01,15,7,3.773415,266.4493
2013,01,16,0,3.935864,265.9624
2013,01,16,1,4.153501,266.0949
2013,01,16,2,3.795759,263.4496
2013,01,16,3,4.0345,264.4353
2013,01,16,4,4.285908,266.1045
2013,01,16,5,3.017907,256.3472
2013,01,16,6,3.31039,260.4516
2013,01,16,7,3.582175,262.7349
2013,01,17,0,3.646561,263.4264
2013,01,17,1,3.256975,260.598
2013,01,17,2,3.055411,257.7167
2013,01,17,3,3.553724,263.621
2013,01,17,4,3.742671,265.5953
2013,01,17,5,4.09626,268.5645
2013,01,17,6,4.828855,271.349
2013,01,17,7,5.446388,271.9966
2013,01,18,0,4.465746,268.097
2013,01,18,1,3.020429,257.1821
2013,01,18,2,3.1195,258.5909
2013,01,18,3,2.640266,251.1414
2013,01,18,4,2.422823,246.9861
2013,01,18,5,2.337717,245.5498
2013,01,18,6,2.103019,238.9278
2013,01,18,7,4.299447,271.7887
2013,01,19,0,5.614707,276.5768
2013,01,19,1,4.615833,274.6328
2013,01,19,2,4.649917,275.8155
2013,01,19,3,4.611631,275.7188
2013,01,19,4,5.387111,277.6266
2013,01,19,5,3.978615,272.7828
2013,01,19,6,4.477663,275.4299
2013,01,19,7,5.312268,277.0949
2013,01,20,0,4.70779,276.4278
2013,01,20,1,3.994139,272.3363
2013,01,20,2,5.215077,276.9004
2013,01,20,3,5.284922,276.6293
2013,01,20,4,4.878445,276.4348
2013,01,20,5,5.131203,276.4359
2013,01,20,6,5.680241,277.7473
2013,01,20,7,6.093836,278.1116
2013,01,21,0,5.394157,276.5199
2013,01,21,1,4.395885,273.022
2013,01,21,2,3.262286,264.4393
2013,01,21,3,2.634093,253.6785
2013,01,21,4,3.175578,261.2987
2013,01,21,5,3.777182,266.2796
2013,01,21,6,4.200278,269.2271
2013,01,21,7,3.518415,265.87
2013,01,22,0,3.286533,263.1264
2013,01,22,1,3.122825,260.6345
2013,01,22,2,3.915073,266.4008
2013,01,22,3,3.626505,263.2898
2013,01,22,4,3.367422,260.8422
2013,01,22,5,2.777675,253.5871
2013,01,22,6,2.586606,250.5233
2013,01,22,7,2.848384,254.1534
2013,01,23,0,2.563952,247.4852
2013,01,23,1,3.512057,260.1464
2013,01,23,2,2.668364,248.0201
2013,01,23,3,2.8887,252.0593
2013,01,23,4,2.680661,248.0599
2013,01,23,5,1.989796,229.2839
2013,01,23,6,2.144905,234.9076
2013,01,23,7,2.434257,242.6553
2013,01,24,0,2.345648,239.9427
2013,01,24,1,2.008724,229.5431
2013,01,24,2,2.838525,250.5596
2013,01,24,3,2.989416,252.9684
2013,01,24,4,3.054788,253.3363
2013,01,24,5,3.45568,258.005
2013,01,24,6,3.904912,262.962
2013,01,24,7,4.081347,268.6812
2013,01,25,0,2.943801,259.2119
2013,01,25,1,4.009482,267.2729
2013,01,25,2,4.350113,268.5299
2013,01,25,3,3.593964,263.451
2013,01,25,4,2.841859,254.875
2013,01,25,5,2.927588,263.9247
2013,01,25,6,3.475682,262.304
2013,01,25,7,3.493578,262.6814
2013,01,26,0,3.229407,260.495
2013,01,26,1,3.173172,260.3964
2013,01,26,2,4.028106,267.5424
2013,01,26,3,4.619558,269.7751
2013,01,26,4,3.618038,265.116
2013,01,26,5,2.230713,243.3996
2013,01,26,6,2.435088,249.3229
2013,01,26,7,2.956422,260.5393
2013,01,27,0,4.310425,271.7919
2013,01,27,1,4.387665,271.0258
2013,01,27,2,3.153295,261.6357
2013,01,27,3,2.971902,258.4458
2013,01,27,4,3.60787,265.2972
2013,01,27,5,3.487101,264.0881
2013,01,27,6,2.900544,258.8911
2013,01,27,7,3.231201,261.983
2013,01,28,0,2.984522,256.2105
2013,01,28,1,2.3212,240.8187
2013,01,28,2,2.361212,240.6046
2013,01,28,3,2.546751,245.6625
2013,01,28,4,2.78538,251.3316
2013,01,28,5,3.335738,259.7903
2013,01,28,6,3.738866,264.7912
2013,01,28,7,4.127167,268.3215
2013,01,29,0,3.770908,266.7307
2013,01,29,1,3.549979,267.3474
2013,01,29,2,3.255771,265.2859
2013,01,29,3,3.444912,266.5854
2013,01,29,4,2.741525,256.1269
2013,01,29,5,3.971803,267.6538
2013,01,29,6,3.618461,264.9845
2013,01,29,7,2.468785,247.8267
2013,01,30,0,2.290192,241.6485
2013,01,30,1,2.633008,249.1641
2013,01,30,2,2.599993,248.4743
2013,01,30,3,2.340748,242.5842
2013,01,30,4,2.460449,245.0732
2013,01,30,5,2.550988,248.0914
2013,01,30,6,2.654582,250.3629
2013,01,30,7,3.239722,259.8238
2013,01,31,0,4.043115,268.5914
2013,01,31,1,4.278346,270.4921
2013,01,31,2,4.152317,271.4667
2013,01,31,3,3.020849,259.0259
2013,01,31,4,2.779162,254.0825
2013,01,31,5,2.715928,252.3715
2013,01,31,6,2.530421,248.5432
2013,01,31,7,2.833569,253.4544
2014,01,1,0,2.125008,234.3046
2014,01,1,1,2.063796,232.1927
2014,01,1,2,2.050543,231.2006
2014,01,1,3,2.089184,232.1485
2014,01,1,4,2.518299,243.1612
2014,01,1,5,2.44419,241.0935
2014,01,1,6,2.35174,239.3306
2014,01,1,7,2.630978,246.3598
2014,01,2,0,2.739104,248.4099
2014,01,2,1,2.591569,245.4541
2014,01,2,2,2.890745,250.3913
2014,01,2,3,3.5111,257.7295
2014,01,2,4,3.033051,252.433
2014,01,2,5,3.112243,254.1683
2014,01,2,6,2.799346,249.9652
2014,01,2,7,2.473974,243.5654
2014,01,3,0,2.234645,237.3464
2014,01,3,1,2.112966,238.0631
2014,01,3,2,2.452891,242.832
2014,01,3,3,3.199598,255.3816
2014,01,3,4,2.437396,242.3637
2014,01,3,5,2.261019,238.7582
2014,01,3,6,2.418955,244.2108
2014,01,3,7,2.884434,253.4599
2014,01,4,0,2.865161,253.118
2014,01,4,1,2.983601,255.3243
2014,01,4,2,2.841601,252.5837
2014,01,4,3,3.019678,255.7804
2014,01,4,4,2.341852,241.929
2014,01,4,5,2.491045,245.7923
2014,01,4,6,2.233787,239.9518
2014,01,4,7,2.187558,237.9813
2014,01,5,0,2.504057,246.0652
2014,01,5,1,2.878022,253.4257
2014,01,5,2,2.67756,250.8594
2014,01,5,3,2.537335,246.4944
2014,01,5,4,2.289117,239.4114
2014,01,5,5,2.291269,239.9902
2014,01,5,6,2.787802,251.4467
2014,01,5,7,3.478527,261.5694
2014,01,6,0,3.25666,260.2982
2014,01,6,1,3.164101,259.8686
2014,01,6,2,3.466568,263.2435
2014,01,6,3,3.590467,263.8423
2014,01,6,4,2.551936,245.9089
2014,01,6,5,2.211251,236.3246
2014,01,6,6,2.12002,233.1968
2014,01,6,7,2.304102,239.3925
2014,01,7,0,2.298673,239.2878
2014,01,7,1,2.19064,236.029
2014,01,7,2,2.081981,233.2054
2014,01,7,3,2.252949,238.378
2014,01,7,4,2.242847,238.4881
2014,01,7,5,2.09093,234.4361
2014,01,7,6,2.134184,236.1436
2014,01,7,7,2.306646,241.477
2014,01,8,0,2.865491,252.5619
2014,01,8,1,3.174758,257.643
2014,01,8,2,3.182694,258.414
2014,01,8,3,3.127691,257.8129
2014,01,8,4,3.490096,262.104
2014,01,8,5,3.304084,259.9619
2014,01,8,6,3.240721,259.3822
2014,01,8,7,2.89932,254.6613
2014,01,9,0,2.288194,241.3056
2014,01,9,1,2.567837,247.4232
2014,01,9,2,2.607413,247.8418
2014,01,9,3,2.498056,244.8926
2014,01,9,4,3.006903,253.5276
2014,01,9,5,2.952944,252.5577
2014,01,9,6,2.928269,253.2627
2014,01,9,7,3.185465,257.3831
2014,01,10,0,4.002181,263.5527
2014,01,10,1,3.675896,260.9455
2014,01,10,2,3.35804,257.8367
2014,01,10,3,3.304446,256.9656
2014,01,10,4,3.216723,256.1273
2014,01,10,5,2.781113,250.4078
2014,01,10,6,2.498835,244.9742
2014,01,10,7,2.544745,246.4428
2014,01,11,0,3.02014,254.5656
2014,01,11,1,3.39104,259.2821
2014,01,11,2,3.261231,259.3265
2014,01,11,3,3.291508,262.5174
2014,01,11,4,4.513155,271.5449
2014,01,11,5,4.5137,271.8737
2014,01,11,6,4.865698,273.978
2014,01,11,7,5.613003,275.6542
2014,01,12,0,4.493737,272.1215
2014,01,12,1,4.502669,272.1063
2014,01,12,2,4.66001,272.522
2014,01,12,3,4.777291,272.3671
2014,01,12,4,3.845591,266.9792
2014,01,12,5,3.11224,259.8595
2014,01,12,6,2.727346,254.4213
2014,01,12,7,2.531017,251.2618
2014,01,13,0,2.670533,253.2
2014,01,13,1,3.029191,257.6585
2014,01,13,2,2.825529,254.996
2014,01,13,3,3.410505,264.5582
2014,01,13,4,3.359207,264.9732
2014,01,13,5,4.173244,272.2676
2014,01,13,6,2.97007,260.8922
2014,01,13,7,2.988224,258.5923
2014,01,14,0,3.136567,259.0568
2014,01,14,1,3.104103,257.9442
2014,01,14,2,3.148602,257.6716
2014,01,14,3,3.890862,264.863
2014,01,14,4,3.103136,258.6897
2014,01,14,5,3.886015,266.1576
2014,01,14,6,3.776714,267.031
2014,01,14,7,3.486146,264.617
2014,01,15,0,3.054263,256.3485
2014,01,15,1,2.568877,246.7112
2014,01,15,2,2.305747,239.0803
2014,01,15,3,1.501942,206.468
2014,01,15,4,1.776744,220.7066
2014,01,15,5,1.758359,220.3286
2014,01,15,6,1.793306,222.2564
2014,01,15,7,1.783938,222.3269
2014,01,16,0,1.846497,225.0418
2014,01,16,1,2.035218,231.7259
2014,01,16,2,2.289819,239.2915
2014,01,16,3,2.485274,244.5461
2014,01,16,4,2.503254,245.236
2014,01,16,5,2.267853,239.3163
2014,01,16,6,2.002056,230.7288
2014,01,16,7,2.112455,234.7544
2014,01,17,0,2.733471,249.9347
2014,01,17,1,2.866437,252.4696
2014,01,17,2,2.792695,250.2344
2014,01,17,3,3.079676,254.0478
2014,01,17,4,2.913279,251.9389
2014,01,17,5,2.087717,233.2274
2014,01,17,6,2.10249,234.0578
2014,01,17,7,2.241304,238.6537
2014,01,18,0,2.439695,243.3201
2014,01,18,1,2.465945,244.1514
2014,01,18,2,2.529251,245.5944
2014,01,18,3,2.394591,240.7434
2014,01,18,4,1.724706,217.0255
2014,01,18,5,1.72885,217.326
2014,01,18,6,2.065552,231.224
2014,01,18,7,2.424748,241.8302
2014,01,19,0,2.433922,242.9989
2014,01,19,1,2.494762,245.5565
2014,01,19,2,2.629213,248.9942
2014,01,19,3,2.733309,250.5894
2014,01,19,4,2.576212,246.5412
2014,01,19,5,2.592545,247.2433
2014,01,19,6,2.75801,250.1933
2014,01,19,7,2.608422,246.7345
2014,01,20,0,2.350637,241.2324
2014,01,20,1,2.541045,245.1883
2014,01,20,2,2.164592,234.2076
2014,01,20,3,2.312026,237.3718
2014,01,20,4,2.459158,242.3134
2014,01,20,5,2.379902,241.0775
2014,01,20,6,2.567711,246.4059
2014,01,20,7,2.57797,248.1847
2014,01,21,0,2.49737,246.9269
2014,01,21,1,2.46113,245.5247
2014,01,21,2,2.709239,249.6551
2014,01,21,3,3.292605,256.7767
2014,01,21,4,2.526089,244.0899
2014,01,21,5,2.065478,230.7291
2014,01,21,6,2.052911,230.4753
2014,01,21,7,2.025884,229.0372
2014,01,22,0,1.90934,224.5344
2014,01,22,1,1.825381,221.0942
2014,01,22,2,1.760518,218.0788
2014,01,22,3,1.837366,221.5616
2014,01,22,4,1.950853,226.2079
2014,01,22,5,2.224419,235.3445
2014,01,22,6,2.229472,235.7951
2014,01,22,7,2.056297,231.0572
2014,01,23,0,2.077756,231.8357
2014,01,23,1,2.09632,232.2642
2014,01,23,2,2.212783,235.9489
2014,01,23,3,2.672483,247.2293
2014,01,23,4,3.153355,254.2655
2014,01,23,5,2.39561,241.0825
2014,01,23,6,2.378106,241.3628
2014,01,23,7,2.718203,249.1118
2014,01,24,0,2.802828,250.4762
2014,01,24,1,2.520535,245.6649
2014,01,24,2,2.698963,251.6684
2014,01,24,3,3.152958,259.2262
2014,01,24,4,3.376645,262.2238
2014,01,24,5,4.155896,268.3096
2014,01,24,6,4.173287,269.4686
2014,01,24,7,3.906181,267.3911
2014,01,25,0,3.061035,259.0364
2014,01,25,1,3.154905,258.2803
2014,01,25,2,2.721294,250.2426
2014,01,25,3,2.87787,252.2985
2014,01,25,4,2.876461,252.006
2014,01,25,5,2.83771,252.3394
2014,01,25,6,3.076566,256.7128
2014,01,25,7,3.017739,257.599
2014,01,26,0,2.901013,256.4665
2014,01,26,1,3.214562,259.9585
2014,01,26,2,3.011815,255.6175
2014,01,26,3,2.512897,246.4669
2014,01,26,4,2.469042,244.0667
2014,01,26,5,1.784113,221.4406
2014,01,26,6,2.017353,229.6372
2014,01,26,7,1.905796,225.2502
2014,01,27,0,1.862713,223.6661
2014,01,27,1,1.696281,216.4213
2014,01,27,2,2.067253,231.3723
2014,01,27,3,2.175916,235.3134
2014,01,27,4,1.754535,219.2692
2014,01,27,5,1.744971,218.9949
2014,01,27,6,1.710188,218.0697
2014,01,27,7,1.852503,223.5198
2014,01,28,0,1.880262,223.5849
2014,01,28,1,2.174169,234.1335
2014,01,28,2,2.55812,244.2037
2014,01,28,3,2.330123,238.9208
2014,01,28,4,2.207395,235.6492
2014,01,28,5,2.119001,233.2759
2014,01,28,6,2.271089,238.1455
2014,01,28,7,2.45213,243.327
2014,01,29,0,2.659818,249.0698
2014,01,29,1,2.769039,251.8565
2014,01,29,2,2.39848,243.6687
2014,01,29,3,2.44074,243.3075
2014,01,29,4,2.228412,236.3027
2014,01,29,5,2.024989,230.5772
2014,01,29,6,1.925284,226.9311
2014,01,29,7,2.17498,235.1279
2014,01,30,0,1.967148,227.7921
2014,01,30,1,2.263851,237.2883
2014,01,30,2,2.48072,243.0222
2014,01,30,3,2.344555,239.3825
2014,01,30,4,2.259203,237.0619
2014,01,30,5,1.903764,224.3333
2014,01,30,6,2.326601,238.3336
2014,01,30,7,2.503472,243.499
2014,01,31,0,2.565251,244.8909
2014,01,31,1,3.136921,253.7571
2014,01,31,2,2.1822,234.6579
2014,01,31,3,1.896164,224.709
2014,01,31,4,1.594422,211.554
2014,01,31,5,1.759371,219.9163
2014,01,31,6,2.193598,236.3072
2014,01,31,7,2.216359,238.3039
2015,01,1,0,2.982377,256.0065
2015,01,1,1,3.031355,256.999
2015,01,1,2,3.382348,260.927
2015,01,1,3,3.74988,263.5596
2015,01,1,4,3.129893,257.6901
2015,01,1,5,3.203683,259.0099
2015,01,1,6,2.950822,256.4426
2015,01,1,7,3.368461,260.8939
2015,01,2,0,3.519798,261.7022
2015,01,2,1,3.221648,258.7086
2015,01,2,2,2.79356,251.1246
2015,01,2,3,3.172817,254.8501
2015,01,2,4,2.924433,251.0461
2015,01,2,5,2.601529,246.2538
2015,01,2,6,2.784253,251.0225
2015,01,2,7,3.273662,258.3308
2015,01,3,0,3.146372,256.9095
2015,01,3,1,2.90053,253.7977
2015,01,3,2,2.370524,243.7735
2015,01,3,3,2.019757,234.5376
2015,01,3,4,2.08923,237.0833
2015,01,3,5,1.874637,229.7647
2015,01,3,6,1.781682,226.3835
2015,01,3,7,3.616731,264.5439
2015,01,4,0,3.326655,262.6587
2015,01,4,1,2.692335,251.8703
2015,01,4,2,3.321512,259.8011
2015,01,4,3,3.21282,257.3439
2015,01,4,4,2.677364,248.8915
2015,01,4,5,2.358846,242.8137
2015,01,4,6,2.450055,246.057
2015,01,4,7,2.760056,252.9314
2015,01,5,0,2.944975,256.1561
2015,01,5,1,3.039414,256.6031
2015,01,5,2,2.905508,253.7979
2015,01,5,3,2.804384,251.0617
2015,01,5,4,2.547707,245.4968
2015,01,5,5,2.020406,232.4446
2015,01,5,6,2.063381,233.5736
2015,01,5,7,2.065057,233.5384
2015,01,6,0,2.193487,237.2354
2015,01,6,1,2.217549,237.9681
2015,01,6,2,2.453498,244.1401
2015,01,6,3,2.616741,246.8774
2015,01,6,4,2.546377,244.512
2015,01,6,5,2.483575,242.9938
2015,01,6,6,2.734702,248.4213
2015,01,6,7,2.927527,251.5506
2015,01,7,0,2.552667,244.7013
2015,01,7,1,2.133821,234.0525
2015,01,7,2,2.606149,246.1282
2015,01,7,3,2.409096,241.7351
2015,01,7,4,2.396516,240.9207
2015,01,7,5,2.083737,232.6373
2015,01,7,6,2.13398,234.6106
2015,01,7,7,2.403495,242.2864
2015,01,8,0,2.377249,240.9155
2015,01,8,1,2.084031,231.6441
2015,01,8,2,1.559862,208.2009
2015,01,8,3,1.408809,199.6959
2015,01,8,4,1.57567,210.7336
2015,01,8,5,1.538982,209.5967
2015,01,8,6,1.637168,215.3484
2015,01,8,7,1.739727,220.6354
2015,01,9,0,1.80271,223.3916
2015,01,9,1,1.864888,226.0052
2015,01,9,2,2.092209,234.1753
2015,01,9,3,2.265381,238.3929
2015,01,9,4,2.537322,245.4869
2015,01,9,5,2.891016,252.7574
2015,01,9,6,2.773142,251.0597
2015,01,9,7,2.751969,250.0234
2015,01,10,0,2.496867,244.9814
2015,01,10,1,2.467379,244.5604
2015,01,10,2,2.563779,246.7988
2015,01,10,3,2.648899,247.5637
2015,01,10,4,2.261551,237.633
2015,01,10,5,2.068606,231.3514
2015,01,10,6,2.323389,238.4929
2015,01,10,7,2.438863,241.3509
2015,01,11,0,2.157501,232.8682
2015,01,11,1,2.549275,243.4865
2015,01,11,2,2.385605,240.0888
2015,01,11,3,1.929622,225.1682
2015,01,11,4,1.998124,227.318
2015,01,11,5,2.083027,230.4106
2015,01,11,6,2.134324,232.5634
2015,01,11,7,2.47475,241.756
2015,01,12,0,2.394352,239.7237
2015,01,12,1,2.232507,235.5065
2015,01,12,2,2.439294,240.8985
2015,01,12,3,2.56202,243.7529
2015,01,12,4,2.837288,248.7709
2015,01,12,5,2.498541,242.7296
2015,01,12,6,2.575962,244.8474
2015,01,12,7,2.789156,248.9172
2015,01,13,0,2.451179,241.7401
2015,01,13,1,2.40637,240.7199
2015,01,13,2,2.362102,239.6801
2015,01,13,3,2.396652,240.3027
2015,01,13,4,2.268686,236.8546
2015,01,13,5,2.778347,248.2032
2015,01,13,6,2.728395,247.3348
2015,01,13,7,2.491819,243.1445
2015,01,14,0,2.319347,238.7787
2015,01,14,1,2.322541,238.6464
2015,01,14,2,2.877772,250.0253
2015,01,14,3,3.037281,252.826
2015,01,14,4,2.895815,251.6638
2015,01,14,5,2.951137,253.2325
2015,01,14,6,2.8732,252.9859
2015,01,14,7,2.718268,251.4023
2015,01,15,0,2.607947,249.2084
2015,01,15,1,2.929569,255.3547
2015,01,15,2,3.243237,260.8998
2015,01,15,3,3.408295,262.0431
2015,01,15,4,2.851284,253.3341
2015,01,15,5,1.947227,229.304
2015,01,15,6,1.913729,228.1251
2015,01,15,7,1.936008,228.2338
2015,01,16,0,2.239854,236.8946
2015,01,16,1,2.327095,238.993
2015,01,16,2,1.888213,224.5745
2015,01,16,3,2.060094,230.3665
2015,01,16,4,2.16351,233.484
2015,01,16,5,2.269898,237.2508
2015,01,16,6,2.550813,244.8654
2015,01,16,7,2.79181,249.7843
2015,01,17,0,2.84036,250.2963
2015,01,17,1,2.749768,249.0896
2015,01,17,2,2.960363,252.587
2015,01,17,3,2.923973,252.014
2015,01,17,4,3.124847,255.2276
2015,01,17,5,3.116492,255.4394
2015,01,17,6,3.233435,257.1973
2015,01,17,7,3.406606,259.1174
2015,01,18,0,3.199575,256.8701
2015,01,18,1,3.012917,254.7907
2015,01,18,2,3.564629,259.9716
2015,01,18,3,3.438266,258.6112
2015,01,18,4,2.438063,243.9532
2015,01,18,5,2.719856,249.5386
2015,01,18,6,2.679564,248.6666
2015,01,18,7,2.513061,245.4564
2015,01,19,0,1.97774,230.7484
2015,01,19,1,1.847773,225.8427
2015,01,19,2,2.312881,242.0942
2015,01,19,3,3.27953,259.6405
2015,01,19,4,3.400766,261.7231
2015,01,19,5,3.915714,267.1095
2015,01,19,6,4.035675,268.2008
2015,01,19,7,3.248167,262.6815
2015,01,20,0,3.422724,263.0187
2015,01,20,1,3.529716,263.9869
2015,01,20,2,3.618819,263.952
2015,01,20,3,3.508088,262.0792
2015,01,20,4,2.64247,250.3675
2015,01,20,5,2.270161,242.4137
2015,01,20,6,3.446666,263.1471
2015,01,20,7,4.756766,271.854
2015,01,21,0,4.491197,271.7558
2015,01,21,1,3.412522,266.8882
2015,01,21,2,3.000872,262.335
2015,01,21,3,2.744428,257.0553
2015,01,21,4,3.784261,270.8835
2015,01,21,5,3.3097,267.1959
2015,01,21,6,3.270729,267.1093
2015,01,21,7,4.186932,275.3139
2015,01,22,0,3.408818,270.9235
2015,01,22,1,1.958598,240.2995
2015,01,22,2,0.9172084,169.6105
2015,01,22,3,0.7422202,148.5368
2015,01,22,4,1.102633,188.5047
2015,01,22,5,3.376374,269.0486
2015,01,22,6,4.732759,274.3168
2015,01,22,7,4.771669,272.2533
2015,01,23,0,2.817102,257.1919
2015,01,23,1,1.952236,234.4164
2015,01,23,2,0.6978842,138.2998
2015,01,23,3,0.6924882,136.9899
2015,01,23,4,0.7563739,143.3198
2015,01,23,5,1.768206,227.7156
2015,01,23,6,3.147238,263.5237
2015,01,23,7,3.448251,267.1607
2015,01,24,0,3.609297,268.3682
2015,01,24,1,4.028087,270.5047
2015,01,24,2,3.696573,267.4343
2015,01,24,3,2.01211,236.2572
2015,01,24,4,3.264104,262.6071
2015,01,24,5,3.537918,263.1067
2015,01,24,6,2.365688,242.391
2015,01,24,7,1.897646,227.361
2015,01,25,0,1.992114,230.655
2015,01,25,1,2.606184,247.7774
2015,01,25,2,2.756017,250.5993
2015,01,25,3,2.282707,239.8292
2015,01,25,4,2.590524,246.9796
2015,01,25,5,3.203853,256.9416
2015,01,25,6,2.946294,253.5384
2015,01,25,7,2.787594,250.7173
2015,01,26,0,2.674927,249.1215
2015,01,26,1,2.636935,249.2963
2015,01,26,2,2.407375,245.334
2015,01,26,3,1.925631,231.1333
2015,01,26,4,2.420438,247.146
2015,01,26,5,3.380143,262.8007
2015,01,26,6,3.89208,267.0289
2015,01,26,7,4.203807,268.7622
2015,01,27,0,4.378957,269.3505
2015,01,27,1,4.674064,270.1492
2015,01,27,2,4.472384,269.0597
2015,01,27,3,3.448582,262.038
2015,01,27,4,3.220445,259.2094
2015,01,27,5,3.79792,264.2563
2015,01,27,6,3.665847,262.9216
2015,01,27,7,2.540527,246.3913
2015,01,28,0,2.062417,233.2618
2015,01,28,1,2.510074,245.9299
2015,01,28,2,2.425658,244.5046
2015,01,28,3,2.370552,244.1026
2015,01,28,4,2.580911,249.0361
2015,01,28,5,3.52164,261.5997
2015,01,28,6,3.71863,263.7704
2015,01,28,7,3.601654,263.1723
2015,01,29,0,4.15903,266.7608
2015,01,29,1,3.651831,264.4737
2015,01,29,2,2.775709,255.3175
2015,01,29,3,2.341669,246.5737
2015,01,29,4,2.583807,251.9644
2015,01,29,5,3.464891,264.026
2015,01,29,6,3.421274,264.0965
2015,01,29,7,3.185651,262.6055
2015,01,30,0,3.020157,261.2309
2015,01,30,1,3.279972,263.5307
2015,01,30,2,3.378967,265.8228
2015,01,30,3,3.853631,269.7009
2015,01,30,4,3.628651,267.387
2015,01,30,5,3.562242,266.9086
2015,01,30,6,3.074732,262.7147
2015,01,30,7,2.694023,256.2428
2015,01,31,0,2.678226,254.8223
2015,01,31,1,2.531574,251.4069
2015,01,31,2,2.479441,250.7762
2015,01,31,3,3.212895,262.7191
2015,01,31,4,3.316252,263.3451
2015,01,31,5,3.288662,261.9274
2015,01,31,6,2.266642,242.5825
2015,01,31,7,2.200691,239.6396
2016,01,1,0,2.703614,253.9901
2016,01,1,1,2.550035,251.7414
2016,01,1,2,2.661958,255.186
2016,01,1,3,2.620551,255.0897
2016,01,1,4,2.595997,254.4757
2016,01,1,5,2.910897,259.8635
2016,01,1,6,3.764974,269.63
2016,01,1,7,3.802527,270.8381
2016,01,2,0,3.901904,271.6691
2016,01,2,1,3.461993,268.3907
2016,01,2,2,2.880007,262.557
2016,01,2,3,2.692482,259.9117
2016,01,2,4,3.187882,267.5954
2016,01,2,5,4.372016,273.887
2016,01,2,6,3.875372,266.9818
2016,01,2,7,2.112405,238.5935
2016,01,3,0,2.523277,248.2974
2016,01,3,1,2.391765,244.0543
2016,01,3,2,2.658743,249.2156
2016,01,3,3,2.938105,253.191
2016,01,3,4,2.523126,245.0314
2016,01,3,5,1.975415,229.3664
2016,01,3,6,1.738099,221.0555
2016,01,3,7,1.901403,229.0472
2016,01,4,0,2.516785,246.746
2016,01,4,1,2.667495,250.3889
2016,01,4,2,2.85504,253.8818
2016,01,4,3,3.005314,256.8142
2016,01,4,4,3.337934,261.073
2016,01,4,5,3.189326,258.9793
2016,01,4,6,3.123946,258.3143
2016,01,4,7,3.073539,257.4562
2016,01,5,0,2.444834,245.1839
2016,01,5,1,3.11445,257.8014
2016,01,5,2,2.867307,254.4334
2016,01,5,3,3.387609,261.3124
2016,01,5,4,3.504012,262.2591
2016,01,5,5,3.473491,261.4253
2016,01,5,6,3.057192,255.8599
2016,01,5,7,2.102959,234.2029
2016,01,6,0,2.341107,240.718
2016,01,6,1,2.633947,246.7679
2016,01,6,2,1.762829,219.3521
2016,01,6,3,2.285666,237.5273
2016,01,6,4,3.315287,256.6721
2016,01,6,5,3.331406,257.8964
2016,01,6,6,3.688444,261.4866
2016,01,6,7,3.237114,257.8124
2016,01,7,0,2.077391,234.6105
2016,01,7,1,2.982594,255.4065
2016,01,7,2,3.682325,262.8009
2016,01,7,3,2.711314,251.1819
2016,01,7,4,2.369855,243.0184
2016,01,7,5,1.938077,228.3116
2016,01,7,6,1.79702,221.669
2016,01,7,7,1.80073,221.039
2016,01,8,0,1.916517,225.1217
2016,01,8,1,1.649473,213.7498
2016,01,8,2,1.809084,221.4802
2016,01,8,3,1.693414,216.5269
2016,01,8,4,2.22392,236.7774
2016,01,8,5,2.26453,238.6154
2016,01,8,6,1.838156,224.5487
2016,01,8,7,1.533183,210.1484
2016,01,9,0,1.486518,206.5836
2016,01,9,1,1.734813,220.2337
2016,01,9,2,2.703349,253.365
2016,01,9,3,3.828519,267.955
2016,01,9,4,3.642854,267.5831
2016,01,9,5,3.875265,268.057
2016,01,9,6,3.713466,266.3451
2016,01,9,7,2.766037,253.5342
2016,01,10,0,2.74674,251.0172
2016,01,10,1,2.954955,253.8297
2016,01,10,2,2.758882,250.3151
2016,01,10,3,2.275756,238.9378
2016,01,10,4,2.47444,243.7137
2016,01,10,5,2.384444,242.1325
2016,01,10,6,2.70629,249.259
2016,01,10,7,2.599079,247.4462
2016,01,11,0,2.609431,247.4722
2016,01,11,1,2.507831,245.0251
2016,01,11,2,2.261554,238.106
2016,01,11,3,1.95515,227.3891
2016,01,11,4,2.225732,235.6343
2016,01,11,5,1.706916,215.4172
2016,01,11,6,1.926961,224.1134
2016,01,11,7,1.828413,220.3291
2016,01,12,0,1.993957,226.5375
2016,01,12,1,1.682457,213.34
2016,01,12,2,1.818779,219.9277
2016,01,12,3,1.867459,221.497
2016,01,12,4,1.894882,222.4738
2016,01,12,5,1.588514,209.2228
2016,01,12,6,1.508167,205.2649
2016,01,12,7,1.665595,213.9519
2016,01,13,0,1.933571,225.9226
2016,01,13,1,1.956296,227.2489
2016,01,13,2,2.121655,233.4619
2016,01,13,3,2.199267,236.1505
2016,01,13,4,2.501594,244.2818
2016,01,13,5,2.502036,244.3358
2016,01,13,6,2.491533,244.2336
2016,01,13,7,2.459712,243.4749
2016,01,14,0,2.765751,248.6245
2016,01,14,1,2.721469,247.8966
2016,01,14,2,2.652995,246.8748
2016,01,14,3,2.837071,250.0592
2016,01,14,4,2.399064,241.5316
2016,01,14,5,1.639729,214.6974
2016,01,14,6,1.361132,201.6344
2016,01,14,7,1.278337,192.9983
2016,01,15,0,0.9791905,168.0912
2016,01,15,1,1.081275,179.9338
2016,01,15,2,1.722797,224.5049
2016,01,15,3,2.165194,242.2416
2016,01,15,4,1.649386,221.792
2016,01,15,5,1.386253,206.186
2016,01,15,6,1.421764,208.6225
2016,01,15,7,1.578841,217.997
2016,01,16,0,1.632903,220.367
2016,01,16,1,2.043294,237.206
2016,01,16,2,2.08948,238.7569
2016,01,16,3,1.599596,217.0739
2016,01,16,4,1.091908,179.9206
2016,01,16,5,2.016215,234.0094
2016,01,16,6,3.482834,261.5988
2016,01,16,7,3.647146,262.7533
2016,01,17,0,2.652685,250.2074
2016,01,17,1,1.954533,230.3586
2016,01,17,2,2.287538,241.0804
2016,01,17,3,2.322696,242.6465
2016,01,17,4,2.548962,248.2806
2016,01,17,5,2.950348,256.0228
2016,01,17,6,3.58836,263.3535
2016,01,17,7,3.459582,262.1626
2016,01,18,0,3.217562,259.7497
2016,01,18,1,3.49715,262.7942
2016,01,18,2,3.364001,261.1432
2016,01,18,3,3.442754,261.7371
2016,01,18,4,3.070229,257.4466
2016,01,18,5,3.617183,263.06
2016,01,18,6,3.906067,264.7919
2016,01,18,7,3.639623,263.1689
2016,01,19,0,3.23116,259.6674
2016,01,19,1,3.127368,258.3639
2016,01,19,2,3.208205,259.5275
2016,01,19,3,2.99967,256.5387
2016,01,19,4,3.163539,259.052
2016,01,19,5,4.232467,266.9395
2016,01,19,6,3.94898,265.1393
2016,01,19,7,3.481708,262.7649
2016,01,20,0,2.835903,256.0726
2016,01,20,1,2.817954,256.2537
2016,01,20,2,3.019235,260.3471
2016,01,20,3,3.170193,262.4744
2016,01,20,4,3.658893,267.2993
2016,01,20,5,3.787036,268.834
2016,01,20,6,3.655897,267.8998
2016,01,20,7,3.909396,269.9874
2016,01,21,0,3.938088,269.3992
2016,01,21,1,4.391658,271.3675
2016,01,21,2,4.385726,271.631
2016,01,21,3,4.277543,270.6984
2016,01,21,4,4.362199,270.4368
2016,01,21,5,4.897047,271.8931
2016,01,21,6,5.020103,271.3935
2016,01,21,7,4.21875,268.6357
2016,01,22,0,2.858589,255.5564
2016,01,22,1,2.257769,241.8815
2016,01,22,2,1.378106,201.207
2016,01,22,3,2.028581,231.7074
2016,01,22,4,3.197395,255.5603
2016,01,22,5,2.446597,241.2897
2016,01,22,6,2.411101,240.9958
2016,01,22,7,2.869326,250.7151
2016,01,23,0,2.21998,238.5359
2016,01,23,1,1.752321,222.2613
2016,01,23,2,0.8440971,153.497
2016,01,23,3,1.140215,180.375
2016,01,23,4,2.674,251.2666
2016,01,23,5,3.391453,263.2366
2016,01,23,6,4.437978,272.5677
2016,01,23,7,3.398692,265.9909
2016,01,24,0,2.819373,257.0136
2016,01,24,1,2.872409,255.4475
2016,01,24,2,2.800492,252.1602
2016,01,24,3,2.563122,247.9754
2016,01,24,4,2.638398,249.6067
2016,01,24,5,2.779586,252.4558
2016,01,24,6,2.401995,244.7327
2016,01,24,7,2.037153,232.533
2016,01,25,0,2.141715,235.592
2016,01,25,1,2.33151,240.825
2016,01,25,2,2.488049,244.4104
2016,01,25,3,2.216481,236.9304
2016,01,25,4,2.419998,241.9547
2016,01,25,5,2.200126,236.5131
2016,01,25,6,2.398443,242.3219
2016,01,25,7,2.76291,250.5784
2016,01,26,0,3.0766,255.9948
2016,01,26,1,3.756039,262.3761
2016,01,26,2,3.350346,260.142
2016,01,26,3,3.540298,262.5404
2016,01,26,4,3.874094,265.04
2016,01,26,5,3.117577,258.477
2016,01,26,6,3.316946,261.2257
2016,01,26,7,3.865789,265.1853
2016,01,27,0,3.439002,262.5929
2016,01,27,1,3.496564,263.4356
2016,01,27,2,3.662131,265.6838
2016,01,27,3,3.504237,265.0702
2016,01,27,4,3.205272,262.5371
2016,01,27,5,3.162423,262.2065
2016,01,27,6,4.024013,269.9227
2016,01,27,7,4.388022,270.6648
2016,01,28,0,3.155251,261.2276
2016,01,28,1,3.220717,260.8413
2016,01,28,2,2.740715,253.8044
2016,01,28,3,2.170117,241.3047
2016,01,28,4,2.5617,251.7555
2016,01,28,5,2.992032,259.1496
2016,01,28,6,3.744294,268.2518
2016,01,28,7,4.052425,271.2607
2016,01,29,0,3.694954,269.2604
2016,01,29,1,3.614472,267.7131
2016,01,29,2,3.40967,264.4988
2016,01,29,3,3.919653,266.8641
2016,01,29,4,1.91914,230.2955
2016,01,29,5,2.26041,241.3804
2016,01,29,6,2.469172,246.4892
2016,01,29,7,2.384418,243.7597
2016,01,30,0,2.557335,247.559
2016,01,30,1,2.73929,251.0501
2016,01,30,2,3.651464,262.2184
2016,01,30,3,2.2102,238.4985
2016,01,30,4,2.466022,246.4971
2016,01,30,5,3.446117,262.4195
2016,01,30,6,3.874846,267.3359
2016,01,30,7,4.052247,270.5993
2016,01,31,0,4.509432,272.5826
2016,01,31,1,3.842229,268.5963
2016,01,31,2,3.154917,263.3721
2016,01,31,3,3.122418,263.4521
2016,01,31,4,2.948428,260.5739
2016,01,31,5,2.73633,255.8807
2016,01,31,6,2.15037,241.3564
2016,01,31,7,1.965751,234.4889
2017,01,1,0,4.104811,266.4794
2017,01,1,1,3.592068,262.62
2017,01,1,2,3.305782,260.5585
2017,01,1,3,3.79211,264.9152
2017,01,1,4,3.977607,265.9604
2017,01,1,5,4.186157,267.5242
2017,01,1,6,3.698149,264.9702
2017,01,1,7,3.415981,262.5748
2017,01,2,0,3.409908,261.8323
2017,01,2,1,3.514788,262.8575
2017,01,2,2,3.474133,261.9921
2017,01,2,3,3.670499,263.4316
2017,01,2,4,3.429291,261.2052
2017,01,2,5,4.038868,265.4217
2017,01,2,6,3.828183,263.9562
2017,01,2,7,3.364132,260.2349
2017,01,3,0,3.3058,259.6247
2017,01,3,1,3.712206,263.2058
2017,01,3,2,4.000883,265.0181
2017,01,3,3,3.386313,260.0666
2017,01,3,4,3.401065,260.0655
2017,01,3,5,3.073442,256.4042
2017,01,3,6,3.180285,256.3311
2017,01,3,7,2.898684,252.1323
2017,01,4,0,3.031142,253.9513
2017,01,4,1,3.224345,255.9786
2017,01,4,2,2.814895,249.3966
2017,01,4,3,2.78293,248.0748
2017,01,4,4,2.644697,244.9631
2017,01,4,5,2.484753,241.7494
2017,01,4,6,2.276792,236.6055
2017,01,4,7,2.136,233.0193
2017,01,5,0,2.029318,229.0244
2017,01,5,1,1.852784,221.7314
2017,01,5,2,2.281074,237.3265
2017,01,5,3,2.471559,242.6334
2017,01,5,4,2.728597,247.7184
2017,01,5,5,2.478356,242.6797
2017,01,5,6,2.520981,244.9702
2017,01,5,7,2.939968,254.6026
2017,01,6,0,3.633853,263.116
2017,01,6,1,3.747888,263.9152
2017,01,6,2,3.070201,255.2457
2017,01,6,3,2.509735,244.5493
2017,01,6,4,1.919928,227.2393
2017,01,6,5,1.732607,220.1585
2017,01,6,6,1.71951,219.5826
2017,01,6,7,1.699512,218.4194
2017,01,7,0,1.76102,220.8202
2017,01,7,1,1.834681,223.2388
2017,01,7,2,1.911892,225.7061
2017,01,7,3,1.895033,225.5431
2017,01,7,4,2.508805,244.8955
2017,01,7,5,2.503972,246.1096
2017,01,7,6,2.423339,244.7841
2017,01,7,7,2.583298,248.6261
2017,01,8,0,2.4303,245.23
2017,01,8,1,2.368029,243.5331
2017,01,8,2,2.832851,252.8021
2017,01,8,3,3.229136,258.4275
2017,01,8,4,3.27968,258.9629
2017,01,8,5,3.155078,257.4439
2017,01,8,6,3.160714,257.6861
2017,01,8,7,3.699621,263.4878
2017,01,9,0,3.014372,255.4584
2017,01,9,1,2.355012,241.922
2017,01,9,2,2.809742,250.6374
2017,01,9,3,2.770049,249.5618
2017,01,9,4,2.874812,251.0813
2017,01,9,5,2.234209,238.0887
2017,01,9,6,2.534604,245.4329
2017,01,9,7,2.70468,248.3397
2017,01,10,0,2.199459,236.7507
2017,01,10,1,1.693923,217.5772
2017,01,10,2,2.197091,235.4021
2017,01,10,3,2.138278,233.0653
2017,01,10,4,2.316831,238.3756
2017,01,10,5,2.141355,232.6396
2017,01,10,6,1.904242,223.6705
2017,01,10,7,2.042018,229.8451
2017,01,11,0,2.336923,239.7425
2017,01,11,1,2.269424,238.5614
2017,01,11,2,1.966542,228.474
2017,01,11,3,2.089056,232.5883
2017,01,11,4,2.340456,240.1003
2017,01,11,5,2.248681,238.5193
2017,01,11,6,2.275367,240.676
2017,01,11,7,2.888586,253.2508
2017,01,12,0,3.101917,256.8623
2017,01,12,1,3.399499,260.7723
2017,01,12,2,3.192373,257.9244
2017,01,12,3,2.688878,250.1563
2017,01,12,4,2.460053,245.1129
2017,01,12,5,2.329479,242.1302
2017,01,12,6,2.481065,245.3398
2017,01,12,7,2.490861,244.1742
2017,01,13,0,2.49886,243.7042
2017,01,13,1,2.576884,245.4663
2017,01,13,2,2.766273,248.8222
2017,01,13,3,2.539752,244.54
2017,01,13,4,2.696468,249.0743
2017,01,13,5,2.754538,250.6986
2017,01,13,6,2.718086,250.4461
2017,01,13,7,2.312246,241.8574
2017,01,14,0,2.272899,240.8248
2017,01,14,1,2.276732,241.305
2017,01,14,2,2.468585,246.0027
2017,01,14,3,2.82446,252.6422
2017,01,14,4,3.357565,259.9734
2017,01,14,5,3.478636,262.0247
2017,01,14,6,3.663969,263.8496
2017,01,14,7,3.64312,264.7334
2017,01,15,0,3.724245,265.8293
2017,01,15,1,3.756519,265.5242
2017,01,15,2,4.018554,267.7326
2017,01,15,3,3.579085,263.9323
2017,01,15,4,3.401867,262.5857
2017,01,15,5,3.40836,263.2636
2017,01,15,6,3.104096,259.3936
2017,01,15,7,3.079604,258.6593
2017,01,16,0,3.075254,258.8039
2017,01,16,1,2.853838,256.0255
2017,01,16,2,2.837458,253.9252
2017,01,16,3,2.506464,245.7385
2017,01,16,4,2.395477,243.0581
2017,01,16,5,2.410577,244.5279
2017,01,16,6,3.087357,255.4017
2017,01,16,7,2.378028,242.9336
2017,01,17,0,2.115828,234.4815
2017,01,17,1,2.071832,232.2415
2017,01,17,2,2.381115,240.8784
2017,01,17,3,2.509705,243.8781
2017,01,17,4,2.550975,244.7279
2017,01,17,5,2.705917,247.2466
2017,01,17,6,2.720505,246.722
2017,01,17,7,2.359584,238.9328
2017,01,18,0,2.176138,233.7864
2017,01,18,1,2.204516,234.9609
2017,01,18,2,2.407747,241.2123
2017,01,18,3,2.446834,242.7268
2017,01,18,4,2.221911,237.356
2017,01,18,5,2.347638,240.4201
2017,01,18,6,2.888343,252.1434
2017,01,18,7,3.738838,263.2099
2017,01,19,0,3.07694,258.0453
2017,01,19,1,3.094524,258.7393
2017,01,19,2,3.139243,259.455
2017,01,19,3,3.306973,261.4995
2017,01,19,4,3.664848,266.0685
2017,01,19,5,3.998904,268.9134
2017,01,19,6,4.216197,270.2279
2017,01,19,7,4.076432,269.25
2017,01,20,0,3.909382,269.8894
2017,01,20,1,3.707195,269.6564
2017,01,20,2,3.681127,269.3615
2017,01,20,3,3.636231,269.2277
2017,01,20,4,3.181222,263.6102
2017,01,20,5,2.291665,246.1625
2017,01,20,6,2.328047,245.4518
2017,01,20,7,2.122181,239.1607
2017,01,21,0,2.215978,241.3449
2017,01,21,1,2.35535,244.5529
2017,01,21,2,2.428007,245.5411
2017,01,21,3,2.718844,250.8708
2017,01,21,4,2.493862,244.934
2017,01,21,5,1.967274,230.1485
2017,01,21,6,1.985723,232.1479
2017,01,21,7,2.89233,254.0988
2017,01,22,0,3.511412,261.8725
2017,01,22,1,2.501468,246.1919
2017,01,22,2,2.043982,233.2794
2017,01,22,3,2.338436,242.3721
2017,01,22,4,2.472351,245.3452
2017,01,22,5,2.131111,236.4921
2017,01,22,6,2.470608,246.536
2017,01,22,7,3.028011,257.1222
2017,01,23,0,3.291163,261.5645
2017,01,23,1,3.555841,264.2822
2017,01,23,2,3.896104,267.9726
2017,01,23,3,3.889881,266.6164
2017,01,23,4,3.782075,263.4535
2017,01,23,5,2.741822,250.3405
2017,01,23,6,2.525674,245.621
2017,01,23,7,2.708719,248.8272
2017,01,24,0,2.681536,248.1391
2017,01,24,1,2.594793,246.2589
2017,01,24,2,3.050429,254.335
2017,01,24,3,3.035932,254.68
2017,01,24,4,3.266399,258.8289
2017,01,24,5,4.035779,266.1865
2017,01,24,6,4.865544,270.243
2017,01,24,7,5.171702,271.5331
2017,01,25,0,4.613889,270.4057
2017,01,25,1,4.448978,269.5472
2017,01,25,2,3.284467,262.875
2017,01,25,3,1.984122,235.2401
2017,01,25,4,2.733106,255.9555
2017,01,25,5,3.100156,261.7225
2017,01,25,6,4.420326,271.9839
2017,01,25,7,4.312027,273.6247
2017,01,26,0,3.936215,270.0403
2017,01,26,1,3.079121,261.4123
2017,01,26,2,2.064933,238.9963
2017,01,26,3,2.325312,247.0911
2017,01,26,4,2.039829,238.1262
2017,01,26,5,3.814147,268.5222
2017,01,26,6,4.630812,272.2378
2017,01,26,7,2.688855,253.7835
2017,01,27,0,2.231024,241.8594
2017,01,27,1,2.5773,249.3941
2017,01,27,2,2.755598,253.0816
2017,01,27,3,2.729002,251.9674
2017,01,27,4,2.882568,253.7114
2017,01,27,5,2.633515,248.3229
2017,01,27,6,2.403405,243.1526
2017,01,27,7,2.167335,237.9695
2017,01,28,0,2.786799,252.3448
2017,01,28,1,3.017313,255.9795
2017,01,28,2,3.278552,259.5726
2017,01,28,3,3.344799,261.1522
2017,01,28,4,4.078673,266.8436
2017,01,28,5,3.912923,265.7389
2017,01,28,6,3.510855,263.3142
2017,01,28,7,3.382565,261.8399
2017,01,29,0,3.074762,258.6256
2017,01,29,1,3.253392,261.1412
2017,01,29,2,3.626722,265.1067
2017,01,29,3,3.192192,260.1951
2017,01,29,4,2.932086,255.8703
2017,01,29,5,3.213932,260.1001
2017,01,29,6,3.254107,261.1777
2017,01,29,7,3.295757,261.2806
2017,01,30,0,2.943792,256.5043
2017,01,30,1,3.342196,259.739
2017,01,30,2,2.883197,252.9046
2017,01,30,3,2.231768,238.0798
2017,01,30,4,2.527062,245.2827
2017,01,30,5,2.603903,246.8139
2017,01,30,6,2.544237,245.1986
2017,01,30,7,2.504583,244.7982
2017,01,31,0,2.083305,232.1664
2017,01,31,1,1.887051,225.3846
2017,01,31,2,1.626026,213.4531
2017,01,31,3,1.847046,223.989
2017,01,31,4,2.2984,238.6962
2017,01,31,5,2.663042,247.5786
2017,01,31,6,2.837388,253.0534
2017,01,31,7,3.206105,259.3591
2018,01,1,0,3.003255,252.5471
2018,01,1,1,2.818718,249.5921
2018,01,1,2,2.654621,246.4856
2018,01,1,3,2.701396,247.3295
2018,01,1,4,2.970398,251.5998
2018,01,1,5,2.442789,241.5726
2018,01,1,6,2.371876,240.4608
2018,01,1,7,2.541838,244.9368
2018,01,2,0,2.255395,237.6678
2018,01,2,1,2.377458,240.6555
2018,01,2,2,2.693473,247.4582
2018,01,2,3,2.961518,251.7642
2018,01,2,4,3.083411,252.9513
2018,01,2,5,3.039195,252.2656
2018,01,2,6,2.773331,248.5921
2018,01,2,7,2.245352,236.6466
2018,01,3,0,2.061721,230.9508
2018,01,3,1,1.882851,224.6648
2018,01,3,2,1.863838,224.3764
2018,01,3,3,2.188047,236.0374
2018,01,3,4,3.17829,255.4777
2018,01,3,5,3.480122,258.7985
2018,01,3,6,3.264598,256.9136
2018,01,3,7,3.019838,254.0705
2018,01,4,0,2.986917,254.7423
2018,01,4,1,3.349291,259.5764
2018,01,4,2,3.487702,260.9875
2018,01,4,3,2.673028,249.82
2018,01,4,4,2.761305,251.3307
2018,01,4,5,3.353529,259.8059
2018,01,4,6,3.293309,259.3417
2018,01,4,7,3.572595,262.3624
2018,01,5,0,3.51206,261.9904
2018,01,5,1,3.65825,262.9922
2018,01,5,2,3.271198,259.1046
2018,01,5,3,3.328141,259.3797
2018,01,5,4,3.202019,256.348
2018,01,5,5,2.229367,237.8849
2018,01,5,6,1.919037,227.9896
2018,01,5,7,1.848973,225.2855
2018,01,6,0,2.220293,237.8058
2018,01,6,1,2.137776,235.0584
2018,01,6,2,2.565291,245.6635
2018,01,6,3,2.701329,249.2016
2018,01,6,4,2.66603,249.3572
2018,01,6,5,3.092576,256.9027
2018,01,6,6,3.206499,259.8118
2018,01,6,7,3.444971,262.8725
2018,01,7,0,3.09613,259.3456
2018,01,7,1,3.036616,258.5783
2018,01,7,2,3.067993,258.7458
2018,01,7,3,3.586657,263.9186
2018,01,7,4,3.546997,263.9085
2018,01,7,5,3.882011,266.5865
2018,01,7,6,3.639991,266.0234
2018,01,7,7,3.32404,264.2295
2018,01,8,0,2.912637,259.2811
2018,01,8,1,3.238352,262.5699
2018,01,8,2,4.427103,271.796
2018,01,8,3,5.118587,276.1208
2018,01,8,4,5.052002,277.157
2018,01,8,5,5.822122,278.2273
2018,01,8,6,6.315957,279.5637
2018,01,8,7,5.4378,276.9313
2018,01,9,0,3.549573,268.3787
2018,01,9,1,3.568449,266.8047
2018,01,9,2,3.641819,267.1624
2018,01,9,3,2.450395,249.1316
2018,01,9,4,2.807257,256.2071
2018,01,9,5,2.86625,257.7895
2018,01,9,6,3.071528,260.8064
2018,01,9,7,3.68006,266.6277
2018,01,10,0,3.683685,267.3957
2018,01,10,1,3.569106,266.5221
2018,01,10,2,3.262992,263.0625
2018,01,10,3,3.257861,262.7868
2018,01,10,4,3.476507,264.7603
2018,01,10,5,4.37983,271.2078
2018,01,10,6,5.016368,274.5147
2018,01,10,7,4.544839,274.6024
2018,01,11,0,4.926863,276.1114
2018,01,11,1,5.009261,275.1028
2018,01,11,2,4.129074,272.4599
2018,01,11,3,4.406664,272.8339
2018,01,11,4,4.489567,274.0219
2018,01,11,5,5.788054,278.7027
2018,01,11,6,4.959084,277.6812
2018,01,11,7,5.199523,277.2346
2018,01,12,0,5.0981,278.1673
2018,01,12,1,4.082752,268.9828
2018,01,12,2,3.328888,260.9189
2018,01,12,3,2.749078,251.2926
2018,01,12,4,2.572955,246.7337
2018,01,12,5,2.436737,243.2525
2018,01,12,6,2.279528,239.7193
2018,01,12,7,2.315334,240.7022
2018,01,13,0,2.262803,238.9532
2018,01,13,1,2.364553,241.5638
2018,01,13,2,2.58137,246.3104
2018,01,13,3,2.555591,244.908
2018,01,13,4,2.710331,248.5763
2018,01,13,5,3.0011,253.9612
2018,01,13,6,2.570443,247.0244
2018,01,13,7,2.767703,250.529
2018,01,14,0,2.685991,248.9598
2018,01,14,1,3.143408,256.2812
2018,01,14,2,3.009211,254.8277
2018,01,14,3,3.345569,260.588
2018,01,14,4,3.738452,264.2888
2018,01,14,5,3.430177,261.0969
2018,01,14,6,3.240428,258.875
2018,01,14,7,2.782174,252.2076
2018,01,15,0,2.735593,250.4884
2018,01,15,1,2.446329,244.3257
2018,01,15,2,1.976973,230.1427
2018,01,15,3,2.235032,237.457
2018,01,15,4,2.867513,252.2484
2018,01,15,5,2.869339,253.1388
2018,01,15,6,2.474241,246.2223
2018,01,15,7,2.750639,251.7425
2018,01,16,0,2.711544,251.0068
2018,01,16,1,2.902555,255.0614
2018,01,16,2,2.762977,252.9338
2018,01,16,3,2.735449,251.4404
2018,01,16,4,3.183757,258.4966
2018,01,16,5,3.172365,258.4589
2018,01,16,6,2.927658,253.5799
2018,01,16,7,2.385156,242.3143
2018,01,17,0,1.976876,229.4023
2018,01,17,1,2.061297,232.4925
2018,01,17,2,1.797673,222.1998
2018,01,17,3,1.902,225.9412
2018,01,17,4,2.386775,240.492
2018,01,17,5,2.392888,240.289
2018,01,17,6,2.799229,249.4719
2018,01,17,7,2.495858,244.2741
2018,01,18,0,2.388101,243.0956
2018,01,18,1,3.022971,256.151
2018,01,18,2,3.10512,257.6998
2018,01,18,3,3.748699,265.1689
2018,01,18,4,4.042437,268.2848
2018,01,18,5,4.248463,269.2768
2018,01,18,6,3.414871,262.9673
2018,01,18,7,3.557865,264.8426
2018,01,19,0,3.50941,264.3307
2018,01,19,1,2.950321,257.7547
2018,01,19,2,3.651977,264.1084
2018,01,19,3,3.831733,265.0019
2018,01,19,4,3.645319,266.8995
2018,01,19,5,3.731082,271.0408
2018,01,19,6,3.806083,271.4718
2018,01,19,7,3.395978,266.2639
2018,01,20,0,3.283824,262.7941
2018,01,20,1,3.638423,263.1605
2018,01,20,2,3.190606,256.5887
2018,01,20,3,2.665688,248.8045
2018,01,20,4,2.13598,236.1248
2018,01,20,5,2.518395,246.5214
2018,01,20,6,2.877313,253.1382
2018,01,20,7,2.979334,255.6677
2018,01,21,0,3.000085,255.9756
2018,01,21,1,2.865619,254.9725
2018,01,21,2,2.556171,249.5876
2018,01,21,3,2.603835,248.8776
2018,01,21,4,2.460799,244.8339
2018,01,21,5,1.9782,230.8563
2018,01,21,6,1.986305,230.8324
2018,01,21,7,2.564735,247.585
2018,01,22,0,2.665789,249.2705
2018,01,22,1,2.429187,243.4399
2018,01,22,2,2.455861,243.3246
2018,01,22,3,2.145932,234.3013
2018,01,22,4,2.328872,239.799
2018,01,22,5,1.976776,228.8885
2018,01,22,6,2.157293,235.2482
2018,01,22,7,2.22621,237.5397
2018,01,23,0,2.358497,241.0342
2018,01,23,1,2.520472,244.1787
2018,01,23,2,2.677258,247.376
2018,01,23,3,2.473369,242.9399
2018,01,23,4,2.87622,249.9315
2018,01,23,5,2.264207,236.0571
2018,01,23,6,2.576595,244.71
2018,01,23,7,2.504071,244.8617
2018,01,24,0,2.99567,254.3239
2018,01,24,1,3.328644,259.9933
2018,01,24,2,3.614268,262.7959
2018,01,24,3,2.884606,255.638
2018,01,24,4,3.351619,261.0543
2018,01,24,5,3.691432,264.6922
2018,01,24,6,3.693933,264.4405
2018,01,24,7,3.387107,261.8804
2018,01,25,0,2.847914,254.3242
2018,01,25,1,2.733407,251.8453
2018,01,25,2,3.584447,262.3234
2018,01,25,3,3.165847,258.0296
2018,01,25,4,2.690621,250.6507
2018,01,25,5,3.249153,258.9626
2018,01,25,6,4.308777,268.467
2018,01,25,7,4.073549,269.3211
2018,01,26,0,4.463938,271.8928
2018,01,26,1,4.081008,269.51
2018,01,26,2,4.152512,270.8499
2018,01,26,3,4.028281,270.4934
2018,01,26,4,4.266379,270.9032
2018,01,26,5,4.867338,272.8277
2018,01,26,6,3.966895,269.0136
2018,01,26,7,3.452249,265.3474
2018,01,27,0,3.50309,265.1375
2018,01,27,1,3.941898,266.8402
2018,01,27,2,3.285285,260.532
2018,01,27,3,3.127553,258.4036
2018,01,27,4,3.084976,259.5091
2018,01,27,5,3.090521,259.4998
2018,01,27,6,2.752133,253.8942
2018,01,27,7,2.672811,251.7309
2018,01,28,0,2.962586,254.4106
2018,01,28,1,2.616402,248.9029
2018,01,28,2,3.360777,260.966
2018,01,28,3,3.166991,258.597
2018,01,28,4,2.799433,252.1735
2018,01,28,5,2.979816,254.9342
2018,01,28,6,2.682927,250.4067
2018,01,28,7,2.702626,251.6472
2018,01,29,0,2.566168,248.9991
2018,01,29,1,3.34026,259.7155
2018,01,29,2,3.505817,262.793
2018,01,29,3,3.327993,262.4274
2018,01,29,4,2.76501,255.7622
2018,01,29,5,2.411987,247.2862
2018,01,29,6,2.833443,255.06
2018,01,29,7,2.502711,248.0567
2018,01,30,0,2.471135,246.754
2018,01,30,1,2.418255,244.5525
2018,01,30,2,2.378257,242.8389
2018,01,30,3,2.786433,250.7236
2018,01,30,4,2.825908,250.564
2018,01,30,5,2.187796,235.0925
2018,01,30,6,1.954063,227.1261
2018,01,30,7,1.712412,216.9213
2018,01,31,0,1.712921,216.8883
2018,01,31,1,1.656629,215.1389
2018,01,31,2,2.230599,237.9459
2018,01,31,3,2.450115,244.3566
2018,01,31,4,3.720227,262.1294
2018,01,31,5,2.721705,251.1363
2018,01,31,6,3.018492,255.7561
2018,01,31,7,3.387992,260.7297
2019,01,1,0,3.419266,259.129
2019,01,1,1,2.663131,247.2782
2019,01,1,2,2.268237,237.9128
2019,01,1,3,2.103691,232.8518
2019,01,1,4,2.146811,232.3245
2019,01,1,5,2.315058,236.8208
2019,01,1,6,1.818192,220.3397
2019,01,1,7,1.672701,214.1607
2019,01,2,0,1.921182,224.6202
2019,01,2,1,2.217622,234.7913
2019,01,2,2,2.460611,241.145
2019,01,2,3,2.645055,245.1608
2019,01,2,4,2.47342,241.6536
2019,01,2,5,2.357015,238.9287
2019,01,2,6,2.017982,230.3464
2019,01,2,7,2.33606,240.7464
2019,01,3,0,2.399495,242.1408
2019,01,3,1,2.722183,249.3019
2019,01,3,2,2.806859,251.4484
2019,01,3,3,2.870415,252.3639
2019,01,3,4,3.636213,261.9218
2019,01,3,5,3.627744,261.9484
2019,01,3,6,3.406609,260.507
2019,01,3,7,3.104931,258.1339
2019,01,4,0,2.988717,257.2117
2019,01,4,1,3.996113,266.9345
2019,01,4,2,3.896666,266.9382
2019,01,4,3,4.031123,267.2948
2019,01,4,4,3.025159,256.9746
2019,01,4,5,2.012172,232.3052
2019,01,4,6,1.974121,229.1942
2019,01,4,7,1.89379,225.4318
2019,01,5,0,1.712837,216.9327
2019,01,5,1,1.576606,209.7107
2019,01,5,2,1.876447,223.8695
2019,01,5,3,2.255474,237.1271
2019,01,5,4,2.132251,234.0661
2019,01,5,5,2.571725,246.0226
2019,01,5,6,2.741138,249.6814
2019,01,5,7,2.857098,251.763
2019,01,6,0,2.931933,253.8057
2019,01,6,1,2.692069,249.3095
2019,01,6,2,2.727706,249.6015
2019,01,6,3,2.317531,239.8905
2019,01,6,4,2.120046,233.3489
2019,01,6,5,2.348086,239.3745
2019,01,6,6,2.380073,239.5138
2019,01,6,7,1.792532,219.7284
2019,01,7,0,1.849864,221.8103
2019,01,7,1,1.785353,219.0082
2019,01,7,2,1.881662,223.3365
2019,01,7,3,2.082584,231.2196
2019,01,7,4,2.480617,243.0219
2019,01,7,5,2.572002,245.0625
2019,01,7,6,2.563753,245.6785
2019,01,7,7,2.609654,246.9592
2019,01,8,0,2.969329,253.8332
2019,01,8,1,2.477243,244.6997
2019,01,8,2,2.603973,247.5115
2019,01,8,3,2.662999,248.5439
2019,01,8,4,2.535239,246.1054
2019,01,8,5,2.580604,246.6342
2019,01,8,6,2.060407,233.0132
2019,01,8,7,1.873204,226.6233
2019,01,9,0,1.409746,202.7901
2019,01,9,1,1.069613,176.6176
2019,01,9,2,1.700879,218.5941
2019,01,9,3,2.618522,247.5204
2019,01,9,4,3.422262,258.2539
2019,01,9,5,2.893708,251.7224
2019,01,9,6,2.762848,250.4043
2019,01,9,7,2.492211,246.1043
2019,01,10,0,2.493526,246.712
2019,01,10,1,2.988272,255.0032
2019,01,10,2,3.343999,260.0752
2019,01,10,3,3.680518,264.6626
2019,01,10,4,3.519291,264.2557
2019,01,10,5,3.554607,264.8893
2019,01,10,6,3.971361,269.0345
2019,01,10,7,4.162834,271.0196
2019,01,11,0,4.229963,271.1003
2019,01,11,1,4.267371,270.5587
2019,01,11,2,3.923264,266.9785
2019,01,11,3,3.200992,258.1556
2019,01,11,4,2.331178,241.2888
2019,01,11,5,2.01979,230.919
2019,01,11,6,2.03684,231.2378
2019,01,11,7,2.171444,235.678
2019,01,12,0,2.207983,236.5164
2019,01,12,1,2.259127,236.9754
2019,01,12,2,2.173624,234.237
2019,01,12,3,2.37618,240.2016
2019,01,12,4,2.681594,246.8714
2019,01,12,5,2.321804,239.8248
2019,01,12,6,2.328011,240.6298
2019,01,12,7,2.618268,247.861
2019,01,13,0,2.760224,250.1032
2019,01,13,1,2.921303,253.0105
2019,01,13,2,2.859095,252.0871
2019,01,13,3,2.705706,254.0954
2019,01,13,4,3.238684,257.7776
2019,01,13,5,3.410138,260.6813
2019,01,13,6,3.870479,264.7409
2019,01,13,7,4.038746,266.041
2019,01,14,0,4.282108,266.9371
2019,01,14,1,3.89953,264.833
2019,01,14,2,3.784451,265.744
2019,01,14,3,3.970696,267.2129
2019,01,14,4,3.829913,266.7669
2019,01,14,5,3.697463,265.9173
2019,01,14,6,4.346927,270.1182
2019,01,14,7,4.470917,270.6338
2019,01,15,0,3.860378,267.0599
2019,01,15,1,3.489605,264.6279
2019,01,15,2,3.559507,265.2608
2019,01,15,3,3.525213,264.6537
2019,01,15,4,3.350065,261.8941
2019,01,15,5,3.66062,264.029
2019,01,15,6,3.163836,258.3034
2019,01,15,7,3.327206,258.8236
2019,01,16,0,2.475031,242.4527
2019,01,16,1,1.984595,228.3853
2019,01,16,2,2.263343,237.6826
2019,01,16,3,1.769562,219.7774
2019,01,16,4,1.851313,223.465
2019,01,16,5,1.880745,225.2331
2019,01,16,6,1.99307,230.0962
2019,01,16,7,2.612908,247.917
2019,01,17,0,2.677559,249.0738
2019,01,17,1,3.063247,254.9372
2019,01,17,2,3.023268,255.7495
2019,01,17,3,2.898835,256.0529
2019,01,17,4,3.828165,265.2335
2019,01,17,5,3.771998,264.9079
2019,01,17,6,3.338411,260.2488
2019,01,17,7,3.211353,258.8735
2019,01,18,0,3.598261,262.3349
2019,01,18,1,3.694044,263.1049
2019,01,18,2,3.387211,261.1638
2019,01,18,3,3.294605,260.6929
2019,01,18,4,3.933005,266.4495
2019,01,18,5,4.37582,268.5847
2019,01,18,6,2.94588,257.3927
2019,01,18,7,3.371899,262.8356
2019,01,19,0,3.610657,267.4936
2019,01,19,1,4.144878,270.6991
2019,01,19,2,4.830214,274.8008
2019,01,19,3,4.243518,272.6366
2019,01,19,4,3.894664,269.0313
2019,01,19,5,3.036287,259.3435
2019,01,19,6,2.608419,251.8807
2019,01,19,7,2.284135,244.1134
2019,01,20,0,2.336253,243.9551
2019,01,20,1,2.551802,248.2117
2019,01,20,2,2.530601,247.299
2019,01,20,3,2.0661,234.0349
2019,01,20,4,2.057897,233.5056
2019,01,20,5,1.918413,229.0828
2019,01,20,6,1.952394,231.067
2019,01,20,7,2.261105,241.1607
2019,01,21,0,2.479645,245.9651
2019,01,21,1,2.271374,240.5129
2019,01,21,2,1.785238,223.8295
2019,01,21,3,1.822609,225.3039
2019,01,21,4,2.271092,241.0677
2019,01,21,5,2.910248,254.0447
2019,01,21,6,3.169238,258.2424
2019,01,21,7,2.908908,255.591
2019,01,22,0,3.066276,257.08
2019,01,22,1,2.693668,250.5804
2019,01,22,2,2.774755,252.0847
2019,01,22,3,2.762088,250.8612
2019,01,22,4,3.388252,258.9255
2019,01,22,5,2.645562,248.0038
2019,01,22,6,2.515282,245.1496
2019,01,22,7,2.294975,239.2275
2019,01,23,0,2.078031,232.6131
2019,01,23,1,2.969247,252.9018
2019,01,23,2,2.910856,251.9928
2019,01,23,3,2.595735,247.303
2019,01,23,4,2.900849,255.3759
2019,01,23,5,3.341901,261.9284
2019,01,23,6,4.021689,267.8221
2019,01,23,7,4.345649,270.9781
2019,01,24,0,3.73157,268.0614
2019,01,24,1,3.651553,267.2589
2019,01,24,2,3.222324,261.5086
2019,01,24,3,1.92509,230.1079
2019,01,24,4,2.355397,243.1036
2019,01,24,5,2.823213,253.3383
2019,01,24,6,2.741299,252.1437
2019,01,24,7,2.209896,240.2692
2019,01,25,0,2.375583,243.24
2019,01,25,1,2.626549,247.2235
2019,01,25,2,2.416938,241.9992
2019,01,25,3,1.958203,227.4623
2019,01,25,4,2.004414,229.0081
2019,01,25,5,2.085386,231.7989
2019,01,25,6,2.234483,236.1128
2019,01,25,7,2.053956,231.3889
2019,01,26,0,1.801924,220.9299
2019,01,26,1,2.143216,233.2559
2019,01,26,2,2.499591,244.1278
2019,01,26,3,2.633792,248.3848
2019,01,26,4,3.279006,258.8241
2019,01,26,5,3.14092,257.2693
2019,01,26,6,3.319747,260.5482
2019,01,26,7,3.372387,261.4304
2019,01,27,0,3.22833,259.3311
2019,01,27,1,3.231167,259.3007
2019,01,27,2,3.211247,259.2754
2019,01,27,3,2.765616,252.7962
2019,01,27,4,2.524188,246.8607
2019,01,27,5,2.582905,247.3299
2019,01,27,6,2.424363,244.7326
2019,01,27,7,2.341478,243.7711
2019,01,28,0,2.726178,250.8179
2019,01,28,1,2.666694,248.7636
2019,01,28,2,2.727525,250.8674
2019,01,28,3,2.898613,254.0213
2019,01,28,4,2.821111,252.5613
2019,01,28,5,2.933648,253.3297
2019,01,28,6,2.671545,248.5241
2019,01,28,7,2.523427,245.6556
2019,01,29,0,2.207361,237.1679
2019,01,29,1,2.461412,244.0876
2019,01,29,2,2.403803,242.8565
2019,01,29,3,2.606936,247.37
2019,01,29,4,2.933919,252.6555
2019,01,29,5,2.612935,245.9962
2019,01,29,6,2.372869,240.8677
2019,01,29,7,2.599912,245.9505
2019,01,30,0,2.457738,243.0905
2019,01,30,1,2.519355,244.3067
2019,01,30,2,2.489229,243.2099
2019,01,30,3,2.496749,243.1704
2019,01,30,4,2.547637,244.2733
2019,01,30,5,2.397735,240.1367
2019,01,30,6,2.356967,239.2832
2019,01,30,7,2.360701,240.0953
2019,01,31,0,2.334488,239.9791
2019,01,31,1,2.534221,245.2188
2019,01,31,2,2.412676,242.5659
2019,01,31,3,2.271719,238.8081
2019,01,31,4,2.581812,246.8987
2019,01,31,5,2.641109,247.9236
2019,01,31,6,2.764578,250.653
2019,01,31,7,3.087727,255.9767
2020,01,1,0,3.184055,258.4101
2020,01,1,1,2.329774,243.488
2020,01,1,2,2.304106,244.0517
2020,01,1,3,2.746832,254.7642
2020,01,1,4,2.798611,257.1552
2020,01,1,5,3.347894,264.5225
2020,01,1,6,3.73298,268.8432
2020,01,1,7,4.120144,271.9748
